
1	0	537	62	9.31	0.03
1	1	806	69	2.23	0.03
1	2	437	59	2.69	0.03
1	3	750	47	0	3.17
1	4	989	53	0	3.17
1	5	280	55	4.99	0.03
1	6	612	64	3.73	0.03
1	7	843	50	0.74	3.17
1	8	403	58	0	0.03
1	9	804	49	4.84	3.17
1	10	552	42	0.21	3.17
1	11	865	70	0	0.03
1	12	713	46	7.75	3.17
1	13	410	59	0	0.03
1	14	420	59	7.28	0.03
1	15	974	53	6.34	3.17
1	16	157	52	0	0.03
1	17	800	69	2.23	0.03
1	18	840	50	0	3.17
1	19	210	34	0	3.17
1	20	379	38	0	3.17
1	21	237	34	2.93	3.17
1	22	408	39	1.62	3.17
1	23	146	52	7	0.03
1	24	883	51	0.61	3.17
1	25	498	61	0	0.03
1	26	213	54	6.43	0.03
1	27	100	31	0	3.17
1	28	144	32	0	3.17
1	29	342	57	0	0.03
2	0	548	62	11.33	0.03
2	1	807	69	1	0.03
2	2	449	60	12.47	0.03
2	3	750	47	0	3.17
2	4	985	53	3.3	3.17
2	5	295	56	14.81	0.03
2	6	617	64	5.37	0.03
2	7	843	50	0	3.17
2	8	403	58	0	0.03
2	9	800	49	3.62	3.17
2	10	544	42	7.31	3.17
2	11	865	70	0	0.03
2	12	697	46	15.66	3.17
2	13	411	59	0.82	0.03
2	14	425	59	4.42	0.03
2	15	972	53	2.1	3.17
2	16	161	52	4.84	0.03
2	17	801	69	1	0.03
2	18	834	49	5.69	3.17
2	19	210	34	0	3.17
2	20	379	38	0	3.17
2	21	228	34	8.97	3.17
2	22	397	38	11.17	3.17
2	23	149	52	3.09	0.03
2	24	876	50	7.37	3.17
2	25	503	61	4.63	0.03
2	26	213	54	0	0.03
2	27	100	31	0	3.17
2	28	144	32	0	3.17
2	29	345	57	2.86	0.03
3	0	566	63	17.66	0.03
3	1	814	69	7.89	0.03
3	2	463	60	14.01	0.03
3	3	747	47	3.27	3.17
3	4	985	53	0	3.17
3	5	308	56	12.97	0.03
3	6	627	64	9.26	0.03
3	7	840	50	3.96	3.17
3	8	403	58	0	0.03
3	9	793	48	7.19	3.17
3	10	530	42	14.02	3.17
3	11	871	70	6.22	0.03
3	12	679	45	17.94	3.17
3	13	419	59	7.93	0.03
3	14	433	59	7.94	0.03
3	15	972	53	0	3.17
3	16	167	52	5.7	0.03
3	17	802	69	0.67	0.03
3	18	827	49	7.01	3.17
3	19	209	34	0.95	3.17
3	20	375	38	4.27	3.17
3	21	227	34	0.95	3.17
3	22	395	38	1.48	3.17
3	23	154	52	5.31	0.03
3	24	871	50	5.06	3.17
3	25	514	61	11.03	0.03
3	26	213	54	0	0.03
3	27	97	31	2.99	3.17
3	28	137	32	6.99	3.17
3	29	345	57	0	0.03
4	0	589	63	23.62	0.03
4	1	827	69	13.06	0.03
4	2	479	60	15.76	0.03
4	3	740	47	6.69	3.17
4	4	981	53	3.9	3.17
4	5	330	57	21.81	0.03
4	6	634	64	7.78	0.03
4	7	835	49	5	3.17
4	8	407	59	4.23	0.03
4	9	780	48	13.15	3.17
4	10	507	41	23.78	3.17
4	11	875	70	3.51	0.03
4	12	666	45	13.08	3.17
4	13	424	59	5.16	0.03
4	14	439	59	6.32	0.03
4	15	963	53	8.62	3.17
4	16	172	53	5.19	0.03
4	17	802	69	0	0.03
4	18	824	49	3.68	3.17
4	19	209	34	0	3.17
4	20	362	37	13.16	3.17
4	21	224	34	3.57	3.17
4	22	391	38	3.95	3.17
4	23	159	52	5.19	0.03
4	24	857	50	13.9	3.17
4	25	534	62	19.93	0.03
4	26	217	54	4.67	0.03
4	27	97	31	0	3.17
4	28	127	31	9.81	3.17
4	29	354	57	9.5	0.03
5	0	618	64	29.24	0.03
5	1	847	70	19.25	0.03
5	2	486	61	7.1	0.03
5	3	724	47	16.09	3.17
5	4	981	53	0	3.17
5	5	342	57	12.32	0.03
5	6	650	65	15.63	0.03
5	7	826	49	8.44	3.17
5	8	418	59	11.01	0.03
5	9	758	47	21.7	3.17
5	10	482	40	24.24	3.17
5	11	886	71	11.55	0.03
5	12	643	45	22.69	3.17
5	13	437	59	13.52	0.03
5	14	454	60	15.07	0.03
5	15	954	52	9.59	3.17
5	16	177	53	5.02	0.03
5	17	806	69	4.1	0.03
5	18	815	49	8.44	3.17
5	19	203	33	6.5	3.17
5	20	355	37	7.01	3.17
5	21	217	34	6.59	3.17
5	22	379	38	12.79	3.17
5	23	164	52	5.02	0.03
5	24	848	50	8.6	3.17
5	25	549	62	14.97	0.03
5	26	217	54	0	0.03
5	27	97	31	0	3.17
5	28	127	31	0	3.17
5	29	370	58	15.27	0.03
6	0	642	65	23.45	0.03
6	1	875	70	28.44	0.03
6	2	494	61	7.61	0.03
6	3	707	46	16.48	3.17
6	4	981	53	0	3.17
6	5	357	57	15.27	0.03
6	6	673	65	23.19	0.03
6	7	818	49	7.72	3.17
6	8	432	59	14.33	0.03
6	9	746	47	12.34	3.17
6	10	467	40	15.43	3.17
6	11	906	71	20.13	0.03
6	12	611	44	31.9	3.17
6	13	448	60	10.67	0.03
6	14	465	60	10.67	0.03
6	15	941	52	12.36	3.17
6	16	186	53	8.67	0.03
6	17	813	69	7.15	0.03
6	18	807	49	7.72	3.17
6	19	187	33	15.26	3.17
6	20	355	37	0	3.17
6	21	204	33	12.95	3.17
6	22	379	38	0	3.17
6	23	164	52	0	0.03
6	24	834	49	14.36	3.17
6	25	556	62	7.29	0.03
6	26	217	54	0	0.03
6	27	97	31	0	3.17
6	28	118	31	9.67	3.17
6	29	394	58	24.53	0.03
7	0	667	65	24.89	0.03
7	1	900	71	25.05	0.03
7	2	497	61	3.12	0.03
7	3	687	46	20.21	3.17
7	4	980	53	1.11	3.17
7	5	372	58	14.8	0.03
7	6	704	66	30.31	0.03
7	7	813	49	5.45	3.17
7	8	437	59	4.57	0.03
7	9	725	47	21.16	3.17
7	10	446	40	20.95	3.17
7	11	931	72	25.05	0.03
7	12	578	43	33	3.17
7	13	452	60	4.24	0.03
7	14	474	60	9.04	0.03
7	15	930	52	10.98	3.17
7	16	198	53	12.42	0.03
7	17	823	69	9.99	0.03
7	18	801	49	6.63	3.17
7	19	174	33	12.86	3.17
7	20	355	37	0	3.17
7	21	191	33	12.86	3.17
7	22	379	38	0	3.17
7	23	164	52	0	0.03
7	24	828	49	5.45	3.17
7	25	570	63	13.71	0.03
7	26	219	54	1.51	0.03
7	27	89	31	7.84	3.17
7	28	110	31	7.84	3.17
7	29	399	58	4.57	0.03
8	0	696	66	29.6	0.03
8	1	927	72	26.7	0.03
8	2	497	61	0	0.03
8	3	661	45	26.31	3.17
8	4	971	53	8.74	3.17
8	5	372	58	0	0.03
8	6	728	67	24.49	0.03
8	7	802	49	10.51	3.17
8	8	444	60	7.57	0.03
8	9	705	46	19.32	3.17
8	10	416	39	29.96	3.17
8	11	957	73	25.27	0.03
8	12	545	42	33	3.17
8	13	460	60	7.57	0.03
8	14	474	60	0	0.03
8	15	912	51	18.47	3.17
8	16	204	53	5.43	0.03
8	17	829	69	5.52	0.03
8	18	789	48	11.78	3.17
8	19	171	33	3.63	3.17
8	20	355	37	0	3.17
8	21	188	33	3.63	3.17
8	22	376	38	2.43	3.17
8	23	174	53	9.61	0.03
8	24	821	49	7.16	3.17
8	25	576	63	6.35	0.03
8	26	224	54	5.43	0.03
8	27	89	31	0	3.17
8	28	110	31	0	3.17
8	29	399	58	0	0.03
9	0	720	67	23.78	0.03
9	1	956	73	28.65	0.03
9	2	497	61	0.04	0.03
9	3	634	44	26.43	3.17
9	4	971	53	0	3.17
9	5	373	58	0.57	0.03
9	6	759	68	30.8	0.03
9	7	790	48	12.26	3.17
9	8	446	60	1.74	0.03
9	9	688	46	17.23	3.17
9	10	408	39	8.01	3.17
9	11	985	73	28.65	0.03
9	12	514	41	31.29	3.17
9	13	462	60	1.74	0.03
9	14	476	60	1.74	0.03
9	15	887	51	25.34	3.17
9	16	205	53	0.82	0.03
9	17	841	70	11.84	0.03
9	18	768	48	20.95	3.17
9	19	171	33	0	3.17
9	20	355	37	0	3.17
9	21	188	33	0	3.17
9	22	368	38	8.01	3.17
9	23	175	53	0.82	0.03
9	24	809	49	11.91	3.17
9	25	589	63	12.89	0.03
9	26	225	54	0.82	0.03
9	27	80	30	9.13	3.17
9	28	106	31	3.51	3.17
9	29	405	59	6.16	0.03
10	0	752	67	31.72	0.03
10	1	976	73	20.59	0.03
10	2	502	61	4.58	0.03
10	3	601	44	33	3.17
10	4	966	53	5.94	3.17
10	5	374	58	1.37	0.03
10	6	786	68	27.65	0.03
10	7	788	48	2.45	3.17
10	8	456	60	9.81	0.03
10	9	668	45	20.64	3.17
10	10	390	38	17.83	3.17
10	11	995	74	20.59	0.03
10	12	481	40	33	3.17
10	13	468	60	6.54	0.03
10	14	476	60	0	0.03
10	15	870	50	16.8	3.17
10	16	215	54	9.95	0.03
10	17	862	70	20.79	0.03
10	18	747	47	21.15	3.17
10	19	165	32	5.74	3.17
10	20	355	37	0	3.17
10	21	188	33	0.17	3.17
10	22	368	38	0	3.17
10	23	175	53	0	0.03
10	24	801	49	8.17	3.17
10	25	608	64	19.1	0.03
10	26	236	54	10.34	0.03
10	27	73	30	6.89	3.17
10	28	100	31	6.3	3.17
10	29	418	59	13.57	0.03
11	0	781	68	29.09	0.03
11	1	995	74	25.02	0.03
11	2	502	61	0	0.03
11	3	576	43	25.68	3.17
11	4	963	53	2.03	3.17
11	5	374	58	0	0.03
11	6	816	69	29.09	0.03
11	7	788	48	0	3.17
11	8	458	60	2	0.03
11	9	642	45	25.37	3.17
11	10	390	38	0	3.17
11	11	995	74	25.02	4.74
11	12	448	40	33	3.17
11	13	470	60	2	0.03
11	14	478	60	2	0.03
11	15	844	50	26.09	3.17
11	16	229	54	14.85	0.03
11	17	891	71	29.82	0.03
11	18	734	47	13.04	3.17
11	19	156	32	8.85	3.17
11	20	355	37	0	3.17
11	21	182	33	6.01	3.17
11	22	368	38	0	3.17
11	23	175	53	0	0.03
11	24	801	49	0	3.17
11	25	637	64	28.46	0.03
11	26	251	55	15.13	0.03
11	27	57	30	16.46	3.17
11	28	84	30	15.78	3.17
11	29	420	59	2	0.03
12	0	805	69	24.42	0.03
12	1	995	74	33	4.74
12	2	511	61	8.85	0.03
12	3	543	42	33	3.17
12	4	952	52	11.58	3.17
12	5	376	58	1.51	0.03
12	6	849	70	33	0.03
12	7	786	48	1.9	3.17
12	8	458	60	0.15	0.03
12	9	609	44	33	3.17
12	10	383	38	7.63	3.17
12	11	995	54	31.66	4.74
12	12	441	39	7.63	3.17
12	13	470	60	0.15	0.03
12	14	478	60	0.15	0.03
12	15	836	49	7.66	3.17
12	16	246	54	16.15	0.03
12	17	924	72	33	0.03
12	18	725	47	8.8	3.17
12	19	149	32	7.01	3.17
12	20	355	37	0	3.17
12	21	177	33	4.66	3.17
12	22	367	38	1.72	3.17
12	23	175	53	0	0.03
12	24	794	48	7.66	3.17
12	25	664	65	27.46	0.03
12	26	269	55	18.29	0.03
12	27	50	30	19.49	3.17
12	28	76	30	8.63	3.17
12	29	420	59	0	0.03
13	0	824	69	18.65	0.03
13	1	995	54	33	4.74
13	2	511	61	0	0.03
13	3	510	41	33	3.17
13	4	936	52	16.11	3.17
13	5	379	58	3.4	0.03
13	6	882	71	33	0.03
13	7	778	48	7.52	3.17
13	8	458	60	0	0.03
13	9	576	43	33	3.17
13	10	382	38	0.52	3.17
13	11	995	54	33	3.17
13	12	426	39	14.27	3.17
13	13	470	60	0	0.03
13	14	478	60	0	0.03
13	15	820	49	15.62	3.17
13	16	260	55	14.7	0.03
13	17	957	73	33	0.03
13	18	717	46	7.69	3.17
13	19	147	32	2.64	3.17
13	20	348	37	7.18	3.17
13	21	173	33	3.98	3.17
13	22	367	38	0	3.17
13	23	182	53	7.08	0.03
13	24	786	48	7.52	3.17
13	25	688	66	24.17	0.03
13	26	293	56	23.57	0.03
13	27	50	50	21.51	1.6
13	28	64	30	11.5	3.17
13	29	422	59	1.96	0.03
14	0	843	70	19.4	0.03
14	1	995	54	33	3.17
14	2	515	61	4.9	0.03
14	3	477	40	33	3.17
14	4	911	51	25.05	3.17
14	5	385	58	6.39	0.03
14	6	913	71	31.85	0.03
14	7	778	48	0	3.17
14	8	458	60	0	0.03
14	9	543	42	33	3.17
14	10	379	38	2.81	3.17
14	11	962	53	33	3.17
14	12	419	39	6.86	3.17
14	13	470	60	0	0.03
14	14	478	60	0	0.03
14	15	820	49	0	3.17
14	16	272	55	11.96	0.03
14	17	990	73	33	0.03
14	18	705	46	12.59	3.17
14	19	141	32	5.46	3.17
14	20	334	37	13.51	3.17
14	21	173	33	0	3.17
14	22	364	37	2.34	3.17
14	23	195	53	13.63	0.03
14	24	786	48	0	3.17
14	25	713	66	25.21	0.03
14	26	324	56	31.45	0.03
14	27	50	50	27.99	0.03
14	28	50	30	20.19	3.17
14	29	427	59	4.41	0.03
15	0	866	70	22.5	0.03
15	1	966	53	29.39	3.17
15	2	528	62	12.22	0.03
15	3	469	40	7.78	3.17
15	4	878	51	32.94	3.17
15	5	400	58	14.86	0.03
15	6	937	72	23.33	0.03
15	7	778	48	0	3.17
15	8	459	60	0.4	0.03
15	9	510	41	33	3.17
15	10	379	38	0	3.17
15	11	933	52	29.39	3.17
15	12	412	39	7.78	3.17
15	13	473	60	2.3	0.03
15	14	478	60	0	0.03
15	15	820	49	0	3.17
15	16	275	55	2.4	0.03
15	17	995	74	32.61	0.03
15	18	690	46	15.14	3.17
15	19	127	31	13.83	3.17
15	20	316	36	18.03	3.17
15	21	172	33	0.51	3.17
15	22	364	37	0	3.17
15	23	219	54	23.52	0.03
15	24	786	48	0	3.17
15	25	746	67	32.51	0.03
15	26	357	57	33	0.03
15	27	71	50	21.82	0.03
15	28	50	50	28.3	1.6
15	29	434	59	7.27	0.03
16	0	898	71	32.07	0.03
16	1	966	53	0	3.17
16	2	548	62	19.96	0.03
16	3	452	40	16.81	3.17
16	4	878	51	0	3.17
16	5	405	59	5.19	0.03
16	6	959	73	22.72	0.03
16	7	770	48	8.67	3.17
16	8	460	60	1.18	0.03
16	9	493	41	16.81	3.17
16	10	379	38	0	3.17
16	11	933	52	0	3.17
16	12	400	38	11.61	3.17
16	13	473	60	0	0.03
16	14	487	61	8.98	0.03
16	15	820	49	0	3.17
16	16	281	55	6.19	0.03
16	17	995	74	31.29	4.74
16	18	669	45	21.05	3.17
16	19	107	31	20.19	3.17
16	20	291	36	25.8	3.17
16	21	165	32	7.7	3.17
16	22	364	37	0	3.17
16	23	236	54	17.17	0.03
16	24	786	48	0	3.17
16	25	778	68	32.53	0.03
16	26	362	57	5.19	0.03
16	27	93	51	21.86	0.03
16	28	50	50	26.1	0.03
16	29	439	59	5.19	0.03
17	0	923	72	24.87	0.03
17	1	961	53	4.62	3.17
17	2	572	63	24.3	0.03
17	3	435	39	17.34	3.17
17	4	878	51	0	3.17
17	5	405	59	0	0.03
17	6	980	73	20.47	0.03
17	7	769	48	0.79	3.17
17	8	463	60	3.11	0.03
17	9	474	40	19.22	3.17
17	10	378	38	1.74	3.17
17	11	926	52	7.02	3.17
17	12	398	38	1.74	3.17
17	13	475	60	2.33	0.03
17	14	499	61	12.25	0.03
17	15	820	49	0	3.17
17	16	293	56	12.58	0.03
17	17	995	54	32.8	4.74
17	18	652	45	17.02	3.17
17	19	83	30	24.24	3.17
17	20	270	35	20.92	3.17
17	21	152	32	12.55	3.17
17	22	364	37	0	3.17
17	23	255	55	19.33	0.03
17	24	780	48	5.74	3.17
17	25	811	69	32.32	0.03
17	26	367	58	5.1	0.03
17	27	119	51	26.12	0.03
17	28	77	50	27.1	0.03
17	29	446	60	6.54	0.03
18	0	956	73	33	0.03
18	1	954	52	7.35	3.17
18	2	603	64	31.14	0.03
18	3	425	39	9.86	3.17
18	4	873	50	4.61	3.17
18	5	415	59	9.79	0.03
18	6	995	74	20.66	0.03
18	7	767	48	2.26	3.17
18	8	463	60	0	0.03
18	9	454	40	20.46	3.17
18	10	370	38	7.29	3.17
18	11	921	52	4.79	3.17
18	12	388	38	9.86	3.17
18	13	475	60	0.13	0.03
18	14	514	61	15.6	0.03
18	15	820	49	0	3.17
18	16	304	56	10.75	0.03
18	17	995	54	33	3.17
18	18	631	44	21.01	3.17
18	19	52	30	30.46	3.17
18	20	246	34	23.95	3.17
18	21	133	32	19.27	3.17
18	22	360	37	3.94	3.17
18	23	266	55	10.75	0.03
18	24	778	48	2.26	3.17
18	25	843	70	32.26	0.03
18	26	375	58	7.72	0.03
18	27	140	52	20.31	0.03
18	28	105	51	27.93	0.03
18	29	446	60	0.74	0.03
19	0	985	73	29.38	0.03
19	1	946	52	8.12	3.17
19	2	636	64	33	0.03
19	3	407	39	17.45	3.17
19	4	873	50	0.01	3.17
19	5	418	59	3.02	0.03
19	6	995	74	30.06	4.74
19	7	761	48	5.27	3.17
19	8	463	60	0	0.03
19	9	436	39	17.45	3.17
19	10	361	37	9.12	3.17
19	11	921	52	0	3.17
19	12	379	38	9.12	3.17
19	13	484	61	9.28	0.03
19	14	535	62	20.28	0.03
19	15	811	49	9.66	3.17
19	16	315	56	11.15	0.03
19	17	987	53	8.12	3.17
19	18	609	44	21.89	3.17
19	19	50	30	30.58	3.17
19	20	214	34	31.45	3.17
19	21	122	31	11.04	3.17
19	22	351	37	9.12	3.17
19	23	277	55	11.28	0.03
19	24	771	48	7.15	3.17
19	25	876	70	33	0.03
19	26	384	58	9.51	0.03
19	27	159	52	19.18	0.03
19	28	124	51	19.18	0.03
19	29	450	60	3.02	0.03
20	0	995	74	20.15	0.03
20	1	933	52	12.91	3.17
20	2	669	65	33	0.03
20	3	407	39	0.22	3.17
20	4	864	50	9.63	3.17
20	5	426	59	7.48	0.03
20	6	995	54	33	4.74
20	7	747	47	14.59	3.17
20	8	463	60	0	0.03
20	9	436	39	0.22	3.17
20	10	361	37	0.22	3.17
20	11	919	52	1.41	3.17
20	12	379	38	0.22	3.17
20	13	496	61	11.93	0.03
20	14	563	63	28.32	0.03
20	15	811	49	0	3.17
20	16	335	57	20	0.03
20	17	979	53	7.92	3.17
20	18	581	43	27.9	3.17
20	19	50	50	23.68	1.6
20	20	190	33	23.79	3.17
20	21	119	31	3.33	3.17
20	22	351	37	0.22	3.17
20	23	291	56	13.44	0.03
20	24	756	47	14.59	3.17
20	25	909	71	33	0.03
20	26	401	58	16.06	0.03
20	27	183	53	23.79	0.03
20	28	151	52	26.98	0.03
20	29	450	60	0	0.03
21	0	995	74	21.15	4.74
21	1	930	52	2.94	3.17
21	2	697	66	27.66	0.03
21	3	407	39	0.1	3.17
21	4	848	50	15.63	3.17
21	5	437	59	11.8	0.03
21	6	995	54	33	3.17
21	7	734	47	12.44	3.17
21	8	464	60	1.1	0.03
21	9	436	39	0	3.17
21	10	356	37	4.64	3.17
21	11	916	52	2.94	3.17
21	12	379	38	0	3.17
21	13	512	61	15.56	0.03
21	14	582	63	19.1	0.03
21	15	807	49	4.19	3.17
21	16	358	57	22.63	0.03
21	17	967	53	12.27	3.17
21	18	548	42	33	3.17
21	19	50	50	32.85	0.03
21	20	167	32	23.65	3.17
21	21	111	31	8.02	3.17
21	22	349	37	1.66	3.17
21	23	303	56	12.47	0.03
21	24	744	47	12.44	3.17
21	25	942	72	33	0.03
21	26	412	59	11.8	0.03
21	27	209	54	26.38	0.03
21	28	177	53	26.38	0.03
21	29	451	60	1.1	0.03
22	0	995	54	25.28	4.74
22	1	925	52	4.56	3.17
22	2	727	67	30	0.03
22	3	407	39	0	3.17
22	4	828	49	20.31	3.17
22	5	437	59	0	0.03
22	6	988	53	7.16	3.17
22	7	731	47	3.51	3.17
22	8	468	60	3.67	0.03
22	9	435	39	1.01	3.17
22	10	356	37	0.58	3.17
22	11	905	51	11.3	3.17
22	12	379	38	0	3.17
22	13	527	62	15.55	0.03
22	14	610	64	27.71	0.03
22	15	795	48	11.4	3.17
22	16	358	57	0	0.03
22	17	960	53	7.16	3.17
22	18	518	41	30.02	3.17
22	19	82	50	33	0.03
22	20	139	32	28.15	3.17
22	21	95	31	15.12	3.17
22	22	349	37	0	3.17
22	23	317	56	13.36	0.03
22	24	740	47	3.51	3.17
22	25	975	73	33	0.03
22	26	412	59	0	0.03
22	27	238	54	28.69	0.03
22	28	201	53	23.9	0.03
22	29	451	60	0	0.03
23	0	995	54	20.61	3.17
23	1	919	52	6.26	3.17
23	2	760	68	33	0.03
23	3	406	39	1.55	3.17
23	4	818	49	9.58	3.17
23	5	437	59	0	0.03
23	6	981	53	6.71	3.17
23	7	731	47	0	3.17
23	8	472	60	4.27	0.03
23	9	435	39	0	3.17
23	10	356	37	0	3.17
23	11	885	51	20.14	3.17
23	12	373	38	6.1	3.17
23	13	548	62	20.57	0.03
23	14	640	65	30.36	0.03
23	15	786	48	9.58	3.17
23	16	368	58	9.84	0.03
23	17	947	52	12.89	3.17
23	18	491	41	26.44	3.17
23	19	115	51	33	0.03
23	20	120	31	18.26	3.17
23	21	74	30	21.73	3.17
23	22	349	37	0	3.17
23	23	324	56	7.27	0.03
23	24	740	47	0	3.17
23	25	995	74	31.55	0.03
23	26	418	59	5.56	0.03
23	27	271	55	33	0.03
23	28	215	54	14.14	0.03
23	29	451	60	0	0.03
24	0	986	53	8.67	3.17
24	1	919	52	0	3.17
24	2	793	68	33	0.03
24	3	402	38	3.22	3.17
24	4	801	49	17.02	3.17
24	5	437	59	0	0.03
24	6	972	53	8.67	3.17
24	7	727	47	3.91	3.17
24	8	472	60	0	0.03
24	9	430	39	5.59	3.17
24	10	347	37	8.56	3.17
24	11	862	50	22.65	3.17
24	12	373	38	0	3.17
24	13	563	63	14.87	0.03
24	14	662	65	21.34	0.03
24	15	767	48	18.99	3.17
24	16	374	58	6.34	0.03
24	17	947	52	0	3.17
24	18	467	40	24.56	3.17
24	19	148	52	33	0.03
24	20	97	31	23.83	3.17
24	21	60	30	14.15	3.17
24	22	341	37	8.56	3.17
24	23	332	57	7.97	0.03
24	24	740	47	0	3.17
24	25	995	74	27.36	4.74
24	26	420	59	2.53	0.03
24	27	279	55	7.97	0.03
24	28	236	54	21.28	0.03
24	29	460	60	9.66	0.03
25	0	983	53	3.12	3.17
25	1	919	52	0	3.17
25	2	826	69	33	0.03
25	3	402	38	0	3.17
25	4	801	49	0	3.17
25	5	438	59	0.38	0.03
25	6	958	53	14.39	3.17
25	7	727	47	0	3.17
25	8	479	60	7.07	0.03
25	9	421	39	8.09	3.17
25	10	344	37	3.12	3.17
25	11	847	50	15.54	3.17
25	12	368	38	4.51	3.17
25	13	582	63	19.51	0.03
25	14	693	66	31.09	0.03
25	15	767	48	0	3.17
25	16	385	58	11.07	0.03
25	17	938	52	8.74	3.17
25	18	459	40	8.09	3.17
25	19	181	53	33	0.03
25	20	81	30	15.4	3.17
25	21	50	30	15.4	3.17
25	22	338	37	3.12	3.17
25	23	338	57	6.34	0.03
25	24	740	47	0	3.17
25	25	995	54	29.79	4.74
25	26	421	59	0.38	0.03
25	27	294	56	15.96	0.03
25	28	252	55	15.57	0.03
25	29	467	60	7.07	0.03
26	0	979	53	4	3.17
26	1	919	52	0	3.17
26	2	857	70	31.21	0.03
26	3	401	38	1.04	3.17
26	4	797	48	3.74	3.17
26	5	446	60	8.32	0.03
26	6	958	53	0	3.17
26	7	726	47	0.81	3.17
26	8	481	60	1.92	0.03
26	9	412	39	9.26	3.17
26	10	344	37	0	3.17
26	11	837	49	9.93	3.17
26	12	356	37	12.12	3.17
26	13	611	64	28.98	0.03
26	14	726	67	33	0.03
26	15	763	48	4.08	3.17
26	16	400	58	14.49	0.03
26	17	938	52	0	3.17
26	18	445	40	13.52	3.17
26	19	214	54	33	0.03
26	20	66	30	14.81	3.17
26	21	50	45	15.83	1.6
26	22	338	37	0	3.17
26	23	350	57	11.75	0.03
26	24	740	47	0	3.17
26	25	995	54	33	3.17
26	26	428	59	7.37	0.03
26	27	317	56	22.66	0.03
26	28	264	55	12.31	0.03
26	29	467	60	0	0.03
27	0	979	53	0	3.17
27	1	919	52	0	3.17
27	2	890	71	33	0.03
27	3	401	38	0	3.17
27	4	794	48	3.25	3.17
27	5	448	60	1.59	0.03
27	6	954	52	4.47	3.17
27	7	726	47	0	3.17
27	8	489	61	8.6	0.03
27	9	412	39	0	3.17
27	10	344	37	0	3.17
27	11	826	49	10.56	3.17
27	12	356	37	0	3.17
27	13	644	65	33	0.03
27	14	759	68	33	0.03
27	15	757	47	5.98	3.17
27	16	401	58	1.59	0.03
27	17	938	52	0	3.17
27	18	445	40	0	3.17
27	19	247	55	33	0.03
27	20	50	30	19.16	3.17
27	21	50	50	11.38	1.6
27	22	330	37	7.56	3.17
27	23	361	57	11.27	0.03
27	24	734	47	6.03	3.17
27	25	995	54	0	3.17
27	26	430	59	1.59	0.03
27	27	328	57	11.27	0.03
27	28	285	55	20.44	0.03
27	29	469	60	1.59	0.03
28	0	979	53	0	3.17
28	1	911	51	8.23	3.17
28	2	915	71	25.21	0.03
28	3	401	38	0	3.17
28	4	783	48	10.81	3.17
28	5	455	60	7.28	0.03
28	6	950	52	3.43	3.17
28	7	726	47	0	3.17
28	8	506	61	16.68	0.03
28	9	411	39	1.13	3.17
28	10	342	37	1.52	3.17
28	11	810	49	16.38	3.17
28	12	355	37	1.52	3.17
28	13	670	65	25.33	0.03
28	14	792	68	33	0.03
28	15	753	47	3.96	3.17
28	16	410	59	8.82	0.03
28	17	930	52	8.29	3.17
28	18	439	39	5.88	3.17
28	19	261	55	13.94	0.03
28	20	50	36	6.23	1.6
28	21	50	50	6.23	0.03
28	22	314	36	15.62	3.17
28	23	380	58	18.83	0.03
28	24	734	47	0.37	3.17
28	25	990	53	4.61	3.17
28	26	439	59	8.9	0.03
28	27	331	57	2.35	0.03
28	28	299	56	13.94	0.03
28	29	469	60	0	0.03
29	0	979	53	0	3.17
29	1	911	51	0	3.17
29	2	937	72	21.95	0.03
29	3	395	38	6.1	3.17
29	4	783	48	0	3.17
29	5	463	60	7.56	0.03
29	6	950	52	0	3.17
29	7	721	47	4.85	3.17
29	8	527	62	21.11	0.03
29	9	411	39	0	3.17
29	10	338	37	4.61	3.17
29	11	810	49	0	3.17
29	12	352	37	2.64	3.17
29	13	701	66	31.49	0.03
29	14	823	69	31.67	0.03
29	15	753	47	0	3.17
29	16	422	59	11.56	0.03
29	17	930	52	0	3.17
29	18	428	39	11.83	3.17
29	19	266	55	4.68	0.03
29	20	50	49	13.61	1.6
29	21	65	50	15.18	0.03
29	22	291	36	22.98	3.17
29	23	392	58	11.56	0.03
29	24	734	47	0	3.17
29	25	990	53	0	3.17
29	26	446	60	7.56	0.03
29	27	332	57	1.38	0.03
29	28	315	56	16.38	0.03
29	29	476	60	6.92	0.03
30	0	971	53	8.6	3.17
30	1	909	51	1.6	3.17
30	2	959	73	22.08	0.03
30	3	386	38	8.91	3.17
30	4	783	48	0	3.17
30	5	467	60	4.54	0.03
30	6	950	52	0	3.17
30	7	713	46	8.22	3.17
30	8	552	62	25.18	0.03
30	9	405	39	5.88	3.17
30	10	336	37	1.61	3.17
30	11	810	49	0	3.17
30	12	344	37	7.71	3.17
30	13	734	67	33	0.03
30	14	856	70	33	0.03
30	15	745	47	7.48	3.17
30	16	433	59	11.6	0.03
30	17	930	52	0	3.17
30	18	426	39	2.01	3.17
30	19	269	55	3.01	0.03
30	20	50	50	7.66	1.6
30	21	75	50	10.13	0.03
30	22	263	35	28.56	3.17
30	23	403	58	11.6	0.03
30	24	733	47	1.14	3.17
30	25	990	53	0	3.17
30	26	447	60	0.47	0.03
30	27	338	57	5.38	0.03
30	28	320	56	5.38	0.03
30	29	476	60	0	0.03
31	0	967	53	3.72	3.17
31	1	903	51	6.07	3.17
31	2	990	73	30.92	0.03
31	3	377	38	9.83	3.17
31	4	781	48	2.17	3.17
31	5	474	60	6.61	0.03
31	6	946	52	3.72	3.17
31	7	713	46	0	3.17
31	8	584	63	31.15	0.03
31	9	397	38	7.97	3.17
31	10	332	37	3.97	3.17
31	11	808	49	1.52	3.17
31	12	340	37	3.97	3.17
31	13	767	68	33	0.03
31	14	889	71	33	0.03
31	15	737	47	8.4	3.17
31	16	438	59	5.15	0.03
31	17	930	52	0	3.17
31	18	417	39	8.99	3.17
31	19	269	55	0	0.03
31	20	50	50	6.93	0.03
31	21	83	50	8.2	0.03
31	22	232	34	31.01	3.17
31	23	416	59	12.79	0.03
31	24	724	47	8.4	3.17
31	25	990	53	0	3.17
31	26	452	60	5.15	0.03
31	27	353	57	15.14	0.03
31	28	328	57	8.01	0.03
31	29	481	60	4.88	0.03
32	0	965	53	1.71	3.17
32	1	894	51	8.81	3.17
32	2	995	74	29.35	0.03
32	3	369	38	7.81	3.17
32	4	781	48	0	3.17
32	5	485	61	11.32	0.03
32	6	946	52	0	3.17
32	7	705	46	7.6	3.17
32	8	617	64	33	0.03
32	9	386	38	11.03	3.17
32	10	323	36	9.2	3.17
32	11	808	49	0	3.17
32	12	339	37	1.61	3.17
32	13	800	69	33	0.03
32	14	922	72	33	0.03
32	15	729	47	7.6	3.17
32	16	446	60	7.56	0.03
32	17	921	52	8.71	3.17
32	18	413	39	3.54	3.17
32	19	279	55	9.83	0.03
32	20	60	50	10.22	0.03
32	21	86	50	3.2	0.03
32	22	199	33	33	3.17
32	23	423	59	7.56	0.03
32	24	717	46	7.6	3.17
32	25	989	53	1.28	3.17
32	26	460	60	8.09	0.03
32	27	367	58	14.64	0.03
32	28	340	57	11.26	0.03
32	29	492	61	11.32	0.03
33	0	957	53	8.02	3.17
33	1	893	51	1.3	3.17
33	2	995	74	30.31	4.74
33	3	361	37	8.03	3.17
33	4	774	48	7.3	3.17
33	5	500	61	15.1	0.03
33	6	945	52	1.66	3.17
33	7	688	46	17.16	3.17
33	8	642	65	25.2	0.03
33	9	375	38	10.85	3.17
33	10	322	36	1.01	3.17
33	11	804	49	4.02	3.17
33	12	334	37	4.42	3.17
33	13	833	69	33	0.03
33	14	955	73	33	0.03
33	15	727	47	2.45	3.17
33	16	455	60	9.23	0.03
33	17	917	52	3.47	3.17
33	18	403	38	9.57	3.17
33	19	282	55	2.72	0.03
33	20	73	50	13.4	0.03
33	21	88	50	2.13	0.03
33	22	170	33	29.04	3.17
33	23	423	59	0	0.03
33	24	707	46	10.08	3.17
33	25	989	53	0	3.17
33	26	478	60	18.08	0.03
33	27	390	58	22.31	0.03
33	28	351	57	11.58	0.03
33	29	511	61	18.96	0.03
34	0	957	53	0	3.17
34	1	885	51	7.51	3.17
34	2	995	54	31.39	4.74
34	3	361	37	0.06	3.17
34	4	763	48	10.66	3.17
34	5	514	61	14.08	0.03
34	6	945	52	0	3.17
34	7	681	46	7.72	3.17
34	8	663	65	21.51	0.03
34	9	375	38	0.06	3.17
34	10	316	36	6.42	3.17
34	11	799	49	5.02	3.17
34	12	334	37	0.06	3.17
34	13	866	70	33	0.03
34	14	980	73	25.11	0.03
34	15	727	47	0	3.17
34	16	461	60	5.56	0.03
34	17	912	51	5.85	3.17
34	18	397	38	6.14	3.17
34	19	294	56	11.95	0.03
34	20	80	50	6.77	0.03
34	21	95	51	6.77	0.03
34	22	138	32	31.54	3.17
34	23	432	59	8.26	0.03
34	24	699	46	7.72	3.17
34	25	988	53	1.55	3.17
34	26	492	61	14.08	0.03
34	27	398	58	8.26	0.03
34	28	355	57	3.83	0.03
34	29	533	62	22.19	0.03
35	0	955	52	2.69	3.17
35	1	876	50	9.75	3.17
35	2	995	54	33	3.17
35	3	359	37	1.46	3.17
35	4	751	47	11.8	3.17
35	5	526	62	12.25	0.03
35	6	945	52	0	3.17
35	7	668	45	12.3	3.17
35	8	689	66	25.78	0.03
35	9	374	38	1.34	3.17
35	10	305	36	10.95	3.17
35	11	787	48	12.79	3.17
35	12	334	37	0	3.17
35	13	899	71	33	0.03
35	14	995	74	24.83	0.03
35	15	720	47	6.88	3.17
35	16	463	60	1.87	0.03
35	17	911	51	1.04	3.17
35	18	387	38	10.32	3.17
35	19	305	56	11.28	0.03
35	20	87	50	7.42	0.03
35	21	105	51	9.65	0.03
35	22	105	31	33	3.17
35	23	445	60	13.54	0.03
35	24	687	46	11.79	3.17
35	25	981	53	6.36	3.17
35	26	504	61	12.25	0.03
35	27	415	59	17.28	0.03
35	28	365	58	10.28	0.03
35	29	553	62	20.23	0.03
36	0	947	52	7.22	3.17
36	1	859	50	16.9	3.17
36	2	986	53	9.19	3.17
36	3	355	37	4.6	3.17
36	4	737	47	14.05	3.17
36	5	547	62	20.46	0.03
36	6	938	52	7.22	3.17
36	7	654	45	14.39	3.17
36	8	717	66	27.99	0.03
36	9	374	38	0	3.17
36	10	292	36	12.83	3.17
36	11	770	48	16.76	3.17
36	12	330	37	4.44	3.17
36	13	932	72	33	0.03
36	14	995	74	31.78	4.74
36	15	716	46	3.48	3.17
36	16	464	60	1.84	0.03
36	17	900	51	10.45	3.17
36	18	387	38	0	3.17
36	19	313	56	8.18	0.03
36	20	92	51	5.2	0.03
36	21	118	51	12.78	0.03
36	22	79	30	25.88	3.17
36	23	447	60	1.84	0.03
36	24	672	45	14.87	3.17
36	25	972	53	9.19	3.17
36	26	513	61	8.42	0.03
36	27	417	59	1.84	0.03
36	28	384	58	18.91	0.03
36	29	570	63	16.84	0.03
37	0	940	52	7.68	3.17
37	1	833	49	26.15	3.17
37	2	974	53	11.52	3.17
37	3	348	37	6.84	3.17
37	4	729	47	8.24	3.17
37	5	569	63	21.83	0.03
37	6	928	52	9.4	3.17
37	7	646	45	7.87	3.17
37	8	737	67	19.87	0.03
37	9	371	38	2.75	3.17
37	10	287	36	5.02	3.17
37	11	750	47	19.43	3.17
37	12	330	37	0	3.17
37	13	965	73	33	0.03
37	14	995	54	33	4.74
37	15	716	46	0	3.17
37	16	472	60	8.02	0.03
37	17	880	51	20.16	3.17
37	18	381	38	5.65	3.17
37	19	330	57	16.91	0.03
37	20	103	51	10.23	0.03
37	21	138	52	19.97	0.03
37	22	52	30	27.76	3.17
37	23	447	60	0	0.03
37	24	664	45	7.87	3.17
37	25	957	53	15.22	3.17
37	26	524	62	11.1	0.03
37	27	422	59	4.96	0.03
37	28	400	58	15.99	0.03
37	29	592	63	21.83	0.03
38	0	940	52	0	3.17
38	1	801	49	31.91	3.17
38	2	974	53	0	3.17
38	3	336	37	11.53	3.17
38	4	726	47	3.21	3.17
38	5	589	63	19.81	0.03
38	6	913	51	14.79	3.17
38	7	634	44	12.27	3.17
38	8	756	67	18.81	0.03
38	9	360	37	11.55	3.17
38	10	278	35	9.04	3.17
38	11	747	47	3.21	3.17
38	12	320	36	9.85	3.17
38	13	995	74	33	0.03
38	14	995	54	31.77	3.17
38	15	713	46	3.21	3.17
38	16	486	61	13.8	0.03
38	17	865	50	15.11	3.17
38	18	370	38	11.55	3.17
38	19	350	57	19.85	0.03
38	20	119	51	16.24	0.03
38	21	158	52	20.75	0.03
38	22	50	30	33	3.17
38	23	447	60	0	0.03
38	24	656	45	8.45	3.17
38	25	957	53	0	3.17
38	26	540	62	16.42	0.03
38	27	434	59	11.67	0.03
38	28	407	59	7.09	0.03
38	29	612	64	19.81	0.03
39	0	935	52	4.75	3.17
39	1	801	49	0	3.17
39	2	974	53	0	3.17
39	3	326	37	10.34	3.17
39	4	726	47	0	3.17
39	5	599	63	10.58	0.03
39	6	897	51	15.98	3.17
39	7	630	44	3.81	3.17
39	8	768	68	12.26	0.03
39	9	346	37	13.79	3.17
39	10	266	35	12.27	3.17
39	11	747	47	0	3.17
39	12	310	36	10.34	3.17
39	13	995	74	33	4.74
39	14	995	54	0	3.17
39	15	713	46	0	3.17
39	16	503	61	17.07	0.03
39	17	840	50	24.78	3.17
39	18	356	37	13.79	3.17
39	19	379	58	29.56	0.03
39	20	134	52	15.2	0.03
39	21	185	53	26.35	0.03
39	22	50	50	32.29	1.6
39	23	447	60	0	0.03
39	24	656	45	0	3.17
39	25	949	52	7.49	3.17
39	26	557	62	16.51	0.03
39	27	434	59	0	0.03
39	28	416	59	8.73	0.03
39	29	622	64	10.58	0.03
40	0	925	52	9.65	3.17
40	1	795	48	6.19	3.17
40	2	971	53	3.04	3.17
40	3	315	36	11.23	3.17
40	4	726	47	0	3.17
40	5	609	64	9.68	0.03
40	6	890	51	7.66	3.17
40	7	627	44	3.27	3.17
40	8	781	68	12.93	0.03
40	9	340	37	6.13	3.17
40	10	257	35	9	3.17
40	11	746	47	1.07	3.17
40	12	297	36	12.74	3.17
40	13	995	54	24.58	4.74
40	14	995	54	0	3.17
40	15	708	46	5.41	3.17
40	16	523	62	19.69	0.03
40	17	834	49	6.19	3.17
40	18	350	37	6.13	3.17
40	19	382	58	3.19	0.03
40	20	150	52	15.49	0.03
40	21	202	53	17.32	0.03
40	22	50	50	33	0.03
40	23	451	60	3.76	0.03
40	24	649	45	6.79	3.17
40	25	945	52	4.77	3.17
40	26	574	63	16.82	0.03
40	27	437	59	3.19	0.03
40	28	419	59	3.19	0.03
40	29	623	64	0.87	0.03
41	0	911	51	14.39	3.17
41	1	783	48	11.6	3.17
41	2	963	53	8.34	3.17
41	3	304	36	10.23	3.17
41	4	726	47	0	3.17
41	5	613	64	3.86	0.03
41	6	873	50	16.49	3.17
41	7	621	44	6.07	3.17
41	8	802	69	20.77	0.03
41	9	334	37	5.68	3.17
41	10	253	35	4.05	3.17
41	11	737	47	8.89	3.17
41	12	287	36	10.23	3.17
41	13	995	54	19.12	3.17
41	14	990	53	5.4	3.17
41	15	699	46	8.86	3.17
41	16	546	62	23.5	0.03
41	17	823	49	10.66	3.17
41	18	344	37	5.68	3.17
41	19	382	58	0	0.03
41	20	162	52	11.99	0.03
41	21	226	54	24.55	0.03
41	22	82	50	33	0.03
41	23	461	60	9.84	0.03
41	24	637	44	12.14	3.17
41	25	931	52	13.58	3.17
41	26	583	63	9.16	0.03
41	27	442	59	4.96	0.03
41	28	419	59	0	0.03
41	29	629	64	5.88	0.03
42	0	906	51	5.23	3.17
42	1	769	48	13.81	3.17
42	2	947	52	16.16	3.17
42	3	301	36	3.38	3.17
42	4	722	47	3.72	3.17
42	5	620	64	7.06	0.03
42	6	849	50	24.31	3.17
42	7	613	44	7.16	3.17
42	8	824	69	21.89	0.03
42	9	322	36	11.83	3.17
42	10	248	35	4.99	3.17
42	11	734	47	3.72	3.17
42	12	282	35	4.99	3.17
42	13	984	53	10.66	3.17
42	14	979	53	10.66	3.17
42	15	680	46	18.49	3.17
42	16	556	62	9.81	0.03
42	17	820	49	2.88	3.17
42	18	337	37	7.51	3.17
42	19	385	58	2.85	0.03
42	20	171	53	9.07	0.03
42	21	252	55	25.93	0.03
42	22	111	51	28.65	0.03
42	23	471	60	10.71	0.03
42	24	630	44	7.16	3.17
42	25	926	52	5.23	3.17
42	26	593	63	9.81	0.03
42	27	449	60	7.72	0.03
42	28	419	59	0	0.03
42	29	629	64	0	0.03
43	0	891	51	14.39	3.17
43	1	754	47	14.69	3.17
43	2	939	52	7.28	3.17
43	3	301	36	0	3.17
43	4	722	47	0	3.17
43	5	627	64	7.55	0.03
43	6	845	50	4.1	3.17
43	7	609	44	4.27	3.17
43	8	854	70	30.9	0.03
43	9	322	36	0	3.17
43	10	242	34	5.09	3.17
43	11	729	47	5.03	3.17
43	12	272	35	9.43	3.17
43	13	977	53	7.5	3.17
43	14	971	53	7.5	3.17
43	15	657	45	23.69	3.17
43	16	565	63	9.22	0.03
43	17	816	49	4.1	3.17
43	18	337	37	0	3.17
43	19	393	58	7.82	0.03
43	20	182	53	11.71	0.03
43	21	282	55	29.86	0.03
43	22	137	52	26.27	0.03
43	23	490	61	18.59	0.03
43	24	621	44	8.6	3.17
43	25	911	51	15.06	3.17
43	26	607	64	14.19	0.03
43	27	450	60	1.01	0.03
43	28	419	59	0	0.03
43	29	638	64	8.4	0.03
44	0	873	50	18.08	3.17
44	1	754	47	0.74	3.17
44	2	939	52	0	3.17
44	3	297	36	3.57	3.17
44	4	722	47	0	3.17
44	5	633	64	5.84	0.03
44	6	836	49	9.07	3.17
44	7	609	44	0.37	3.17
44	8	887	71	33	0.03
44	9	322	36	0	3.17
44	10	242	34	0	3.17
44	11	728	47	0.74	3.17
44	12	262	35	10.6	3.17
44	13	967	53	10.15	3.17
44	14	958	53	13.82	3.17
44	15	641	45	15.97	3.17
44	16	576	63	10.26	0.03
44	17	810	49	6.34	3.17
44	18	334	37	2.58	3.17
44	19	393	58	0	0.03
44	20	197	53	14.99	0.03
44	21	315	56	33	0.03
44	22	167	52	29.89	0.03
44	23	500	61	9.89	0.03
44	24	615	44	5.93	3.17
44	25	893	51	18.08	3.17
44	26	613	64	5.84	0.03
44	27	461	60	10.6	0.03
44	28	419	59	0.01	0.03
44	29	656	65	18.27	0.03
45	0	873	50	0	3.17
45	1	754	47	0	3.17
45	2	939	52	0	3.17
45	3	297	36	0	3.17
45	4	715	46	7.3	3.17
45	5	636	64	2.45	0.03
45	6	836	49	0	3.17
45	7	603	44	6.16	3.17
45	8	920	72	33	0.03
45	9	314	36	7.83	3.17
45	10	235	34	7.62	3.17
45	11	725	47	2.44	3.17
45	12	260	35	1.38	3.17
45	13	967	53	0	3.17
45	14	958	53	0	3.17
45	15	635	44	6.16	3.17
45	16	594	63	18.54	0.03
45	17	810	49	0	3.17
45	18	327	37	6.71	3.17
45	19	398	58	4.73	0.03
45	20	220	54	22.14	0.03
45	21	348	57	33	0.03
45	22	189	53	22.14	0.03
45	23	512	61	11.74	0.03
45	24	609	44	6.16	3.17
45	25	893	51	0	3.17
45	26	615	64	2.62	0.03
45	27	464	60	3.14	0.03
45	28	419	59	0	0.03
45	29	678	65	22.62	0.03
46	0	873	50	0	3.17
46	1	748	47	5.72	3.17
46	2	933	52	6.17	3.17
46	3	297	36	0	3.17
46	4	700	46	14.88	3.17
46	5	641	65	5.07	0.03
46	6	836	49	0	3.17
46	7	603	44	0	3.17
46	8	953	72	33	0.03
46	9	314	36	0	3.17
46	10	225	34	9.97	3.17
46	11	721	47	4.09	3.17
46	12	250	35	10.26	3.17
46	13	967	53	0	3.17
46	14	958	53	0	3.17
46	15	622	44	12.34	3.17
46	16	594	63	0	0.03
46	17	805	49	5.25	3.17
46	18	327	37	0	3.17
46	19	403	58	5.16	0.03
46	20	251	55	31.62	0.03
46	21	353	57	5.16	0.03
46	22	221	54	31.23	0.03
46	23	524	62	12.24	0.03
46	24	609	44	0	3.17
46	25	893	51	0	3.17
46	26	615	64	0	0.03
46	27	476	60	11.36	0.03
46	28	419	59	0	0.03
46	29	700	66	21.33	0.03
47	0	873	50	0.26	3.17
47	1	733	47	15.19	3.17
47	2	920	52	13.05	3.17
47	3	291	36	6.87	3.17
47	4	680	46	19.5	3.17
47	5	646	65	5.36	0.03
47	6	836	49	0	3.17
47	7	603	44	0	3.17
47	8	986	73	33	0.03
47	9	313	36	1.75	3.17
47	10	208	34	16.91	3.17
47	11	709	46	12.68	3.17
47	12	245	34	5.04	3.17
47	13	967	53	0	3.17
47	14	958	53	0	3.17
47	15	622	44	0	3.17
47	16	598	63	3.51	0.03
47	17	790	48	14.84	3.17
47	18	321	36	6.53	3.17
47	19	403	58	0	0.03
47	20	283	55	32.26	0.03
47	21	361	57	7.24	0.03
47	22	242	54	21.86	0.03
47	23	544	62	20.09	0.03
47	24	609	44	0	3.17
47	25	893	51	0	3.17
47	26	618	64	2.33	0.03
47	27	485	61	9.92	0.03
47	28	419	59	0	0.03
47	29	727	67	27.01	0.03
48	0	871	50	1.64	3.17
48	1	727	47	5.38	3.17
48	2	915	51	5.75	3.17
48	3	278	35	12.46	3.17
48	4	653	45	27.59	3.17
48	5	646	65	0	0.03
48	6	826	49	9.34	3.17
48	7	603	44	0	3.17
48	8	995	74	33	0.03
48	9	313	36	0	3.17
48	10	193	33	14.83	3.17
48	11	703	46	5.38	3.17
48	12	233	34	12.03	3.17
48	13	964	53	3.08	3.17
48	14	951	52	6.89	3.17
48	15	618	44	4.18	3.17
48	16	598	63	0	0.03
48	17	769	48	20.72	3.17
48	18	321	36	0	3.17
48	19	405	59	1.93	0.03
48	20	314	56	30.54	0.03
48	21	361	57	0.19	0.03
48	22	261	55	18.72	0.03
48	23	544	62	0	0.03
48	24	609	44	0	3.17
48	25	887	51	5.75	3.17
48	26	618	64	0	0.03
48	27	497	61	11.48	0.03
48	28	426	59	7.23	0.03
48	29	753	67	26.19	0.03
49	0	860	50	10.85	3.17
49	1	722	47	5.79	3.17
49	2	905	51	9.31	3.17
49	3	271	35	7.61	3.17
49	4	650	45	3.09	3.17
49	5	646	65	0	0.03
49	6	818	49	8.19	3.17
49	7	600	43	3.09	3.17
49	8	995	74	33	4.74
49	9	304	36	8.65	3.17
49	10	172	33	20.81	3.17
49	11	695	46	7.73	3.17
49	12	223	34	9.76	3.17
49	13	958	53	5.2	3.17
49	14	937	52	13.85	3.17
49	15	615	44	3.09	3.17
49	16	600	63	2.64	0.03
49	17	747	47	22.21	3.17
49	18	319	36	1.85	3.17
49	19	409	59	4.5	0.03
49	20	322	56	8.27	0.03
49	21	369	58	8.27	0.03
49	22	285	55	23.53	0.03
49	23	552	62	7.63	0.03
49	24	606	44	3.09	3.17
49	25	887	51	0	3.17
49	26	620	64	2.06	0.03
49	27	510	61	13.23	0.03
49	28	434	59	7.57	0.03
49	29	779	68	26.1	0.03
50	0	844	50	16.41	3.17
50	1	713	46	8.24	3.17
50	2	895	51	10.5	3.17
50	3	271	35	0	3.17
50	4	650	45	0	3.17
50	5	646	65	0	0.03
50	6	802	49	16.23	3.17
50	7	589	43	10.96	3.17
50	8	995	54	33	4.74
50	9	302	36	2.52	3.17
50	10	161	32	11.15	3.17
50	11	682	46	13.12	3.17
50	12	204	33	19.69	3.17
50	13	952	52	6.14	3.17
50	14	924	52	12.94	3.17
50	15	612	44	3.2	3.17
50	16	600	63	0	0.03
50	17	739	47	8.24	3.17
50	18	319	36	0	3.17
50	19	418	59	8.22	0.03
50	20	334	57	11.67	0.03
50	21	378	58	9.33	0.03
50	22	305	56	20.76	0.03
50	23	552	62	0.55	0.03
50	24	603	44	3.2	3.17
50	25	881	51	5.51	3.17
50	26	620	64	0	0.03
50	27	511	61	0.55	0.03
50	28	446	60	12.18	0.03
50	29	805	69	26.33	0.03
51	0	821	49	22.9	3.17
51	1	702	46	11.02	3.17
51	2	892	51	2.49	3.17
51	3	266	35	4.85	3.17
51	4	650	45	0	3.17
51	5	653	65	7.45	0.03
51	6	791	48	11.43	3.17
51	7	573	43	15.96	3.17
51	8	995	54	33	3.17
51	9	300	36	1.67	3.17
51	10	154	32	7.35	3.17
51	11	682	46	0	3.17
51	12	190	33	13.43	3.17
51	13	936	52	16.13	3.17
51	14	914	51	10.46	3.17
51	15	612	44	0	3.17
51	16	600	63	0	0.03
51	17	726	47	12.47	3.17
51	18	319	36	0	3.17
51	19	428	59	10.33	0.03
51	20	349	57	14.85	0.03
51	21	388	58	9.59	0.03
51	22	325	57	19.65	0.03
51	23	561	62	8.53	0.03
51	24	591	43	11.67	3.17
51	25	874	50	7.6	3.17
51	26	625	64	5.03	0.03
51	27	516	61	5.61	0.03
51	28	463	60	17.13	0.03
51	29	834	69	28.4	0.03
52	0	809	49	12.52	3.17
52	1	702	46	0	3.17
52	2	892	51	0	3.17
52	3	266	35	0	3.17
52	4	643	45	6.33	3.17
52	5	653	65	0	0.03
52	6	778	48	12.52	3.17
52	7	552	42	20.62	3.17
52	8	995	54	0	3.17
52	9	292	36	8.34	3.17
52	10	142	32	11.46	3.17
52	11	682	46	0	3.17
52	12	177	33	13.46	3.17
52	13	936	52	0	3.17
52	14	914	51	0	3.17
52	15	604	44	7.48	3.17
52	16	605	64	4.37	0.03
52	17	722	47	4.2	3.17
52	18	312	36	7.31	3.17
52	19	431	59	3.17	0.03
52	20	360	57	11.54	0.03
52	21	401	58	13.21	0.03
52	22	337	57	11.54	0.03
52	23	578	63	17.24	0.03
52	24	574	43	16.91	3.17
52	25	870	50	4.21	3.17
52	26	638	64	13.81	0.03
52	27	525	62	8.99	0.03
52	28	489	61	26.14	0.03
52	29	865	70	31.35	0.03
53	0	790	48	18.34	3.17
53	1	702	46	0.72	3.17
53	2	891	51	1.17	3.17
53	3	260	35	5.5	3.17
53	4	632	44	11.27	3.17
53	5	653	65	0	0.03
53	6	763	48	14.66	3.17
53	7	538	42	14.41	3.17
53	8	991	53	3.75	3.17
53	9	286	36	5.5	3.17
53	10	130	32	12.81	3.17
53	11	674	45	8.39	3.17
53	12	160	32	16.49	3.17
53	13	931	52	5.56	3.17
53	14	914	51	0	3.17
53	15	595	43	9.53	3.17
53	16	615	64	10.3	0.03
53	17	721	47	0.72	3.17
53	18	305	36	6.86	3.17
53	19	443	59	11.36	0.03
53	20	371	58	11.17	0.03
53	21	408	59	6.62	0.03
53	22	348	57	11.17	0.03
53	23	588	63	10.3	0.03
53	24	566	43	8.56	3.17
53	25	868	50	1.17	3.17
53	26	638	64	0	0.03
53	27	527	62	2.18	0.03
53	28	492	61	2.18	0.03
53	29	894	71	28.58	0.03
54	0	779	48	10.83	3.17
54	1	702	46	0	3.17
54	2	881	51	9.72	3.17
54	3	260	35	0	3.17
54	4	616	44	15.78	3.17
54	5	655	65	1.82	0.03
54	6	744	47	19.68	3.17
54	7	515	41	22.4	3.17
54	8	990	53	1.01	3.17
54	9	284	35	1.65	3.17
54	10	114	31	16.07	3.17
54	11	665	45	8.83	3.17
54	12	151	32	9.28	3.17
54	13	931	52	0	3.17
54	14	909	51	4.62	3.17
54	15	581	43	13.34	3.17
54	16	615	64	0	0.03
54	17	721	47	0	3.17
54	18	295	36	9.78	3.17
54	19	457	60	14.04	0.03
54	20	387	58	15.26	0.03
54	21	418	59	10.73	0.03
54	22	363	57	14.73	0.03
54	23	588	63	0	0.03
54	24	548	42	17.76	3.17
54	25	868	50	0	3.17
54	26	638	64	0	0.03
54	27	536	62	8.26	0.03
54	28	501	61	9.72	0.03
54	29	926	72	32.71	0.03
55	0	765	48	14.12	3.17
55	1	702	46	0	3.17
55	2	881	51	0	3.17
55	3	260	35	0	3.17
55	4	596	43	20.83	3.17
55	5	658	65	3.05	0.03
55	6	740	47	3.56	3.17
55	7	492	41	23.33	3.17
55	8	987	53	2.86	3.17
55	9	280	35	4.33	3.17
55	10	101	31	12.57	3.17
55	11	659	45	5.81	3.17
55	12	134	32	17.14	3.17
55	13	930	52	0.68	3.17
55	14	909	51	0	3.17
55	15	564	43	17.71	3.17
55	16	615	64	0.06	0.03
55	17	718	46	3.56	3.17
55	18	293	36	1.81	3.17
55	19	464	60	7.68	0.03
55	20	397	58	10.19	0.03
55	21	432	59	13.04	0.03
55	22	373	58	10.19	0.03
55	23	593	63	4.7	0.03
55	24	523	42	25.16	3.17
55	25	868	50	0	3.17
55	26	644	65	5.57	0.03
55	27	544	62	8.6	0.03
55	28	514	61	12.48	0.03
55	29	959	73	33	0.03
56	0	748	47	17.51	3.17
56	1	702	46	0	3.17
56	2	879	51	2.35	3.17
56	3	251	35	9.6	3.17
56	4	575	43	21.08	3.17
56	5	671	65	12.66	0.03
56	6	730	47	10.58	3.17
56	7	467	40	25.08	3.17
56	8	983	53	4.57	3.17
56	9	270	35	9.66	3.17
56	10	91	31	10.24	3.17
56	11	659	45	0	3.17
56	12	121	31	13.11	3.17
56	13	930	52	0	3.17
56	14	909	51	0	3.17
56	15	541	42	22.58	3.17
56	16	621	64	6.23	0.03
56	17	714	46	3.82	3.17
56	18	283	35	10.1	3.17
56	19	481	60	16.73	0.03
56	20	407	59	10.53	0.03
56	21	435	59	3.45	0.03
56	22	384	58	11.41	0.03
56	23	606	64	13.59	0.03
56	24	504	41	19.41	3.17
56	25	865	50	3.59	3.17
56	26	657	65	12.66	0.03
56	27	556	62	11.29	0.03
56	28	529	62	15.58	0.03
56	29	992	73	33	0.03
57	0	742	47	5.47	3.17
57	1	696	46	5.47	3.17
57	2	879	51	0	3.17
57	3	235	34	16.05	3.17
57	4	562	43	12.61	3.17
57	5	689	66	17.91	0.03
57	6	724	47	5.47	3.17
57	7	441	39	26.02	3.17
57	8	983	53	0	3.17
57	9	255	35	15.56	3.17
57	10	74	30	16.89	3.17
57	11	652	45	7.05	3.17
57	12	114	31	6.39	3.17
57	13	924	52	6.07	3.17
57	14	909	51	0	3.17
57	15	521	41	20.67	3.17
57	16	627	64	5.68	0.03
57	17	708	46	5.47	3.17
57	18	269	35	13.92	3.17
57	19	507	61	26.14	0.03
57	20	418	59	10.46	0.03
57	21	443	59	8.09	0.03
57	22	398	58	14.27	0.03
57	23	612	64	5.68	0.03
57	24	484	41	19.34	3.17
57	25	865	50	0	3.17
57	26	675	65	17.91	0.03
57	27	558	62	2.84	0.03
57	28	540	62	10.85	0.03
57	29	995	74	33	0.03
58	0	729	47	13.26	3.17
58	1	687	46	8.96	3.17
58	2	879	51	0	3.17
58	3	217	34	18	3.17
58	4	547	42	15.04	3.17
58	5	700	66	11.34	0.03
58	6	715	46	9.06	3.17
58	7	408	39	33	3.17
58	8	978	53	4.48	3.17
58	9	238	34	16.68	3.17
58	10	55	30	19.24	3.17
58	11	639	44	13.28	3.17
58	12	114	31	0.03	3.17
58	13	921	52	2.61	3.17
58	14	906	51	2.61	3.17
58	15	499	41	21.22	3.17
58	16	627	64	0	0.03
58	17	700	46	8.96	3.17
58	18	253	35	16.52	3.17
58	19	516	61	9.11	0.03
58	20	419	59	1.51	0.03
58	21	445	60	1.51	0.03
58	22	400	58	1.51	0.03
58	23	612	64	0	0.03
58	24	464	40	20.62	3.17
58	25	855	50	9.94	3.17
58	26	686	66	11.34	0.03
58	27	569	63	10.21	0.03
58	28	549	62	9.11	0.03
58	29	995	74	32.95	4.74
59	0	728	47	0.69	3.17
59	1	670	45	17.04	3.17
59	2	874	50	5.27	3.17
59	3	190	33	26.77	3.17
59	4	524	42	23.39	3.17
59	5	712	66	12.13	0.03
59	6	714	46	0.69	3.17
59	7	375	38	33	3.17
59	8	978	53	0.73	3.17
59	9	219	34	19.61	3.17
59	10	50	30	21.91	3.17
59	11	628	44	11.11	3.17
59	12	105	31	8.87	3.17
59	13	921	52	0	3.17
59	14	901	51	4.87	3.17
59	15	486	41	13.02	3.17
59	16	634	64	6.69	0.03
59	17	693	46	6.86	3.17
59	18	233	34	19.4	3.17
59	19	520	61	4.28	0.03
59	20	426	59	7.14	0.03
59	21	455	60	9.99	0.03
59	22	404	59	4.37	0.03
59	23	622	64	9.97	0.03
59	24	450	40	13.29	3.17
59	25	843	50	11.98	3.17
59	26	698	66	12.13	0.03
59	27	582	63	13.41	0.03
59	28	563	63	13.41	0.03
59	29	995	54	33	4.74
60	0	728	47	0.43	3.17
60	1	655	45	14.72	3.17
60	2	859	50	14.68	3.17
60	3	159	32	30.5	3.17
60	4	507	41	16.12	3.17
60	5	731	67	18.27	0.03
60	6	705	46	9.63	3.17
60	7	342	37	33	3.17
60	8	974	53	3.55	3.17
60	9	195	33	23.83	3.17
60	10	50	50	31.06	1.6
60	11	608	44	19.89	3.17
60	12	94	31	11.82	3.17
60	13	914	51	6.97	3.17
60	14	890	51	11.94	3.17
60	15	470	40	16.12	3.17
60	16	645	65	11.35	0.03
60	17	684	46	8.81	3.17
60	18	218	34	15.7	3.17
60	19	533	62	12.65	0.03
60	20	436	59	9.6	0.03
60	21	460	60	5.39	0.03
60	22	404	59	0	0.03
60	23	624	64	1.71	0.03
60	24	430	39	20.14	3.17
60	25	835	49	7.68	3.17
60	26	716	66	18.27	0.03
60	27	596	63	13.89	0.03
60	28	577	63	13.89	0.03
60	29	995	54	23.95	3.17
61	0	720	47	7.61	3.17
61	1	634	44	21.83	3.17
61	2	852	50	6.72	3.17
61	3	135	32	23.98	3.17
61	4	481	40	25.97	3.17
61	5	750	67	19.17	0.03
61	6	701	46	3.43	3.17
61	7	309	36	33	3.17
61	8	967	53	6.87	3.17
61	9	174	33	20.55	3.17
61	10	50	50	33	0.03
61	11	598	43	10.28	3.17
61	12	76	30	17.91	3.17
61	13	899	51	15.07	3.17
61	14	883	51	6.72	3.17
61	15	454	40	16.11	3.17
61	16	663	65	17.49	0.03
61	17	680	46	3.51	3.17
61	18	198	33	19.54	3.17
61	19	537	62	4.21	0.03
61	20	451	60	14.44	0.03
61	21	468	60	8.04	0.03
61	22	409	59	4.53	0.03
61	23	635	64	11.15	0.03
61	24	407	39	23.2	3.17
61	25	828	49	6.72	3.17
61	26	735	67	19.17	0.03
61	27	615	64	18.54	0.03
61	28	595	63	18.54	0.03
61	29	988	53	6.87	3.17
62	0	712	46	8.25	3.17
62	1	625	44	8.58	3.17
62	2	848	50	4.68	3.17
62	3	121	31	14.27	3.17
62	4	475	40	6.32	3.17
62	5	776	68	26.6	0.03
62	6	693	46	8.25	3.17
62	7	276	35	33	3.17
62	8	958	53	9.47	3.17
62	9	160	32	14.27	3.17
62	10	82	50	33	0.03
62	11	589	43	8.58	3.17
62	12	58	30	17.99	3.17
62	13	891	51	7.78	3.17
62	14	876	50	7.03	3.17
62	15	448	40	6.32	3.17
62	16	685	66	22.15	0.03
62	17	675	45	5.56	3.17
62	18	184	33	14.27	3.17
62	19	545	62	7.38	0.03
62	20	461	60	10.82	0.03
62	21	479	60	10.82	0.03
62	22	413	59	3.98	0.03
62	23	654	65	19.03	0.03
62	24	394	38	13.34	3.17
62	25	820	49	8.13	3.17
62	26	752	67	16.94	0.03
62	27	626	64	11.02	0.03
62	28	606	64	10.78	0.03
62	29	979	53	9.47	3.17
63	0	706	46	5.79	3.17
63	1	608	44	16.72	3.17
63	2	834	49	13.55	3.17
63	3	111	31	10.25	3.17
63	4	471	40	3.61	3.17
63	5	808	69	31.7	0.03
63	6	685	46	7.99	3.17
63	7	248	35	27.51	3.17
63	8	939	52	18.53	3.17
63	9	138	32	21.82	3.17
63	10	115	51	32.83	0.03
63	11	580	43	9.46	3.17
63	12	50	30	11.74	3.17
63	13	888	51	3.61	3.17
63	14	872	50	3.61	3.17
63	15	437	39	11.08	3.17
63	16	716	66	31.26	0.03
63	17	671	45	3.92	3.17
63	18	162	32	21.82	3.17
63	19	562	63	17.25	0.03
63	20	477	60	16.11	0.03
63	21	495	61	16.11	0.03
63	22	425	59	11.95	0.03
63	23	681	66	27.44	0.03
63	24	383	38	10.73	3.17
63	25	808	49	12.05	3.17
63	26	774	68	21.38	0.03
63	27	642	65	16.22	0.03
63	28	613	64	7.43	0.03
63	29	959	53	19.34	3.17
64	0	700	46	6.22	3.17
64	1	592	43	16.63	3.17
64	2	828	49	6.47	3.17
64	3	91	31	19.69	3.17
64	4	459	40	12.27	3.17
64	5	841	70	33	0.03
64	6	677	45	8.52	3.17
64	7	216	34	32.23	3.17
64	8	916	51	23.62	3.17
64	9	122	31	15.69	3.17
64	10	138	52	23.18	0.03
64	11	563	43	16.63	3.17
64	12	50	49	19.78	1.6
64	13	878	51	9.66	3.17
64	14	861	50	10.78	3.17
64	15	425	39	12.04	3.17
64	16	746	67	30.51	0.03
64	17	662	45	8.52	3.17
64	18	146	32	15.69	3.17
64	19	573	63	10.92	0.03
64	20	500	61	22.61	0.03
64	21	520	61	25.06	0.03
64	22	437	59	12.55	0.03
64	23	712	66	30.51	0.03
64	24	365	38	17.53	3.17
64	25	794	48	14.55	3.17
64	26	804	69	30.66	0.03
64	27	656	65	14.49	0.03
64	28	628	64	14.31	0.03
64	29	936	52	23.62	3.17
65	0	693	46	7.51	3.17
65	1	584	43	8.05	3.17
65	2	814	49	13.41	3.17
65	3	78	30	13.07	3.17
65	4	446	40	13.45	3.17
65	5	864	70	23.09	0.03
65	6	669	45	7.51	3.17
65	7	187	33	29.38	3.17
65	8	911	51	4.35	3.17
65	9	105	31	17.96	3.17
65	10	165	52	26.04	0.03
65	11	555	42	8.05	3.17
65	12	50	50	20.17	1.6
65	13	874	50	4.35	3.17
65	14	850	50	11.63	3.17
65	15	422	39	2.39	3.17
65	16	779	68	33	0.03
65	17	655	45	7.51	3.17
65	18	130	32	16.34	3.17
65	19	588	63	14.91	0.03
65	20	524	62	24.03	0.03
65	21	553	62	32.66	0.03
65	22	457	60	19.37	0.03
65	23	745	67	33	0.03
65	24	342	37	23.41	3.17
65	25	784	48	9.64	3.17
65	26	827	69	23.09	0.03
65	27	678	65	22.04	0.03
65	28	634	64	6.79	0.03
65	29	931	52	4.35	3.17
66	0	686	46	7	3.17
66	1	582	43	2.01	3.17
66	2	802	49	12.6	3.17
66	3	62	30	15.79	3.17
66	4	434	39	11.94	3.17
66	5	891	71	26.8	0.03
66	6	664	45	5.64	3.17
66	7	154	32	33	3.17
66	8	911	51	0	3.17
66	9	86	30	18.45	3.17
66	10	196	53	31.29	0.03
66	11	554	42	1.5	3.17
66	12	50	50	20.38	0.03
66	13	863	50	11.34	3.17
66	14	829	49	20.3	3.17
66	15	418	39	3.96	3.17
66	16	812	69	33	0.03
66	17	647	45	8.03	3.17
66	18	110	31	19.74	3.17
66	19	603	64	15.61	0.03
66	20	540	62	15.61	0.03
66	21	568	63	15.61	0.03
66	22	476	60	19.8	0.03
66	23	773	68	27.74	0.03
66	24	314	36	28.28	3.17
66	25	774	48	10.15	3.17
66	26	856	70	28.34	0.03
66	27	693	66	14.67	0.03
66	28	641	65	6.91	0.03
66	29	931	52	0	3.17
67	0	675	45	10.2	3.17
67	1	582	43	0	3.17
67	2	785	48	16.27	3.17
67	3	50	30	21.87	3.17
67	4	426	39	8.22	3.17
67	5	924	72	33	0.03
67	6	651	45	12.98	3.17
67	7	132	32	21.87	3.17
67	8	909	51	2.08	3.17
67	9	64	30	21.87	3.17
67	10	229	54	33	0.03
67	11	554	42	0	3.17
67	12	77	50	27.9	0.03
67	13	848	50	14.49	3.17
67	14	808	49	21.77	3.17
67	15	410	39	8.22	3.17
67	16	845	70	33	0.03
67	17	633	44	13.3	3.17
67	18	88	30	21.87	3.17
67	19	624	64	20.9	0.03
67	20	551	62	11.65	0.03
67	21	580	63	11.65	0.03
67	22	492	61	15.36	0.03
67	23	793	68	20.5	0.03
67	24	281	35	33	3.17
67	25	759	48	15.41	3.17
67	26	889	71	32.82	0.03
67	27	709	66	15.95	0.03
67	28	658	65	16.5	0.03
67	29	931	52	0	3.17
68	0	667	45	8.21	3.17
68	1	582	43	0	3.17
68	2	770	48	15.23	3.17
68	3	50	46	16.7	1.6
68	4	416	39	9.94	3.17
68	5	948	72	24.26	0.03
68	6	642	45	8.21	3.17
68	7	107	31	24.8	3.17
68	8	900	51	8.74	3.17
68	9	50	30	16.7	3.17
68	10	262	55	33	0.03
68	11	545	42	8.88	3.17
68	12	110	51	33	0.03
68	13	830	49	18.51	3.17
68	14	792	48	15.23	3.17
68	15	394	38	15.93	3.17
68	16	878	71	33	0.03
68	17	625	44	8.21	3.17
68	18	72	30	16.7	3.17
68	19	643	65	19.22	0.03
68	20	565	63	13.57	0.03
68	21	595	63	15.26	0.03
68	22	509	61	17.38	0.03
68	23	806	69	12.97	0.03
68	24	248	35	33	3.17
68	25	747	47	11.88	3.17
68	26	913	71	24.26	0.03
68	27	727	67	17.68	0.03
68	28	681	66	23.69	0.03
68	29	921	52	9.95	3.17
69	0	658	45	9.03	3.17
69	1	573	43	8.85	3.17
69	2	761	48	9.37	3.17
69	3	50	50	23.59	1.6
69	4	402	38	13.78	3.17
69	5	980	73	31.88	0.03
69	6	630	44	11.85	3.17
69	7	93	31	14.15	3.17
69	8	891	51	9.74	3.17
69	9	50	44	14.15	1.6
69	10	295	56	33	0.03
69	11	542	42	2.63	3.17
69	12	141	52	30.58	0.03
69	13	820	49	9.37	3.17
69	14	783	48	9.37	3.17
69	15	383	38	10.78	3.17
69	16	904	71	25.66	0.03
69	17	610	44	15.47	3.17
69	18	58	30	14.15	3.17
69	19	666	65	22.12	0.03
69	20	587	63	21.73	0.03
69	21	610	64	15.33	0.03
69	22	521	61	11.78	0.03
69	23	820	69	13.44	0.03
69	24	215	34	33	3.17
69	25	726	47	20.86	3.17
69	26	939	72	25.66	0.03
69	27	746	67	19.49	0.03
69	28	710	66	28.84	0.03
69	29	911	51	10.26	3.17
70	0	643	45	15.67	3.17
70	1	566	43	6.9	3.17
70	2	749	47	12.16	3.17
70	3	50	50	26.28	0.03
70	4	395	38	6.72	3.17
70	5	995	74	33	0.03
70	6	625	44	5.21	3.17
70	7	89	30	4.25	3.17
70	8	871	50	19.36	3.17
70	9	50	50	21.59	1.6
70	10	326	57	31.72	0.03
70	11	531	42	10.61	3.17
70	12	162	52	21.09	0.03
70	13	819	49	1.49	3.17
70	14	771	48	12.16	3.17
70	15	369	38	13.92	3.17
70	16	921	72	16.95	0.03
70	17	603	44	7.18	3.17
70	18	50	30	21.12	3.17
70	19	694	66	28.5	0.03
70	20	605	64	18.39	0.03
70	21	629	64	18.39	0.03
70	22	533	62	12.06	0.03
70	23	840	70	20.25	0.03
70	24	182	33	33	3.17
70	25	703	46	22.82	3.17
70	26	955	73	16.95	0.03
70	27	773	68	27.21	0.03
70	28	730	67	19.37	0.03
70	29	892	51	19.59	3.17
71	0	642	45	0.4	3.17
71	1	561	42	5.02	3.17
71	2	741	47	8.03	3.17
71	3	73	50	23.13	0.03
71	4	386	38	9.46	3.17
71	5	995	74	33	4.74
71	6	625	44	0.4	3.17
71	7	80	30	8.73	3.17
71	8	852	50	19.34	3.17
71	9	50	50	29.14	0.03
71	10	359	57	33	0.03
71	11	515	41	16.72	3.17
71	12	190	53	28.08	0.03
71	13	812	49	6.79	3.17
71	14	768	48	3.28	3.17
71	15	360	37	9.1	3.17
71	16	943	72	21.84	0.03
71	17	589	43	13.94	3.17
71	18	50	50	28.32	1.6
71	19	724	67	30.2	0.03
71	20	622	64	17.02	0.03
71	21	652	65	23.16	0.03
71	22	547	62	13.71	0.03
71	23	863	70	23.13	0.03
71	24	149	32	33	3.17
71	25	703	46	0.4	3.17
71	26	978	73	22.32	0.03
71	27	806	69	33	0.03
71	28	755	67	25.26	0.03
71	29	872	50	19.34	3.17
72	0	642	45	0	3.17
72	1	549	42	11.6	3.17
72	2	729	47	11.7	3.17
72	3	87	50	14.68	0.03
72	4	368	38	17.71	3.17
72	5	995	54	29.2	4.74
72	6	625	44	0	3.17
72	7	68	30	11.94	3.17
72	8	828	49	24.35	3.17
72	9	64	50	14.68	0.03
72	10	392	58	33	0.03
72	11	493	41	21.36	3.17
72	12	210	54	20.26	0.03
72	13	803	49	8.73	3.17
72	14	768	48	0	3.17
72	15	350	37	10.42	3.17
72	16	966	73	22.84	0.03
72	17	577	43	11.6	3.17
72	18	50	50	29.96	0.03
72	19	756	67	31.78	0.03
72	20	629	64	7.05	0.03
72	21	681	66	28.71	0.03
72	22	561	62	14.45	0.03
72	23	876	70	13.31	0.03
72	24	116	31	33	3.17
72	25	696	46	6.3	3.17
72	26	995	74	22.28	0.03
72	27	839	70	33	0.03
72	28	788	68	33	0.03
72	29	850	50	22.76	3.17
73	0	637	44	4.93	3.17
73	1	545	42	4.29	3.17
73	2	715	46	13.65	3.17
73	3	106	51	19.03	0.03
73	4	357	37	10.68	3.17
73	5	995	54	33	3.17
73	6	615	44	9.58	3.17
73	7	64	30	4.06	3.17
73	8	822	49	5.61	3.17
73	9	81	50	17.07	0.03
73	10	416	59	23.09	0.03
73	11	465	40	28.29	3.17
73	12	230	54	19.92	0.03
73	13	798	48	5.61	3.17
73	14	768	48	0	3.17
73	15	339	37	10.68	3.17
73	16	990	73	24.53	0.03
73	17	562	43	15.42	3.17
73	18	67	50	17.07	0.03
73	19	789	68	33	0.03
73	20	638	64	8.98	0.03
73	21	704	66	23.57	0.03
73	22	576	63	14.5	0.03
73	23	898	71	21.94	0.03
73	24	91	31	25.18	3.17
73	25	693	46	3.41	3.17
73	26	995	74	30.94	4.74
73	27	861	70	21.94	0.03
73	28	821	69	33	0.03
73	29	844	50	5.61	3.17
74	0	631	44	6.15	3.17
74	1	534	42	10.59	3.17
74	2	705	46	10.37	3.17
74	3	116	51	9.23	0.03
74	4	344	37	13.44	3.17
74	5	962	53	33	3.17
74	6	614	44	0.84	3.17
74	7	52	30	11.77	3.17
74	8	814	49	7.64	3.17
74	9	90	51	9.23	0.03
74	10	438	59	22.34	0.03
74	11	440	39	24.96	3.17
74	12	254	55	23.27	0.03
74	13	792	48	5.41	3.17
74	14	759	48	8.49	3.17
74	15	323	36	16.15	3.17
74	16	995	74	28.77	0.03
74	17	552	42	9.24	3.17
74	18	76	50	9.23	0.03
74	19	808	69	19.2	0.03
74	20	641	65	2.55	0.03
74	21	733	67	28.85	0.03
74	22	593	63	17.79	0.03
74	23	924	72	26.3	0.03
74	24	79	30	11.77	3.17
74	25	683	46	10.37	3.17
74	26	995	54	33	4.74
74	27	880	71	19.2	0.03
74	28	840	70	19.2	0.03
74	29	836	49	7.82	3.17
75	0	630	44	0.63	3.17
75	1	530	42	4.17	3.17
75	2	686	46	19.15	3.17
75	3	116	51	0	0.03
75	4	329	37	14.64	3.17
75	5	929	52	33	3.17
75	6	609	44	5.73	3.17
75	7	50	30	14.58	3.17
75	8	813	49	1.66	3.17
75	9	90	51	0	0.03
75	10	453	60	15.31	0.03
75	11	412	39	28.11	3.17
75	12	268	55	14.03	0.03
75	13	790	48	1.66	3.17
75	14	745	47	14.65	3.17
75	15	299	36	23.78	3.17
75	16	995	74	29.2	4.74
75	17	548	42	4.17	3.17
75	18	76	50	0	0.03
75	19	827	69	19.24	0.03
75	20	649	65	8.61	0.03
75	21	766	68	33	0.03
75	22	620	64	26.7	0.03
75	23	957	73	33	0.03
75	24	64	30	14.58	3.17
75	25	665	45	17.32	3.17
75	26	995	54	28.81	3.17
75	27	908	71	28.03	0.03
75	28	865	70	24.73	0.03
75	29	834	49	2.28	3.17
76	0	621	44	8.99	3.17
76	1	526	42	3.8	3.17
76	2	677	45	8.99	3.17
76	3	120	51	4.87	0.03
76	4	313	36	16.47	3.17
76	5	896	51	33	3.17
76	6	609	44	0	3.17
76	7	50	46	16.41	1.6
76	8	810	49	2.43	3.17
76	9	96	51	5.34	0.03
76	10	466	60	12.73	0.03
76	11	385	38	26.69	3.17
76	12	286	56	18.37	0.03
76	13	790	48	0	3.17
76	14	724	47	21.01	3.17
76	15	275	35	24.13	3.17
76	16	995	54	24.19	4.74
76	17	544	42	3.8	3.17
76	18	76	50	0	0.03
76	19	854	70	26.21	0.03
76	20	649	65	0	0.03
76	21	799	69	33	0.03
76	22	620	64	0	0.03
76	23	990	73	33	0.03
76	24	51	30	13.77	3.17
76	25	656	45	8.99	3.17
76	26	962	53	33	3.17
76	27	937	72	28.57	0.03
76	28	897	71	31.73	0.03
76	29	826	49	7.38	3.17
77	0	618	44	3	3.17
77	1	520	41	6.44	3.17
77	2	673	45	3.33	3.17
77	3	133	52	12.6	0.03
77	4	292	36	21.3	3.17
77	5	863	50	33	3.17
77	6	609	44	0	3.17
77	7	50	50	25.3	1.6
77	8	802	49	8.65	3.17
77	9	110	51	14.2	0.03
77	10	485	61	19.06	0.03
77	11	352	37	33	3.17
77	12	307	56	21.1	0.03
77	13	790	48	0	3.17
77	14	720	47	3.33	3.17
77	15	245	34	30.03	3.17
77	16	995	54	21.66	3.17
77	17	536	42	8.91	3.17
77	18	78	50	1.93	0.03
77	19	880	71	26.06	0.03
77	20	654	65	5.06	0.03
77	21	832	69	32.74	0.03
77	22	622	64	2.14	0.03
77	23	995	74	33	0.03
77	24	50	30	16.38	3.17
77	25	641	45	14.78	3.17
77	26	929	52	33	3.17
77	27	967	73	30.17	0.03
77	28	930	72	33	0.03
77	29	818	49	8.65	3.17
78	0	613	44	5.19	3.17
78	1	517	41	2.68	3.17
78	2	667	45	6.66	3.17
78	3	152	52	18.55	0.03
78	4	268	35	23.53	3.17
78	5	859	50	4.3	3.17
78	6	603	44	5.95	3.17
78	7	50	50	29.27	0.03
78	8	797	48	4.88	3.17
78	9	126	51	15.81	0.03
78	10	507	61	21.85	0.03
78	11	319	36	33	3.17
78	12	337	57	29.61	0.03
78	13	786	48	4.88	3.17
78	14	714	46	6.24	3.17
78	15	220	34	25.15	3.17
78	16	969	53	25.75	3.17
78	17	533	42	2.68	3.17
78	18	78	50	0	0.03
78	19	899	71	18.87	0.03
78	20	665	65	11.09	0.03
78	21	865	70	33	0.03
78	22	628	64	5.32	0.03
78	23	995	74	33	4.74
78	24	50	50	21.82	1.6
78	25	630	44	11.62	3.17
78	26	903	51	26.11	3.17
78	27	995	74	33	0.03
78	28	956	73	26.47	0.03
78	29	813	49	4.3	3.17
79	0	610	44	3.03	3.17
79	1	511	41	6.29	3.17
79	2	652	45	15.23	3.17
79	3	166	52	14.83	0.03
79	4	253	35	15.41	3.17
79	5	848	50	10.78	3.17
79	6	602	44	0.58	3.17
79	7	52	50	2.02	0.03
79	8	797	48	0	3.17
79	9	141	52	14.83	0.03
79	10	534	62	27	0.03
79	11	290	36	29.21	3.17
79	12	370	58	33	0.03
79	13	773	48	12.91	3.17
79	14	714	46	0	3.17
79	15	205	33	15.35	3.17
79	16	951	52	18.03	3.17
79	17	529	42	4.12	3.17
79	18	80	50	2.02	0.03
79	19	911	71	12.18	0.03
79	20	685	66	19.39	0.03
79	21	877	71	12.18	0.03
79	22	628	64	0	0.03
79	23	995	54	23.68	4.74
79	24	50	50	29.42	0.03
79	25	627	44	3.03	3.17
79	26	886	51	16.73	3.17
79	27	995	74	33	4.74
79	28	983	73	27.37	0.03
79	29	808	49	5.99	3.17
80	0	610	44	0	3.17
80	1	495	41	16.28	3.17
80	2	647	45	5	3.17
80	3	177	53	11.01	0.03
80	4	243	34	9.38	3.17
80	5	833	49	14.5	3.17
80	6	602	44	0	3.17
80	7	62	50	10.56	0.03
80	8	797	48	0	3.17
80	9	152	52	11.01	0.03
80	10	551	62	17.03	0.03
80	11	281	35	9.38	3.17
80	12	403	58	33	0.03
80	13	751	47	22.05	3.17
80	14	714	46	0	3.17
80	15	189	33	16.18	3.17
80	16	925	52	25.78	3.17
80	17	520	41	8.36	3.17
80	18	91	51	11.14	0.03
80	19	915	71	4.58	0.03
80	20	700	66	15	0.03
80	21	880	71	3.08	0.03
80	22	630	64	1.98	0.03
80	23	995	54	27.08	3.17
80	24	60	50	10.56	0.03
80	25	622	44	5	3.17
80	26	874	50	12.2	3.17
80	27	995	54	27.08	4.74
80	28	995	74	33	0.03
80	29	808	49	0	3.17
81	0	606	44	4.41	3.17
81	1	475	40	19.48	3.17
81	2	647	45	0	3.17
81	3	192	53	14.9	0.03
81	4	235	34	7.75	3.17
81	5	830	49	3.14	3.17
81	6	598	43	4.41	3.17
81	7	67	50	4.93	0.03
81	8	792	48	4.8	3.17
81	9	159	52	7.58	0.03
81	10	568	63	17.16	0.03
81	11	270	35	10.58	3.17
81	12	436	59	33	0.03
81	13	738	47	12.93	3.17
81	14	714	46	0	3.17
81	15	175	33	13.77	3.17
81	16	892	51	33	3.17
81	17	518	41	2.74	3.17
81	18	96	51	4.94	0.03
81	19	923	72	7.54	0.03
81	20	708	66	7.83	0.03
81	21	891	71	11.29	0.03
81	22	635	64	5.47	0.03
81	23	962	53	33	3.17
81	24	65	50	4.93	0.03
81	25	617	44	5.02	3.17
81	26	856	50	18.23	3.17
81	27	995	54	32.06	3.17
81	28	995	74	26.99	4.74
81	29	804	49	3.14	3.17
82	0	595	43	11.18	3.17
82	1	463	40	12.01	3.17
82	2	647	45	0	3.17
82	3	204	53	12.15	0.03
82	4	224	34	11.03	3.17
82	5	818	49	12.7	3.17
82	6	586	43	11.83	3.17
82	7	76	50	9.2	0.03
82	8	783	48	9.42	3.17
82	9	174	53	14.61	0.03
82	10	593	63	24.73	0.03
82	11	254	35	16.53	3.17
82	12	469	60	33	0.03
82	13	738	47	0	3.17
82	14	714	46	0	3.17
82	15	161	32	14.05	3.17
82	16	874	50	18.87	3.17
82	17	518	41	0	3.17
82	18	102	51	6.44	0.03
82	19	923	72	0	0.03
82	20	715	66	7.23	0.03
82	21	906	71	15.14	0.03
82	22	644	65	9.28	0.03
82	23	929	52	33	3.17
82	24	74	50	9.2	0.03
82	25	606	44	11.18	3.17
82	26	837	49	18.87	3.17
82	27	970	53	25.11	3.17
82	28	995	54	26.55	4.74
82	29	795	48	9.42	3.17
83	0	579	43	15.51	3.17
83	1	443	39	20.16	3.17
83	2	642	45	4.32	3.17
83	3	222	54	17.68	0.03
83	4	223	34	1.17	3.17
83	5	805	49	12.64	3.17
83	6	570	43	15.51	3.17
83	7	76	50	0	0.03
83	8	770	48	12.64	3.17
83	9	189	53	15.09	0.03
83	10	622	64	29.29	0.03
83	11	253	35	1.17	3.17
83	12	502	61	33	0.03
83	13	737	47	0.31	3.17
83	14	712	46	1.73	3.17
83	15	145	32	15.52	3.17
83	16	849	50	24.18	3.17
83	17	513	41	4.64	3.17
83	18	102	51	0.01	0.03
83	19	923	72	0	0.03
83	20	724	67	9.68	0.03
83	21	906	71	0	0.03
83	22	656	65	12.06	0.03
83	23	896	51	33	3.17
83	24	74	50	0	0.03
83	25	599	43	7	3.17
83	26	824	49	12.64	3.17
83	27	949	52	20.75	3.17
83	28	995	54	33	3.17
83	29	782	48	12.64	3.17
84	0	569	43	10.39	3.17
84	1	420	39	22.85	3.17
84	2	628	44	14.21	3.17
84	3	241	54	18.76	0.03
84	4	218	34	5.44	3.17
84	5	795	48	9.81	3.17
84	6	548	42	22.4	3.17
84	7	82	50	5.75	0.03
84	8	762	48	7.75	3.17
84	9	204	53	15.5	0.03
84	10	633	64	11.13	0.03
84	11	253	35	0	3.17
84	12	535	62	33	0.03
84	13	733	47	4.05	3.17
84	14	712	46	0	3.17
84	15	122	31	23.57	3.17
84	16	840	50	9.81	3.17
84	17	513	41	0	3.17
84	18	102	51	0	0.03
84	19	927	72	3.78	0.03
84	20	734	67	9.51	0.03
84	21	913	71	6.81	0.03
84	22	668	65	11.13	0.03
84	23	870	50	25.96	3.17
84	24	80	50	5.75	0.03
84	25	588	43	10.39	3.17
84	26	814	49	9.81	3.17
84	27	935	52	13.82	3.17
84	28	981	53	13.82	3.17
84	29	775	48	7.75	3.17
85	0	556	42	12.79	3.17
85	1	402	38	18.55	3.17
85	2	621	44	7.04	3.17
85	3	253	55	12.6	0.03
85	4	209	34	9.31	3.17
85	5	795	48	0.64	3.17
85	6	535	42	12.79	3.17
85	7	87	50	4.67	0.03
85	8	752	47	10.11	3.17
85	9	221	54	16.52	0.03
85	10	650	65	17.24	0.03
85	11	244	34	8.04	3.17
85	12	568	63	33	0.03
85	13	729	47	3.97	3.17
85	14	712	46	0	3.17
85	15	90	31	31.37	3.17
85	16	829	49	10.28	3.17
85	17	513	41	0	3.17
85	18	106	51	3.31	0.03
85	19	933	72	6.56	0.03
85	20	739	67	5.15	0.03
85	21	915	71	1.91	0.03
85	22	681	66	13.75	0.03
85	23	860	50	10.28	3.17
85	24	85	50	4.67	0.03
85	25	575	43	12.79	3.17
85	26	809	49	5	3.17
85	27	919	52	16.35	3.17
85	28	969	53	12.17	3.17
85	29	764	48	10.11	3.17
86	0	547	42	9.37	3.17
86	1	378	38	23.3	3.17
86	2	606	44	15.27	3.17
86	3	263	55	9.21	0.03
86	4	205	33	3.66	3.17
86	5	784	48	10.4	3.17
86	6	527	42	8.04	3.17
86	7	92	51	5.03	0.03
86	8	750	47	1.88	3.17
86	9	230	54	9.21	0.03
86	10	662	65	11.76	0.03
86	11	241	34	3.57	3.17
86	12	601	63	33	0.03
86	13	728	47	1.88	3.17
86	14	710	46	1.88	3.17
86	15	57	30	33	3.17
86	16	815	49	14.01	3.17
86	17	505	41	8.04	3.17
86	18	114	51	7.96	0.03
86	19	942	72	9.31	0.03
86	20	753	67	13.56	0.03
86	21	915	71	0	0.03
86	22	700	66	18.98	0.03
86	23	847	50	12.89	3.17
86	24	89	50	4.07	0.03
86	25	566	43	9.15	3.17
86	26	799	49	10.05	3.17
86	27	896	51	23.16	3.17
86	28	959	53	10.2	3.17
86	29	763	48	1.88	3.17
87	0	542	42	4.26	3.17
87	1	348	37	30.91	3.17
87	2	586	43	19.95	3.17
87	3	267	55	4.62	0.03
87	4	192	33	13.3	3.17
87	5	772	48	12.03	3.17
87	6	523	42	4.26	3.17
87	7	92	51	0	0.03
87	8	740	47	10.3	3.17
87	9	244	54	13.94	0.03
87	10	677	65	14.77	0.03
87	11	241	34	0	3.17
87	12	634	64	33	0.03
87	13	718	46	9.98	3.17
87	14	701	46	9.16	3.17
87	15	50	30	33	3.17
87	16	808	49	7.4	3.17
87	17	494	41	11.29	3.17
87	18	114	51	0	0.03
87	19	956	73	13.29	0.03
87	20	774	68	21.64	0.03
87	21	915	71	0	0.03
87	22	721	67	20.74	0.03
87	23	834	49	13.34	3.17
87	24	89	50	0	0.03
87	25	564	43	2.38	3.17
87	26	787	48	12.03	3.17
87	27	872	50	24.31	3.17
87	28	945	52	14.09	3.17
87	29	752	47	10.3	3.17
88	0	533	42	9.17	3.17
88	1	323	36	24.27	3.17
88	2	582	43	3.69	3.17
88	3	281	55	14.15	0.03
88	4	174	33	17.08	3.17
88	5	758	47	14.18	3.17
88	6	518	41	4.78	3.17
88	7	99	51	7.71	0.03
88	8	727	47	12.74	3.17
88	9	258	55	14.15	0.03
88	10	695	66	18	0.03
88	11	241	34	0	3.17
88	12	652	65	18	0.03
88	13	703	46	14.26	3.17
88	14	687	46	14.26	3.17
88	15	50	50	33	1.6
88	16	795	48	12.58	3.17
88	17	486	41	7.79	3.17
88	18	114	51	0	0.03
88	19	968	73	12.29	0.03
88	20	805	69	30.72	0.03
88	21	915	71	0	0.03
88	22	748	67	27.23	0.03
88	23	819	49	14.3	3.17
88	24	89	51	0.83	0.03
88	25	560	42	3.69	3.17
88	26	775	48	12.58	3.17
88	27	856	50	15.68	3.17
88	28	930	52	15.25	3.17
88	29	740	47	12.74	3.17
89	0	522	41	10.91	3.17
89	1	305	36	18.68	3.17
89	2	573	43	9.22	3.17
89	3	305	56	23.53	0.03
89	4	155	32	19.29	3.17
89	5	750	47	7.79	3.17
89	6	507	41	10.91	3.17
89	7	107	51	7.59	0.03
89	8	719	47	7.79	3.17
89	9	277	55	18.31	0.03
89	10	715	66	20.62	0.03
89	11	241	34	0	3.17
89	12	666	65	14.74	0.03
89	13	685	46	18.67	3.17
89	14	668	45	18.67	3.17
89	15	50	50	33	0.03
89	16	783	48	12.64	3.17
89	17	481	40	5.02	3.17
89	18	119	51	5.77	0.03
89	19	988	73	19.5	0.03
89	20	835	69	29.9	0.03
89	21	915	71	0	0.03
89	22	768	68	20.24	0.03
89	23	808	49	11.56	3.17
89	24	97	51	7.59	0.03
89	25	560	42	0	3.17
89	26	765	48	9.42	3.17
89	27	834	49	22.07	3.17
89	28	921	52	8.17	3.17
89	29	732	47	7.79	3.17
90	0	510	41	12.1	3.17
90	1	285	35	19.17	3.17
90	2	572	43	1.05	3.17
90	3	330	57	24.69	0.03
90	4	128	31	26.81	3.17
90	5	750	47	0	3.17
90	6	495	41	12.1	3.17
90	7	115	51	8.51	0.03
90	8	715	46	4.61	3.17
90	9	292	56	15.19	0.03
90	10	741	67	25.47	0.03
90	11	241	34	0	3.17
90	12	674	65	7.26	0.03
90	13	663	45	21.43	3.17
90	14	645	45	23.23	3.17
90	15	54	50	4.48	0.03
90	16	783	48	0	3.17
90	17	474	40	7.03	3.17
90	18	125	51	5.6	0.03
90	19	995	74	16.5	0.03
90	20	866	70	30.7	0.03
90	21	924	72	9.05	0.03
90	22	791	68	22.32	0.03
90	23	796	48	11.4	3.17
90	24	102	51	4.48	0.03
90	25	559	42	1.05	3.17
90	26	765	48	0	3.17
90	27	822	49	11.4	3.17
90	28	912	51	9.54	3.17
90	29	732	47	0	3.17
