
1	0	503	41	0.32	3.17
1	1	944	52	2.16	3.17
1	2	81	30	1.12	3.17
1	3	454	40	7.79	3.17
1	4	783	68	1.01	0.03
1	5	253	55	0	0.03
1	6	732	67	5.76	0.03
1	7	395	38	2.14	3.17
1	8	935	72	0	0.03
1	9	948	72	0	0.03
1	10	91	31	9.43	3.17
1	11	165	52	1	0.03
1	12	430	39	0	3.17
1	13	274	55	0	0.03
1	14	245	54	0	0.03
1	15	878	51	0	3.17
1	16	233	54	7.35	0.03
1	17	261	55	0	0.03
1	18	498	61	0.31	0.03
1	19	191	53	0.71	0.03
1	20	933	72	0	0.03
1	21	645	65	0.75	0.03
1	22	988	73	0	0.03
1	23	271	55	0	0.03
1	24	235	54	8	0.03
1	25	660	65	9.42	0.03
1	26	485	41	0	3.17
1	27	803	69	2.99	0.03
1	28	609	44	0	3.17
1	29	985	73	0	0.03
1	30	623	64	0	0.03
1	31	948	72	0	0.03
1	32	626	44	6.24	3.17
1	33	977	73	1.27	0.03
1	34	541	62	3.89	0.03
1	35	530	42	2.85	3.17
1	36	280	55	0	0.03
1	37	176	53	0.98	0.03
1	38	465	60	0	0.03
1	39	314	36	0	3.17
2	0	498	41	5.25	3.17
2	1	933	52	10.08	3.17
2	2	81	30	0.02	3.17
2	3	454	40	0	3.17
2	4	792	68	8.3	0.03
2	5	253	55	0	0.03
2	6	738	67	6.42	0.03
2	7	393	38	1.59	3.17
2	8	935	72	0.26	0.03
2	9	948	72	0	0.03
2	10	91	31	0.02	3.17
2	11	165	52	0.61	0.03
2	12	430	39	0	3.17
2	13	279	55	5.19	0.03
2	14	245	54	0	0.03
2	15	878	51	0	3.17
2	16	233	54	0	0.03
2	17	261	55	0	0.03
2	18	503	61	4.64	0.03
2	19	191	53	0	0.03
2	20	933	72	0.26	0.03
2	21	645	65	0.62	0.03
2	22	990	73	1.53	0.03
2	23	276	55	5.19	0.03
2	24	235	54	0	0.03
2	25	675	65	15.02	0.03
2	26	480	40	4.68	3.17
2	27	812	69	8.86	0.03
2	28	602	44	6.76	3.17
2	29	986	73	1.53	0.03
2	30	629	64	5.8	0.03
2	31	948	72	0	0.03
2	32	625	44	1.84	3.17
2	33	979	73	2.22	0.03
2	34	541	62	0	0.03
2	35	518	41	11.92	3.17
2	36	287	56	6.7	0.03
2	37	176	53	0	0.03
2	38	470	60	4.43	0.03
2	39	307	36	6.4	3.17
3	0	490	41	7.35	3.17
3	1	916	51	17.5	3.17
3	2	74	30	7.27	3.17
3	3	454	40	0	3.17
3	4	802	69	10.07	0.03
3	5	258	55	5.63	0.03
3	6	752	67	14.41	0.03
3	7	388	38	5.44	3.17
3	8	940	72	4.66	0.03
3	9	948	72	0	0.03
3	10	86	30	4.62	3.17
3	11	165	52	0	0.03
3	12	425	39	5.66	3.17
3	13	284	55	4.06	0.03
3	14	245	54	0	0.03
3	15	871	50	6.97	3.17
3	16	233	54	0	0.03
3	17	266	55	5.63	0.03
3	18	512	61	9.68	0.03
3	19	191	53	0	0.03
3	20	933	72	0	0.03
3	21	649	65	4.36	0.03
3	22	993	73	3.73	0.03
3	23	276	55	0	0.03
3	24	235	54	0	0.03
3	25	692	66	16.89	0.03
3	26	477	40	3.13	3.17
3	27	822	69	10.07	0.03
3	28	598	43	3.71	3.17
3	29	986	73	0	0.03
3	30	633	64	4.36	0.03
3	31	948	72	0	0.03
3	32	625	44	0	3.17
3	33	979	73	0	0.03
3	34	541	62	0	0.03
3	35	511	41	7.35	3.17
3	36	298	56	11.61	0.03
3	37	176	53	0	0.03
3	38	477	60	7.58	0.03
3	39	303	36	4.07	3.17
4	0	490	41	0	3.17
4	1	889	51	27.44	3.17
4	2	63	30	11.06	3.17
4	3	454	40	0	3.17
4	4	820	69	18.6	0.03
4	5	266	55	7.83	0.03
4	6	768	68	15.54	0.03
4	7	377	38	10.49	3.17
4	8	942	72	2.24	0.03
4	9	955	73	7.6	0.03
4	10	79	30	7.18	3.17
4	11	165	52	0	0.03
4	12	425	39	0	3.17
4	13	295	56	11.87	0.03
4	14	252	55	6.42	0.03
4	15	856	50	15.32	3.17
4	16	233	54	0	0.03
4	17	274	55	7.83	0.03
4	18	527	62	14.75	0.03
4	19	191	53	0	0.03
4	20	935	72	2.24	0.03
4	21	656	65	6.46	0.03
4	22	995	74	9.01	0.03
4	23	284	55	7.83	0.03
4	24	235	54	0	0.03
4	25	708	66	15.52	0.03
4	26	468	40	9.19	3.17
4	27	840	70	18.6	0.03
4	28	598	43	0	3.17
4	29	986	73	0	0.03
4	30	643	65	9.8	0.03
4	31	950	72	2.24	0.03
4	32	625	44	0	3.17
4	33	979	73	0	0.03
4	34	542	62	1.26	0.03
4	35	504	41	7.38	3.17
4	36	313	56	14.38	0.03
4	37	176	53	0	0.03
4	38	488	61	10.31	0.03
4	39	303	36	0	3.17
5	0	484	41	6.42	3.17
5	1	861	50	27.51	3.17
5	2	50	30	13.48	3.17
5	3	454	40	0	3.17
5	4	832	69	11.45	0.03
5	5	270	55	3.72	0.03
5	6	784	68	16.36	0.03
5	7	365	38	12.64	3.17
5	8	942	72	0	0.03
5	9	956	73	0.49	0.03
5	10	65	30	13.48	3.17
5	11	166	52	1.11	0.03
5	12	421	39	3.76	3.17
5	13	311	56	15.77	0.03
5	14	252	55	0	0.03
5	15	833	49	23.31	3.17
5	16	233	54	0	0.03
5	17	278	55	3.72	0.03
5	18	538	62	10.29	0.03
5	19	193	53	1.59	0.03
5	20	935	72	0	0.03
5	21	666	65	10.41	0.03
5	22	995	74	6.66	4.74
5	23	298	56	14.34	0.03
5	24	235	54	0	0.03
5	25	730	67	21.7	0.03
5	26	468	40	0	3.17
5	27	857	70	16.55	0.03
5	28	598	43	0	3.17
5	29	986	73	0	0.03
5	30	651	65	8.28	0.03
5	31	952	72	1.83	0.03
5	32	623	44	1.87	3.17
5	33	979	73	0.49	0.03
5	34	552	62	10.29	0.03
5	35	497	41	6.42	3.17
5	36	337	57	24.1	0.03
5	37	178	53	1.59	0.03
5	38	501	61	13.69	0.03
5	39	297	36	6.72	3.17
6	0	484	41	0	3.17
6	1	840	50	20.79	3.17
6	2	50	30	19.91	1.6
6	3	444	40	9.4	3.17
6	4	850	70	17.85	0.03
6	5	277	55	7.4	0.03
6	6	797	68	12.63	0.03
6	7	347	37	18.07	3.17
6	8	946	72	4.18	0.03
6	9	964	73	8.71	0.03
6	10	56	30	9.11	3.17
6	11	166	52	0	0.03
6	12	408	39	12.37	3.17
6	13	326	57	14.71	0.03
6	14	255	55	3.09	0.03
6	15	812	49	20.79	3.17
6	16	233	54	0	0.03
6	17	285	55	7.04	0.03
6	18	543	62	5.79	0.03
6	19	199	53	6.62	0.03
6	20	940	72	4.18	0.03
6	21	680	66	13.71	0.03
6	22	995	62	11.56	4.74
6	23	307	56	8.62	0.03
6	24	235	54	0	0.03
6	25	742	67	12.76	0.03
6	26	464	40	3.7	3.17
6	27	880	71	22.5	0.03
6	28	593	43	4.85	3.17
6	29	994	73	7.73	0.03
6	30	665	65	13.71	0.03
6	31	956	73	4.18	0.03
6	32	616	44	6.61	3.17
6	33	979	73	0	0.03
6	34	558	62	5.79	0.03
6	35	497	41	0	3.17
6	36	365	58	28	0.03
6	37	181	53	2.9	0.03
6	38	512	61	10.64	0.03
6	39	294	36	2.21	3.17
7	0	481	40	3.32	3.17
7	1	818	49	21.82	3.17
7	2	50	50	28.02	1.6
7	3	439	39	5.32	3.17
7	4	874	70	23.93	0.03
7	5	288	56	10.92	0.03
7	6	801	69	4.55	0.03
7	7	332	37	14.4	3.17
7	8	952	72	5.35	0.03
7	9	969	73	4.99	0.03
7	10	50	30	6.16	3.17
7	11	168	53	1.69	0.03
7	12	398	38	10.91	3.17
7	13	350	57	24.13	0.03
7	14	255	55	0	0.03
7	15	790	48	21.82	3.17
7	16	233	54	0	0.03
7	17	297	56	12.28	0.03
7	18	554	62	10.22	0.03
7	19	205	53	5.36	0.03
7	20	945	72	5.35	0.03
7	21	696	66	16.11	0.03
7	22	995	54	11.58	4.74
7	23	320	56	12.71	0.03
7	24	243	54	8	0.03
7	25	756	67	14.06	0.03
7	26	457	40	7.23	3.17
7	27	907	71	27.29	0.03
7	28	581	43	12.05	3.17
7	29	994	73	0	0.03
7	30	681	66	16.11	0.03
7	31	961	73	4.99	0.03
7	32	606	44	10.41	3.17
7	33	983	73	3.82	0.03
7	34	569	63	10.38	0.03
7	35	497	41	0	3.17
7	36	397	58	32.04	0.03
7	37	183	53	1.91	0.03
7	38	513	61	1.46	0.03
7	39	290	36	3.83	3.17
8	0	477	40	3.33	3.17
8	1	804	49	14.2	3.17
8	2	50	50	25.1	0.03
8	3	431	39	8.37	3.17
8	4	874	70	0	0.03
8	5	293	56	5.02	0.03
8	6	802	69	0.59	0.03
8	7	314	36	18.03	3.17
8	8	952	72	0	0.03
8	9	972	73	2.64	0.03
8	10	50	30	7.27	1.6
8	11	176	53	7.97	0.03
8	12	391	38	6.69	3.17
8	13	381	58	31.12	0.03
8	14	255	55	0	0.03
8	15	776	48	14.66	3.17
8	16	233	54	0	0.03
8	17	302	56	5.02	0.03
8	18	566	63	12.81	0.03
8	19	217	54	12.03	0.03
8	20	945	72	0	0.03
8	21	722	67	25.47	0.03
8	22	974	53	20.7	3.17
8	23	326	57	6.07	0.03
8	24	243	54	0	0.03
8	25	779	68	22.35	0.03
8	26	448	40	8.81	3.17
8	27	907	71	0	0.03
8	28	571	43	10.61	3.17
8	29	995	74	2.64	0.03
8	30	692	66	10.69	0.03
8	31	961	73	0	0.03
8	32	595	43	10.61	3.17
8	33	986	73	2.64	0.03
8	34	581	63	12.81	0.03
8	35	496	41	1.42	3.17
8	36	419	59	22.18	0.03
8	37	190	53	7.23	0.03
8	38	520	61	6.62	0.03
8	39	287	36	3.35	3.17
9	0	473	40	4.66	3.17
9	1	791	48	12.75	3.17
9	2	65	50	15.68	0.03
9	3	417	39	13.96	3.17
9	4	874	70	0.02	0.03
9	5	297	56	3.58	0.03
9	6	809	69	6.7	0.03
9	7	303	36	10.85	3.17
9	8	952	72	0	0.03
9	9	976	73	4.36	0.03
9	10	50	30	0	1.6
9	11	183	53	7.53	0.03
9	12	383	38	7.53	3.17
9	13	414	59	33	0.03
9	14	260	55	5.18	0.03
9	15	766	48	9.18	3.17
9	16	237	54	3.88	0.03
9	17	302	56	0	0.03
9	18	571	63	4.35	0.03
9	19	221	54	3.88	0.03
9	20	945	72	0	0.03
9	21	728	67	6.7	0.03
9	22	959	53	15.09	3.17
9	23	335	57	9.5	0.03
9	24	243	54	0	0.03
9	25	785	68	6.7	0.03
9	26	438	39	10.23	3.17
9	27	910	71	3.33	0.03
9	28	558	42	12.37	3.17
9	29	995	74	11.45	4.74
9	30	708	66	16.59	0.03
9	31	961	73	0	0.03
9	32	583	43	12.3	3.17
9	33	986	73	0	0.03
9	34	586	63	4.35	0.03
9	35	489	41	6.86	3.17
9	36	450	60	31.13	0.03
9	37	198	53	7.53	0.03
9	38	524	62	4.05	0.03
9	39	283	35	3.9	3.17
10	0	464	40	8.33	3.17
10	1	775	48	16.57	3.17
10	2	81	50	15.63	0.03
10	3	410	39	6.12	3.17
10	4	874	70	0	0.03
10	5	297	56	0	0.03
10	6	822	69	13.67	0.03
10	7	291	36	12.89	3.17
10	8	952	72	0	0.03
10	9	979	73	2.76	0.03
10	10	50	30	0	1.6
10	11	183	53	0	0.03
10	12	377	38	6.12	3.17
10	13	447	60	33	0.03
10	14	260	55	0	0.03
10	15	752	47	14.16	3.17
10	16	237	54	0	0.03
10	17	302	56	0	0.03
10	18	573	63	2.52	0.03
10	19	221	54	0.51	0.03
10	20	945	72	0	0.03
10	21	728	67	0	0.03
10	22	942	52	17.62	3.17
10	23	350	57	15.13	0.03
10	24	243	54	0	0.03
10	25	791	68	5.81	0.03
10	26	426	39	12.21	3.17
10	27	910	71	0	0.03
10	28	538	42	20.03	3.17
10	29	995	65	8.13	4.74
10	30	708	66	0	0.03
10	31	961	73	0	0.03
10	32	577	43	5.89	3.17
10	33	986	73	0	0.03
10	34	593	63	6.83	0.03
10	35	488	41	0.6	3.17
10	36	483	61	33	0.03
10	37	198	53	0	0.03
10	38	535	62	10.68	0.03
10	39	273	35	10.12	3.17
11	0	464	40	0	3.17
11	1	760	48	15.27	3.17
11	2	99	51	18.65	0.03
11	3	398	38	12.71	3.17
11	4	883	71	9.75	0.03
11	5	298	56	0.9	0.03
11	6	830	69	7.24	0.03
11	7	288	36	2.93	3.17
11	8	952	72	0	0.03
11	9	979	73	0	0.03
11	10	50	31	1.12	1.6
11	11	186	53	2.68	0.03
11	12	376	38	1.19	3.17
11	13	449	60	2.41	0.03
11	14	263	55	2.88	0.03
11	15	737	47	15.27	3.17
11	16	244	54	7.16	0.03
11	17	302	56	0	0.03
11	18	583	63	10.23	0.03
11	19	225	54	3.44	0.03
11	20	945	72	0	0.03
11	21	737	67	8.56	0.03
11	22	916	51	25.94	3.17
11	23	357	57	7.16	0.03
11	24	252	55	8.95	0.03
11	25	791	68	0	0.03
11	26	413	39	12.71	3.17
11	27	916	72	5.7	0.03
11	28	538	42	0	3.17
11	29	995	54	14.57	4.74
11	30	718	66	9.24	0.03
11	31	961	73	0	0.03
11	32	565	43	12.33	3.17
11	33	986	73	0	0.03
11	34	596	63	3.19	0.03
11	35	488	41	0	3.17
11	36	485	61	2.41	0.03
11	37	207	53	9.41	0.03
11	38	537	62	2.41	0.03
11	39	269	35	4.32	3.17
12	0	459	40	5.32	3.17
12	1	740	47	20.06	3.17
12	2	109	51	9.73	0.03
12	3	398	38	0	3.17
12	4	888	71	4.28	0.03
12	5	298	56	0	0.03
12	6	830	69	0	0.03
12	7	288	36	0	3.17
12	8	952	72	0	0.03
12	9	979	73	0	0.03
12	10	50	41	10.79	1.6
12	11	197	53	11.19	0.03
12	12	376	38	0	3.17
12	13	455	60	5.6	0.03
12	14	272	55	8.55	0.03
12	15	718	46	18.98	3.17
12	16	253	55	9.04	0.03
12	17	302	56	0	0.03
12	18	587	63	4.08	0.03
12	19	238	54	13.41	0.03
12	20	945	72	0	0.03
12	21	745	67	8.5	0.03
12	22	891	51	24.34	3.17
12	23	370	58	13.03	0.03
12	24	261	55	9.04	0.03
12	25	791	68	0	0.03
12	26	407	39	5.54	3.17
12	27	925	72	9.07	0.03
12	28	538	42	0.77	3.17
12	29	978	53	16.74	3.17
12	30	720	67	2.76	0.03
12	31	961	73	0.07	0.03
12	32	564	43	0.77	3.17
12	33	986	73	0.37	0.03
12	34	596	63	0	0.03
12	35	480	40	8	3.17
12	36	496	61	10.23	0.03
12	37	218	54	10.99	0.03
12	38	542	62	4.87	0.03
12	39	269	35	0	3.17
13	0	458	40	1.47	3.17
13	1	717	46	22.9	3.17
13	2	127	51	17.6	0.03
13	3	395	38	2.91	3.17
13	4	896	71	8.8	0.03
13	5	298	56	0.32	0.03
13	6	836	69	6.35	0.03
13	7	282	35	5.65	3.17
13	8	952	72	0	0.03
13	9	979	73	0	0.03
13	10	50	50	15.86	1.6
13	11	198	53	0.84	0.03
13	12	373	38	3.08	3.17
13	13	455	60	0.2	0.03
13	14	281	55	9.13	0.03
13	15	693	46	24.62	3.17
13	16	254	55	0.84	0.03
13	17	302	56	0	0.03
13	18	587	63	0	0.03
13	19	239	54	0.84	0.03
13	20	945	72	0	0.03
13	21	749	67	3.8	0.03
13	22	866	50	25.04	3.17
13	23	385	58	15.08	0.03
13	24	262	55	0.84	0.03
13	25	791	68	0	0.03
13	26	407	39	0	3.17
13	27	931	72	6.45	0.03
13	28	538	42	0	3.17
13	29	962	53	16.29	3.17
13	30	722	67	1.54	0.03
13	31	961	73	0	0.03
13	32	559	42	4.82	3.17
13	33	994	73	8.26	0.03
13	34	596	63	0	0.03
13	35	480	40	0.37	3.17
13	36	508	61	11.93	0.03
13	37	219	54	0.84	0.03
13	38	542	62	0	0.03
13	39	269	35	0	3.17
14	0	448	40	9.45	3.17
14	1	701	46	15.29	3.17
14	2	147	52	19.94	0.03
14	3	392	38	2.57	3.17
14	4	915	71	18.34	0.03
14	5	299	56	0.71	0.03
14	6	840	70	4.03	0.03
14	7	272	35	9.75	3.17
14	8	955	73	3.47	0.03
14	9	979	73	0	0.03
14	10	50	50	22.9	0.03
14	11	202	53	3.65	0.03
14	12	370	38	2.57	3.17
14	13	460	60	4.58	0.03
14	14	287	56	6.7	0.03
14	15	678	45	15.29	3.17
14	16	259	55	4.8	0.03
14	17	309	56	7.16	0.03
14	18	591	63	3.03	0.03
14	19	239	54	0	0.03
14	20	948	72	3.47	0.03
14	21	749	67	0	0.03
14	22	836	49	30.56	3.17
14	23	407	59	21.28	0.03
14	24	267	55	4.79	0.03
14	25	791	68	0	0.03
14	26	406	39	1.94	3.17
14	27	935	72	3.47	0.03
14	28	538	42	0	3.17
14	29	953	52	8.58	3.17
14	30	731	67	8.83	0.03
14	31	965	73	3.47	0.03
14	32	559	42	0	3.17
14	33	995	74	16.54	0.03
14	34	599	63	3.03	0.03
14	35	480	40	0	3.17
14	36	510	61	2.64	0.03
14	37	219	54	0	0.03
14	38	545	62	2.64	0.03
14	39	259	35	9.75	3.17
15	0	439	39	8.88	3.17
15	1	683	46	18.86	3.17
15	2	166	52	19.45	0.03
15	3	382	38	10.24	3.17
15	4	918	72	3.36	0.03
15	5	307	56	7.97	0.03
15	6	840	70	0	0.03
15	7	266	35	6.43	3.17
15	8	955	73	0	0.03
15	9	980	73	0.55	0.03
15	10	64	50	14.78	0.03
15	11	202	53	0	0.03
15	12	362	37	8.23	3.17
15	13	460	60	0	0.03
15	14	295	56	7.85	0.03
15	15	663	45	15.37	3.17
15	16	260	55	1.76	0.03
15	17	318	56	9.18	0.03
15	18	591	63	0	0.03
15	19	243	54	4.07	0.03
15	20	948	72	0	0.03
15	21	753	67	3.38	0.03
15	22	809	49	26.48	3.17
15	23	419	59	12.36	0.03
15	24	281	55	14.13	0.03
15	25	796	68	4.72	0.03
15	26	395	38	10.25	3.17
15	27	938	72	3.36	0.03
15	28	538	42	0	3.17
15	29	945	52	8.74	3.17
15	30	734	67	3.38	0.03
15	31	965	73	0.55	0.03
15	32	552	42	6.81	3.17
15	33	995	74	20.47	4.74
15	34	599	63	0	0.03
15	35	480	40	0	3.17
15	36	520	61	9.65	0.03
15	37	224	54	4.83	0.03
15	38	553	62	8.19	0.03
15	39	252	35	6.98	3.17
16	0	437	39	2.02	3.17
16	1	668	45	14.4	3.17
16	2	166	52	0	0.03
16	3	371	38	11.53	3.17
16	4	921	72	2.61	0.03
16	5	307	56	0	0.03
16	6	843	70	2.45	0.03
16	7	253	35	12.63	3.17
16	8	955	73	0	0.03
16	9	989	73	9.3	0.03
16	10	82	50	17.39	0.03
16	11	202	53	0	0.03
16	12	351	37	11.53	3.17
16	13	462	60	2.17	0.03
16	14	295	56	0	0.03
16	15	640	44	22.79	3.17
16	16	260	55	0	0.03
16	17	318	56	0	0.03
16	18	591	63	0	0.03
16	19	244	54	1.43	0.03
16	20	948	72	0	0.03
16	21	753	67	0	0.03
16	22	786	48	23.25	3.17
16	23	437	59	17.38	0.03
16	24	281	55	0	0.03
16	25	811	69	14.64	0.03
16	26	390	38	5.36	3.17
16	27	938	72	0	0.03
16	28	537	42	0.73	3.17
16	29	929	52	15.68	3.17
16	30	740	67	5.76	0.03
16	31	969	73	3.6	0.03
16	32	551	42	0.73	3.17
16	33	995	54	25.61	4.74
16	34	599	63	0	0.03
16	35	480	40	0	3.17
16	36	536	62	16.42	0.03
16	37	225	54	1.43	0.03
16	38	555	62	2.62	0.03
16	39	239	34	12.63	3.17
17	0	431	39	6.4	3.17
17	1	656	45	12.21	3.17
17	2	167	52	1.02	0.03
17	3	368	38	2.82	3.17
17	4	921	72	0	0.03
17	5	312	56	5.62	0.03
17	6	851	70	8.56	0.03
17	7	250	35	3.43	3.17
17	8	955	73	0	0.03
17	9	995	74	15.02	0.03
17	10	90	51	8.71	0.03
17	11	210	54	8.63	0.03
17	12	336	37	14.94	3.17
17	13	462	60	0	0.03
17	14	295	56	0	0.03
17	15	610	44	29.88	3.17
17	16	269	55	9.08	0.03
17	17	318	56	0	0.03
17	18	594	63	3.22	0.03
17	19	254	55	10.01	0.03
17	20	948	72	0	0.03
17	21	757	67	4.93	0.03
17	22	772	48	14.12	3.17
17	23	437	59	0	0.03
17	24	281	55	0	0.03
17	25	827	69	16.53	0.03
17	26	381	38	9.22	3.17
17	27	938	72	0	0.03
17	28	531	42	6.01	3.17
17	29	922	52	7.26	3.17
17	30	747	67	6.98	0.03
17	31	969	73	0	0.03
17	32	548	42	3.26	3.17
17	33	962	53	33	3.17
17	34	605	64	6.26	0.03
17	35	478	40	1.63	3.17
17	36	543	62	6.31	0.03
17	37	233	54	7.96	0.03
17	38	562	63	6.31	0.03
17	39	219	34	20.08	3.17
18	0	417	39	14.12	3.17
18	1	636	44	20.28	3.17
18	2	170	53	2.52	0.03
18	3	368	38	0	3.17
18	4	925	72	3.97	0.03
18	5	315	56	2.85	0.03
18	6	865	70	13.79	0.03
18	7	237	34	12.76	3.17
18	8	957	73	1.28	0.03
18	9	995	74	17.58	4.74
18	10	106	51	15.92	0.03
18	11	223	54	12.1	0.03
18	12	315	36	20.56	3.17
18	13	462	60	0	0.03
18	14	295	56	0	0.03
18	15	584	43	26.05	3.17
18	16	271	55	1.4	0.03
18	17	321	56	2.85	0.03
18	18	600	63	6.75	0.03
18	19	257	55	2.32	0.03
18	20	950	72	1.28	0.03
18	21	766	68	8.92	0.03
18	22	749	47	23.36	3.17
18	23	437	59	0	0.03
18	24	282	55	1.4	0.03
18	25	841	70	13.79	0.03
18	26	379	38	1.29	3.17
18	27	939	72	1.28	0.03
18	28	524	42	6.69	3.17
18	29	905	51	16.45	3.17
18	30	755	67	8.3	0.03
18	31	969	73	0	0.03
18	32	545	42	3.53	3.17
18	33	939	52	23.43	3.17
18	34	611	64	6.37	0.03
18	35	470	40	8.19	3.17
18	36	554	62	11.27	0.03
18	37	235	54	2.32	0.03
18	38	572	63	10.04	0.03
18	39	209	34	10.64	3.17
19	0	408	39	9	3.17
19	1	615	44	20.97	3.17
19	2	174	53	4.01	0.03
19	3	367	38	0.9	3.17
19	4	925	72	0	0.03
19	5	321	56	5.99	0.03
19	6	880	71	15.35	0.03
19	7	222	34	14.65	3.17
19	8	957	73	0	0.03
19	9	995	54	19.53	4.74
19	10	114	51	7.28	0.03
19	11	225	54	2.93	0.03
19	12	302	36	12.64	3.17
19	13	464	60	1.77	0.03
19	14	299	56	3.45	0.03
19	15	573	43	11.41	3.17
19	16	272	55	1.46	0.03
19	17	327	57	5.99	0.03
19	18	613	64	12.37	0.03
19	19	257	55	0	0.03
19	20	950	72	0	0.03
19	21	783	68	16.5	0.03
19	22	722	47	27	3.17
19	23	437	59	0	0.03
19	24	285	55	2.97	0.03
19	25	857	70	15.97	0.03
19	26	378	38	1.02	3.17
19	27	939	72	0	0.03
19	28	514	41	10.57	3.17
19	29	887	51	18.03	3.17
19	30	770	68	14.58	0.03
19	31	971	73	1.96	0.03
19	32	533	42	11.41	3.17
19	33	916	52	22.43	3.17
19	34	626	64	14.34	0.03
19	35	457	40	12.82	3.17
19	36	563	63	8.71	0.03
19	37	238	54	2.93	0.03
19	38	575	63	3.38	0.03
19	39	206	33	2.73	3.17
20	0	396	38	11.26	3.17
20	1	597	43	17.53	3.17
20	2	178	53	4.42	0.03
20	3	357	37	9.8	3.17
20	4	931	72	6.28	0.03
20	5	325	57	4.34	0.03
20	6	894	71	14.1	0.03
20	7	222	34	0	3.17
20	8	962	73	4.98	0.03
20	9	995	54	28.34	4.74
20	10	118	51	4.1	0.03
20	11	233	54	7.4	0.03
20	12	286	35	16.95	3.17
20	13	473	60	9.46	0.03
20	14	311	56	12.61	0.03
20	15	566	43	6.6	3.17
20	16	277	55	4.25	0.03
20	17	340	57	12.3	0.03
20	18	618	64	5.11	0.03
20	19	257	55	0	0.03
20	20	955	72	4.98	0.03
20	21	792	68	9.6	0.03
20	22	695	46	26.9	3.17
20	23	442	59	5.68	0.03
20	24	289	56	4.14	0.03
20	25	871	70	14.1	0.03
20	26	377	38	1.2	3.17
20	27	944	72	4.5	0.03
20	28	500	41	13.83	3.17
20	29	869	50	18.26	3.17
20	30	779	68	9.6	0.03
20	31	975	73	4.47	0.03
20	32	526	42	7.22	3.17
20	33	898	51	18.26	3.17
20	34	631	64	5.11	0.03
20	35	441	39	16.36	3.17
20	36	567	63	4.23	0.03
20	37	243	54	5.12	0.03
20	38	575	63	0	0.03
20	39	206	33	0	3.17
21	0	392	38	4.12	3.17
21	1	582	43	15.22	3.17
21	2	178	53	0	0.03
21	3	355	37	1.81	3.17
21	4	935	72	4.24	0.03
21	5	330	57	4.4	0.03
21	6	904	71	9.71	0.03
21	7	214	34	8.83	3.17
21	8	964	73	2.72	0.03
21	9	963	53	32.01	3.17
21	10	126	51	8.13	0.03
21	11	242	54	9.22	0.03
21	12	270	35	15.68	3.17
21	13	476	60	3.13	0.03
21	14	319	56	7.25	0.03
21	15	551	42	15.22	3.17
21	16	277	55	0	0.03
21	17	360	57	20.6	0.03
21	18	620	64	1.76	0.03
21	19	264	55	7.75	0.03
21	20	955	72	0	0.03
21	21	812	69	19.12	0.03
21	22	662	45	32.83	3.17
21	23	454	60	12.12	0.03
21	24	289	56	0	0.03
21	25	876	71	5.53	0.03
21	26	373	38	3.87	3.17
21	27	944	72	0	0.03
21	28	483	41	16.52	3.17
21	29	842	50	26.6	3.17
21	30	782	68	2.55	0.03
21	31	978	73	2.72	0.03
21	32	526	42	0	3.17
21	33	874	50	23.78	3.17
21	34	644	65	12.73	0.03
21	35	417	39	23.5	3.17
21	36	567	63	0	0.03
21	37	253	55	9.22	0.03
21	38	575	63	0	0.03
21	39	199	33	7.04	3.17
22	0	387	38	4.97	3.17
22	1	582	43	0	3.17
22	2	187	53	9.38	0.03
22	3	344	37	10.99	3.17
22	4	936	72	1.18	0.03
22	5	335	57	5.01	0.03
22	6	920	72	15.61	0.03
22	7	214	34	0	3.17
22	8	964	73	0	0.03
22	9	930	52	33	3.17
22	10	132	52	5.96	0.03
22	11	242	54	0	0.03
22	12	255	35	14.42	3.17
22	13	486	61	10.05	0.03
22	14	324	56	5.14	0.03
22	15	551	42	0	3.17
22	16	277	55	0	0.03
22	17	386	58	26.15	0.03
22	18	620	64	0	0.03
22	19	264	55	0	0.03
22	20	956	73	1.78	0.03
22	21	840	70	28.39	0.03
22	22	639	44	23.23	3.17
22	23	463	60	8.48	0.03
22	24	289	56	0	0.03
22	25	877	71	0.29	0.03
22	26	373	38	0	3.17
22	27	945	72	1.18	0.03
22	28	472	40	11.43	3.17
22	29	812	49	30.33	3.17
22	30	782	68	0	0.03
22	31	978	73	0	0.03
22	32	526	42	0	3.17
22	33	858	50	16.08	3.17
22	34	648	65	4.18	0.03
22	35	412	39	4.97	3.17
22	36	567	63	0	0.03
22	37	253	55	0	0.03
22	38	585	63	9.51	0.03
22	39	199	33	0	3.17
23	0	379	38	7.92	3.17
23	1	580	43	2.38	3.17
23	2	193	53	5.72	0.03
23	3	324	36	20.66	3.17
23	4	939	72	2.25	0.03
23	5	348	57	13.33	0.03
23	6	929	72	9.2	0.03
23	7	213	34	0.95	3.17
23	8	969	73	5.17	0.03
23	9	899	51	30.78	3.17
23	10	146	52	14.7	0.03
23	11	246	54	4.29	0.03
23	12	248	35	7.9	3.17
23	13	491	61	4.6	0.03
23	14	337	57	13.33	0.03
23	15	551	42	0	3.17
23	16	280	55	2.92	0.03
23	17	419	59	33	0.03
23	18	628	64	7.87	0.03
23	19	267	55	2.92	0.03
23	20	962	73	5.17	0.03
23	21	861	70	21.33	0.03
23	22	636	44	2.38	3.17
23	23	467	60	4.6	0.03
23	24	289	56	0	0.03
23	25	886	71	9.47	0.03
23	26	372	38	1.81	3.17
23	27	945	72	0	0.03
23	28	452	40	19.88	3.17
23	29	791	48	21.26	3.17
23	30	782	68	0	0.03
23	31	978	73	0	0.03
23	32	521	41	4.87	3.17
23	33	832	49	25.95	3.17
23	34	648	65	0	0.03
23	35	407	39	5.37	3.17
23	36	567	63	0	0.03
23	37	253	55	0	0.03
23	38	598	63	13.75	0.03
23	39	199	33	0	3.17
24	0	377	38	2.35	3.17
24	1	572	43	8.02	3.17
24	2	206	53	12.71	0.03
24	3	299	36	24.88	3.17
24	4	939	72	0	0.03
24	5	363	57	14.38	0.03
24	6	929	72	0	0.03
24	7	213	34	0	3.17
24	8	969	73	0	0.03
24	9	866	50	33	3.17
24	10	164	52	17.67	0.03
24	11	252	55	5.82	0.03
24	12	236	34	11.66	3.17
24	13	496	61	4.64	0.03
24	14	351	57	14.38	0.03
24	15	541	42	9.93	3.17
24	16	280	55	0	0.03
24	17	419	59	0	0.03
24	18	628	64	0	0.03
24	19	272	55	4.24	0.03
24	20	962	73	0	0.03
24	21	880	71	18.23	0.03
24	22	636	44	0	3.17
24	23	467	60	0	0.03
24	24	295	56	5.87	0.03
24	25	904	71	18.23	0.03
24	26	365	38	6.12	3.17
24	27	950	72	4.76	0.03
24	28	437	39	14.73	3.17
24	29	765	48	25.8	3.17
24	30	792	68	9.58	0.03
24	31	978	73	0	0.03
24	32	512	41	9.61	3.17
24	33	800	49	32.53	3.17
24	34	651	65	3.36	0.03
24	35	400	38	7.46	3.17
24	36	569	63	2.41	0.03
24	37	259	55	6.13	0.03
24	38	598	63	0	0.03
24	39	199	33	0.13	3.17
25	0	371	38	6.02	3.17
25	1	569	43	2.42	3.17
25	2	228	54	22.44	0.03
25	3	267	35	31.81	3.17
25	4	941	72	2.23	0.03
25	5	374	58	11.49	0.03
25	6	931	72	2.23	0.03
25	7	207	33	5.42	3.17
25	8	969	73	0	0.03
25	9	833	49	33	3.17
25	10	192	53	27.57	0.03
25	11	252	55	0	0.03
25	12	230	34	5.42	3.17
25	13	496	61	0	0.03
25	14	363	57	11.49	0.03
25	15	533	42	7.5	3.17
25	16	282	55	2.29	0.03
25	17	429	59	9.32	0.03
25	18	628	64	0	0.03
25	19	272	55	0	0.03
25	20	962	73	0	0.03
25	21	882	71	2.23	0.03
25	22	636	44	0	3.17
25	23	467	60	0	0.03
25	24	303	56	7.96	0.03
25	25	907	71	2.23	0.03
25	26	358	37	7.39	3.17
25	27	955	73	5.27	0.03
25	28	433	39	4.38	3.17
25	29	733	47	32.1	3.17
25	30	793	68	1.75	0.03
25	31	978	73	0	0.03
25	32	498	41	13.77	3.17
25	33	776	48	23.38	3.17
25	34	659	65	7.95	0.03
25	35	395	38	4.38	3.17
25	36	569	63	0	0.03
25	37	259	55	0	0.03
25	38	602	64	3.2	0.03
25	39	192	33	7.32	3.17
26	0	362	37	9.2	3.17
26	1	561	42	8.46	3.17
26	2	228	54	0	0.03
26	3	258	35	8.68	3.17
26	4	948	72	7.3	0.03
26	5	391	58	16.79	0.03
26	6	935	72	3.87	0.03
26	7	197	33	9.74	3.17
26	8	975	73	5.93	0.03
26	9	800	49	33	3.17
26	10	192	53	0	0.03
26	11	252	55	0	0.03
26	12	222	34	8.68	3.17
26	13	501	61	5.33	0.03
26	14	380	58	16.79	0.03
26	15	520	41	13.37	3.17
26	16	282	55	0	0.03
26	17	441	59	12.42	0.03
26	18	631	64	2.95	0.03
26	19	273	55	1.67	0.03
26	20	967	73	5.58	0.03
26	21	893	71	11.56	0.03
26	22	631	44	4.85	3.17
26	23	467	60	0	0.03
26	24	314	56	10.78	0.03
26	25	907	71	0	0.03
26	26	345	37	13.02	3.17
26	27	961	73	5.58	0.03
26	28	421	39	11.83	3.17
26	29	703	46	30.48	3.17
26	30	796	68	2.85	0.03
26	31	981	73	3.21	0.03
26	32	489	41	8.63	3.17
26	33	755	47	21.15	3.17
26	34	661	65	2.05	0.03
26	35	388	38	7.12	3.17
26	36	576	63	7.12	0.03
26	37	259	55	0	0.03
26	38	606	64	4.66	0.03
26	39	187	33	4.57	3.17
27	0	352	37	9.44	3.17
27	1	547	42	13.58	3.17
27	2	234	54	5.3	0.03
27	3	248	35	10.1	3.17
27	4	955	72	7.02	0.03
27	5	417	59	26	0.03
27	6	941	72	6.08	0.03
27	7	193	33	4.04	3.17
27	8	986	73	10.3	0.03
27	9	767	48	33	3.17
27	10	192	53	0	0.03
27	11	256	55	3.8	0.03
27	12	218	34	4.04	3.17
27	13	505	61	3.73	0.03
27	14	395	58	14.98	0.03
27	15	507	41	12.86	3.17
27	16	282	55	0	0.03
27	17	446	60	5	0.03
27	18	638	64	7.09	0.03
27	19	276	55	2.99	0.03
27	20	977	73	10.3	0.03
27	21	894	71	1.03	0.03
27	22	623	44	8.49	3.17
27	23	472	60	5	0.03
27	24	315	56	1.62	0.03
27	25	908	71	1.03	0.03
27	26	336	37	9.44	3.17
27	27	968	73	7.02	0.03
27	28	406	39	14.52	3.17
27	29	670	45	33	3.17
27	30	804	69	8.33	0.03
27	31	992	73	10.3	0.03
27	32	472	40	17.43	3.17
27	33	725	47	30.31	3.17
27	34	661	65	0	0.03
27	35	381	38	7.42	3.17
27	36	587	63	10.27	0.03
27	37	262	55	2.99	0.03
27	38	612	64	5.46	0.03
27	39	183	33	4.04	3.17
28	0	338	37	14.24	3.17
28	1	528	42	19.32	3.17
28	2	234	54	0	0.03
28	3	246	34	2.3	3.17
28	4	955	72	0	0.03
28	5	417	59	0	0.03
28	6	941	72	0	0.03
28	7	191	33	2.53	3.17
28	8	995	74	13.08	0.03
28	9	734	47	33	3.17
28	10	192	53	0	0.03
28	11	256	55	0	0.03
28	12	218	34	0	3.17
28	13	515	61	10.74	0.03
28	14	395	58	0	0.03
28	15	490	41	17.03	3.17
28	16	282	55	0	0.03
28	17	446	60	0	0.03
28	18	638	64	0	0.03
28	19	276	55	0	0.03
28	20	983	73	5.72	0.03
28	21	894	71	0	0.03
28	22	616	44	6.44	3.17
28	23	478	60	5.93	0.03
28	24	320	56	4.65	0.03
28	25	908	71	0	0.03
28	26	322	36	13.4	3.17
28	27	968	73	0	0.03
28	28	403	38	3.69	3.17
28	29	663	45	6.44	3.17
28	30	813	69	8.92	0.03
28	31	995	74	13.08	0.03
28	32	464	40	7.63	3.17
28	33	697	46	27.82	3.17
28	34	661	65	0	0.03
28	35	377	38	3.69	3.17
28	36	591	63	4.38	0.03
28	37	262	55	0.62	0.03
28	38	616	64	4.38	0.03
28	39	175	33	8.39	3.17
29	0	325	36	13.72	3.17
29	1	515	41	13.1	3.17
29	2	238	54	4.33	0.03
29	3	238	34	7.64	3.17
29	4	955	72	0	0.03
29	5	417	59	0	0.03
29	6	946	72	5.4	0.03
29	7	179	33	11.53	3.17
29	8	995	74	14.85	4.74
29	9	734	47	0.27	3.17
29	10	193	53	0.98	0.03
29	11	260	55	3.54	0.03
29	12	217	34	0.85	3.17
29	13	526	62	10.68	0.03
29	14	404	58	8.95	0.03
29	15	475	40	15.33	3.17
29	16	289	56	7.61	0.03
29	17	448	60	2.49	0.03
29	18	638	64	0	0.03
29	19	276	55	0.25	0.03
29	20	986	73	2.49	0.03
29	21	899	71	4.32	0.03
29	22	604	44	12.48	3.17
29	23	488	61	9.68	0.03
29	24	334	57	13.9	0.03
29	25	917	72	9.26	0.03
29	26	303	36	19.23	3.17
29	27	975	73	7.49	0.03
29	28	400	38	2.56	3.17
29	29	663	45	0.27	3.17
29	30	824	69	10.8	0.03
29	31	995	74	20.61	4.74
29	32	449	40	15.33	3.17
29	33	697	46	0.27	3.17
29	34	661	65	0	0.03
29	35	368	38	8.69	3.17
29	36	596	63	5.49	0.03
29	37	266	55	3.54	0.03
29	38	616	64	0	0.03
29	39	165	32	9.4	3.17
30	0	305	36	19.69	3.17
30	1	497	41	17.49	3.17
30	2	248	55	10.36	0.03
30	3	224	34	14.01	3.17
30	4	956	73	0.66	0.03
30	5	417	59	0	0.03
30	6	950	72	3.23	0.03
30	7	173	33	6.42	3.17
30	8	995	54	21.06	4.74
30	9	730	47	4.45	3.17
30	10	194	53	1.22	0.03
30	11	265	55	5.03	0.03
30	12	207	34	9.59	3.17
30	13	536	62	10.18	0.03
30	14	404	58	0	0.03
30	15	458	40	16.49	3.17
30	16	293	56	3.61	0.03
30	17	457	60	8.18	0.03
30	18	638	64	0	0.03
30	19	283	55	6.55	0.03
30	20	986	73	0	0.03
30	21	900	71	1.64	0.03
30	22	597	43	7.21	3.17
30	23	493	61	5.13	0.03
30	24	351	57	17.56	0.03
30	25	917	72	0	0.03
30	26	276	35	26.98	3.17
30	27	979	73	3.54	0.03
30	28	395	38	4.76	3.17
30	29	654	45	9.11	3.17
30	30	836	69	12.32	0.03
30	31	995	54	21.06	4.74
30	32	438	39	10.88	3.17
30	33	687	46	9.9	3.17
30	34	661	65	0	0.03
30	35	355	37	13.12	3.17
30	36	606	64	9.51	0.03
30	37	271	55	5.03	0.03
30	38	623	64	7.07	0.03
30	39	159	32	6.44	3.17
31	0	294	36	10.55	3.17
31	1	474	40	22.8	3.17
31	2	249	55	0.74	0.03
31	3	214	34	10.55	3.17
31	4	960	73	4.14	0.03
31	5	425	59	7.76	0.03
31	6	954	72	4.14	0.03
31	7	164	32	8.61	3.17
31	8	969	53	26.03	3.17
31	9	729	47	0.25	3.17
31	10	195	53	1.34	0.03
31	11	265	55	0.74	0.03
31	12	197	33	10.55	3.17
31	13	552	62	15.63	0.03
31	14	408	59	3.95	0.03
31	15	446	40	12.49	3.17
31	16	298	56	4.77	0.03
31	17	472	60	15.14	0.03
31	18	638	64	0.52	0.03
31	19	284	55	1.2	0.03
31	20	989	73	3.36	0.03
31	21	903	71	2.61	0.03
31	22	581	43	15.39	3.17
31	23	493	61	0	0.03
31	24	360	57	8.09	0.03
31	25	922	72	5.24	0.03
31	26	265	35	10.55	3.17
31	27	979	73	0	0.03
31	28	387	38	8.86	3.17
31	29	649	45	5.17	3.17
31	30	839	70	2.7	0.03
31	31	969	53	26.03	3.17
31	32	425	39	12.96	3.17
31	33	668	45	19.02	3.17
31	34	667	65	5.88	0.03
31	35	335	37	19.76	3.17
31	36	609	64	2.62	0.03
31	37	272	55	1.41	0.03
31	38	626	64	2.62	0.03
31	39	150	32	8.61	3.17
32	0	292	36	1.87	3.17
32	1	460	40	14.16	3.17
32	2	251	55	1.58	0.03
32	3	212	34	1.58	3.17
32	4	966	73	6.19	0.03
32	5	425	59	0	0.03
32	6	960	73	6.19	0.03
32	7	159	32	5.44	3.17
32	8	941	52	27.61	3.17
32	9	724	47	5.03	3.17
32	10	195	53	0	0.03
32	11	267	55	1.58	0.03
32	12	195	33	1.58	3.17
32	13	566	63	14.05	0.03
32	14	408	59	0	0.03
32	15	441	39	5.21	3.17
32	16	298	56	0	0.03
32	17	474	60	2.43	0.03
32	18	641	65	3.23	0.03
32	19	284	55	0	0.03
32	20	995	74	6.83	0.03
32	21	903	71	0	0.03
32	22	563	43	18.31	3.17
32	23	496	61	2.43	0.03
32	24	375	58	15.27	0.03
32	25	922	72	0	0.03
32	26	255	35	10.13	3.17
32	27	986	73	6.83	0.03
32	28	370	38	16.31	3.17
32	29	641	45	7.52	3.17
32	30	852	70	12.39	0.03
32	31	941	52	27.61	3.17
32	32	420	39	5.21	3.17
32	33	656	45	11.65	3.17
32	34	667	65	0	0.03
32	35	315	36	20.3	3.17
32	36	609	64	0	0.03
32	37	274	55	1.58	0.03
32	38	629	64	3.23	0.03
32	39	132	32	18.39	3.17
33	0	289	36	2.96	3.17
33	1	453	40	7.51	3.17
33	2	256	55	5.12	0.03
33	3	212	34	0	3.17
33	4	977	73	10.6	0.03
33	5	426	59	1.78	0.03
33	6	971	73	10.6	0.03
33	7	148	32	10.71	3.17
33	8	913	51	28.34	3.17
33	9	718	46	6.42	3.17
33	10	201	53	5.55	0.03
33	11	267	55	0	0.03
33	12	185	33	10.06	3.17
33	13	584	63	18.43	0.03
33	14	408	59	0	0.03
33	15	433	39	7.51	3.17
33	16	299	56	1.01	0.03
33	17	474	60	0	0.03
33	18	648	65	7.14	0.03
33	19	284	55	0	0.03
33	20	995	74	10.6	4.74
33	21	907	71	4.56	0.03
33	22	555	42	8.61	3.17
33	23	503	61	7.31	0.03
33	24	375	58	0	0.03
33	25	932	72	9.47	0.03
33	26	252	35	3.67	3.17
33	27	995	74	10.6	0.03
33	28	351	37	19.37	3.17
33	29	633	44	8.16	3.17
33	30	868	70	16.76	0.03
33	31	912	51	29.45	3.17
33	32	406	39	13.76	3.17
33	33	648	45	8.16	3.17
33	34	667	65	0	0.03
33	35	312	36	2.96	3.17
33	36	609	64	0	0.03
33	37	274	55	0	0.03
33	38	629	64	0	0.03
33	39	106	31	26.17	3.17
34	0	288	36	1.26	3.17
34	1	444	40	8.67	3.17
34	2	256	55	0	0.03
34	3	210	34	2.09	3.17
34	4	993	73	15.91	0.03
34	5	426	59	0	0.03
34	6	979	73	8.49	0.03
34	7	134	32	13.85	3.17
34	8	880	51	33	3.17
34	9	717	46	0.51	3.17
34	10	209	54	8.5	0.03
34	11	267	55	0	0.03
34	12	166	32	19.52	3.17
34	13	585	63	0.31	0.03
34	14	408	59	0	0.03
34	15	421	39	12.46	3.17
34	16	300	56	1.47	0.03
34	17	474	60	0	0.03
34	18	648	65	0	0.03
34	19	284	55	0	0.03
34	20	995	54	19.51	4.74
34	21	909	71	1.47	0.03
34	22	553	42	1.19	3.17
34	23	519	61	16.28	0.03
34	24	377	58	2.35	0.03
34	25	950	72	17.95	0.03
34	26	251	35	0.98	3.17
34	27	995	74	18.28	4.74
34	28	343	37	8.08	3.17
34	29	622	44	10.55	3.17
34	30	885	71	16.7	0.03
34	31	879	51	33	3.17
34	32	387	38	19.46	3.17
34	33	637	44	10.55	3.17
34	34	667	65	0	0.03
34	35	304	36	8.08	3.17
34	36	609	64	0.31	0.03
34	37	274	55	0	0.03
34	38	629	64	0	0.03
34	39	74	30	31.45	3.17
35	0	279	35	9.3	3.17
35	1	438	39	6.4	3.17
35	2	256	55	0	0.03
35	3	210	34	0	3.17
35	4	995	74	20.07	0.03
35	5	426	59	0	0.03
35	6	988	73	9.23	0.03
35	7	120	31	14.07	3.17
35	8	847	50	33	3.17
35	9	713	46	4.06	3.17
35	10	228	54	18.27	0.03
35	11	267	55	0	0.03
35	12	152	32	14.07	3.17
35	13	585	63	0	0.03
35	14	408	59	0	0.03
35	15	399	38	21.27	3.17
35	16	307	56	6.72	0.03
35	17	482	60	7.76	0.03
35	18	655	65	7	0.03
35	19	284	55	0	0.03
35	20	995	54	23.36	4.74
35	21	916	72	6.96	0.03
35	22	546	42	7.29	3.17
35	23	526	62	7.08	0.03
35	24	377	58	0	0.03
35	25	959	73	9.23	0.03
35	26	245	34	5.97	3.17
35	27	995	54	19.99	4.74
35	28	341	37	1.84	3.17
35	29	605	44	16.84	3.17
35	30	892	71	6.96	0.03
35	31	846	50	33	3.17
35	32	372	38	14.67	3.17
35	33	623	44	14.35	3.17
35	34	667	65	0	0.03
35	35	294	36	10.59	3.17
35	36	616	64	6.77	0.03
35	37	274	55	0	0.03
35	38	629	64	0	0.03
35	39	50	30	27.81	3.17
36	0	266	35	13.28	3.17
36	1	427	39	10.27	3.17
36	2	256	55	0	0.03
36	3	202	33	7.49	3.17
36	4	995	74	26.96	4.74
36	5	428	59	1.32	0.03
36	6	995	74	17.39	0.03
36	7	107	31	13.14	3.17
36	8	822	49	24.65	3.17
36	9	702	46	11.44	3.17
36	10	228	54	0	0.03
36	11	267	55	0	0.03
36	12	136	32	15.25	3.17
36	13	585	63	0	0.03
36	14	415	59	7.04	0.03
36	15	381	38	18.35	3.17
36	16	322	56	15.32	0.03
36	17	493	61	11.3	0.03
36	18	656	65	0.23	0.03
36	19	286	56	2.09	0.03
36	20	982	53	13.49	3.17
36	21	932	72	15.97	0.03
36	22	530	42	16.06	3.17
36	23	543	62	16.76	0.03
36	24	378	58	1.11	0.03
36	25	970	73	10.75	0.03
36	26	243	34	2	3.17
36	27	995	54	13.49	4.74
36	28	333	37	7.83	3.17
36	29	583	43	22.28	3.17
36	30	906	71	14.41	0.03
36	31	821	49	24.65	3.17
36	32	355	37	17.04	3.17
36	33	602	44	21.09	3.17
36	34	667	65	0.23	0.03
36	35	290	36	3.18	3.17
36	36	621	64	5.09	0.03
36	37	274	55	0	0.03
36	38	634	64	5.09	0.03
36	39	50	30	21.65	1.6
37	0	260	35	5.21	3.17
37	1	418	39	9.16	3.17
37	2	258	55	2.66	0.03
37	3	193	33	9.56	3.17
37	4	995	59	14.77	4.74
37	5	428	59	0	0.03
37	6	995	74	25.22	4.74
37	7	87	30	20.56	3.17
37	8	802	49	20.09	3.17
37	9	683	46	18.55	3.17
37	10	228	54	0	0.03
37	11	267	55	0	0.03
37	12	124	31	12.29	3.17
37	13	585	63	0	0.03
37	14	415	59	0	0.03
37	15	370	38	11.33	3.17
37	16	334	57	12.11	0.03
37	17	510	61	16.26	0.03
37	18	657	65	1.73	0.03
37	19	295	56	9.01	0.03
37	20	960	53	21.1	3.17
37	21	950	72	18.03	0.03
37	22	504	41	25.64	3.17
37	23	561	63	18.54	0.03
37	24	387	58	8.63	0.03
37	25	987	73	17.49	0.03
37	26	243	34	0	3.17
37	27	980	53	14.77	3.17
37	28	322	36	11.33	3.17
37	29	564	43	19.73	3.17
37	30	928	72	21.36	0.03
37	31	801	49	20.09	3.17
37	32	344	37	11.33	3.17
37	33	582	43	19.73	3.17
37	34	667	65	0	0.03
37	35	282	35	8.69	3.17
37	36	625	64	3.92	0.03
37	37	274	55	0	0.03
37	38	634	64	0	0.03
37	39	50	50	24.08	1.6
38	0	260	35	0	3.17
38	1	403	38	14.83	3.17
38	2	258	55	0	0.03
38	3	188	33	4.98	3.17
38	4	995	54	19.93	4.74
38	5	435	59	7.55	0.03
38	6	995	54	19.54	4.74
38	7	57	30	29.62	3.17
38	8	789	48	13.82	3.17
38	9	663	45	20.19	3.17
38	10	231	54	3.14	0.03
38	11	267	55	0	0.03
38	12	113	31	11.51	3.17
38	13	588	63	3.1	0.03
38	14	417	59	2.4	0.03
38	15	352	37	17.88	3.17
38	16	351	57	16.5	0.03
38	17	516	61	6.76	0.03
38	18	657	65	0	0.03
38	19	297	56	1.96	0.03
38	20	939	52	21.21	3.17
38	21	959	73	8.69	0.03
38	22	475	40	29.58	3.17
38	23	565	63	3.1	0.03
38	24	389	58	2.4	0.03
38	25	995	74	26.82	0.03
38	26	243	34	0	3.17
38	27	970	53	10.16	3.17
38	28	303	36	18.9	3.17
38	29	535	42	28.77	3.17
38	30	936	72	8.69	0.03
38	31	787	48	13.82	3.17
38	32	326	37	17.6	3.17
38	33	558	42	23.96	3.17
38	34	670	65	3.15	0.03
38	35	273	35	8.23	3.17
38	36	630	64	4.89	0.03
38	37	276	55	2.19	0.03
38	38	637	64	2.67	0.03
38	39	50	50	21.88	0.03
39	0	260	35	0	3.17
39	1	381	38	22.71	3.17
39	2	258	55	0	0.03
39	3	175	33	13.37	3.17
39	4	988	53	6.56	3.17
39	5	436	59	0.53	0.03
39	6	995	54	13.57	4.74
39	7	50	30	29.53	3.17
39	8	779	48	9.5	3.17
39	9	641	45	22.02	3.17
39	10	231	54	0	0.03
39	11	267	55	0	0.03
39	12	100	31	12.67	3.17
39	13	601	64	13.04	0.03
39	14	424	59	7.24	0.03
39	15	352	37	0	3.17
39	16	362	57	10.6	0.03
39	17	525	62	8.66	0.03
39	18	657	65	0	0.03
39	19	299	56	2.17	0.03
39	20	921	52	17.74	3.17
39	21	972	73	13.18	0.03
39	22	442	39	33	3.17
39	23	575	63	10.47	0.03
39	24	391	58	1.87	0.03
39	25	995	74	20.67	4.74
39	26	243	34	0	3.17
39	27	964	53	6.56	3.17
39	28	303	36	0	3.17
39	29	502	41	33	3.17
39	30	936	72	0	0.03
39	31	778	48	9.5	3.17
39	32	326	37	0	3.17
39	33	526	42	32.12	3.17
39	34	681	66	11.02	0.03
39	35	273	35	0	3.17
39	36	632	64	2.01	0.03
39	37	283	55	7.08	0.03
39	38	646	65	9.43	0.03
39	39	74	50	24.23	0.03
40	0	260	35	0	3.17
40	1	380	38	1.11	3.17
40	2	259	55	0.23	0.03
40	3	162	32	12.16	3.17
40	4	976	53	11.95	3.17
40	5	436	59	0	0.03
40	6	983	53	11.95	3.17
40	7	50	30	27.94	1.6
40	8	768	48	11.34	3.17
40	9	621	44	20.15	3.17
40	10	237	54	5.86	0.03
40	11	267	55	0	0.03
40	12	77	30	22.62	3.17
40	13	617	64	16.07	0.03
40	14	424	59	0	0.03
40	15	351	37	1.11	3.17
40	16	376	58	14.67	0.03
40	17	526	62	1.4	0.03
40	18	661	65	3.99	0.03
40	19	308	56	8.19	0.03
40	20	898	51	23.79	3.17
40	21	977	73	5.26	0.03
40	22	441	39	1.11	3.17
40	23	594	63	19.22	0.03
40	24	400	58	8.36	0.03
40	25	995	60	13.19	4.74
40	26	239	34	3.68	3.17
40	27	964	53	0	3.17
40	28	299	36	3.48	3.17
40	29	501	41	1.11	3.17
40	30	936	72	0	0.03
40	31	767	48	11.34	3.17
40	32	326	37	0	3.17
40	33	525	42	1.11	3.17
40	34	694	66	12.34	0.03
40	35	273	35	0	3.17
40	36	636	64	3.99	0.03
40	37	291	56	8.19	0.03
40	38	650	65	3.99	0.03
40	39	96	51	22.42	0.03
41	0	260	35	0	3.17
41	1	376	38	3.58	3.17
41	2	259	55	0.09	0.03
41	3	155	32	7.64	3.17
41	4	967	53	9.81	3.17
41	5	436	59	0	0.03
41	6	973	53	9.81	3.17
41	7	50	50	26.26	1.6
41	8	765	48	3.15	3.17
41	9	606	44	15.27	3.17
41	10	238	54	1.11	0.03
41	11	267	55	0.09	0.03
41	12	50	30	29.3	3.17
41	13	621	64	4.56	0.03
41	14	429	59	4.68	0.03
41	15	351	37	0	3.17
41	16	381	58	4.68	0.03
41	17	535	62	9	0.03
41	18	666	65	4.56	0.03
41	19	319	56	10.88	0.03
41	20	880	51	17.93	3.17
41	21	990	73	13.28	0.03
41	22	434	39	7.16	3.17
41	23	599	63	4.56	0.03
41	24	404	59	4.68	0.03
41	25	995	54	11.92	4.74
41	26	228	34	10.97	3.17
41	27	954	52	9.81	3.17
41	28	299	36	0	3.17
41	29	494	41	6.46	3.17
41	30	936	72	0	0.03
41	31	763	48	3.15	3.17
41	32	316	36	9.63	3.17
41	33	525	42	0	3.17
41	34	712	66	18.55	0.03
41	35	273	35	0	3.17
41	36	640	64	4.56	0.03
41	37	294	56	2.17	0.03
41	38	655	65	4.56	0.03
41	39	127	51	31.25	0.03
42	0	258	35	2.72	3.17
42	1	371	38	4.79	3.17
42	2	259	55	0	0.03
42	3	155	32	0	3.17
42	4	954	52	12.47	3.17
42	5	436	59	0	0.03
42	6	972	53	1.36	3.17
42	7	50	50	31.75	0.03
42	8	765	48	0	3.17
42	9	586	43	20.05	3.17
42	10	238	54	0	0.03
42	11	267	55	0	0.03
42	12	50	30	33	1.6
42	13	631	64	9.06	0.03
42	14	429	59	0	0.03
42	15	351	37	0	3.17
42	16	381	58	0	0.03
42	17	547	62	11.29	0.03
42	18	680	66	13.72	0.03
42	19	335	57	16.67	0.03
42	20	869	50	10.31	3.17
42	21	995	74	19.73	0.03
42	22	416	39	17.08	3.17
42	23	600	63	0.88	0.03
42	24	415	59	10.6	0.03
42	25	994	53	1.36	3.17
42	26	208	34	20.43	3.17
42	27	941	52	12.73	3.17
42	28	290	36	9.16	3.17
42	29	480	40	14.59	3.17
42	30	939	72	3.02	0.03
42	31	753	47	10.92	3.17
42	32	307	36	9.16	3.17
42	33	521	41	4.12	3.17
42	34	730	67	17.72	0.03
42	35	270	35	3.02	3.17
42	36	640	64	0	0.03
42	37	294	56	0	0.03
42	38	667	65	12.63	0.03
42	39	152	52	24.54	0.03
43	0	258	35	0	3.17
43	1	371	38	0	3.17
43	2	259	55	0	0.03
43	3	155	32	0.03	3.17
43	4	938	52	15.76	3.17
43	5	441	59	5.5	0.03
43	6	961	53	11.1	3.17
43	7	73	50	23.88	0.03
43	8	764	48	0.4	3.17
43	9	560	42	25.7	3.17
43	10	238	54	0	0.03
43	11	270	55	2.91	0.03
43	12	50	50	31.6	1.6
43	13	631	64	0	0.03
43	14	434	59	5.5	0.03
43	15	351	37	0	3.17
43	16	389	58	8.47	0.03
43	17	567	63	20.2	0.03
43	18	702	66	22.53	0.03
43	19	345	57	10.32	0.03
43	20	863	50	6.28	3.17
43	21	995	74	19.2	4.74
43	22	394	38	22.56	3.17
43	23	602	64	2.27	0.03
43	24	420	59	5.5	0.03
43	25	983	53	10.63	3.17
43	26	185	33	22.55	3.17
43	27	925	52	15.76	3.17
43	28	283	35	7.31	3.17
43	29	457	40	22.26	3.17
43	30	942	72	2.43	0.03
43	31	751	47	1.54	3.17
43	32	307	36	0.07	3.17
43	33	508	41	13.49	3.17
43	34	748	67	18.37	0.03
43	35	270	35	0	3.17
43	36	640	64	0	0.03
43	37	301	56	7.8	0.03
43	38	672	65	4.84	0.03
43	39	179	53	27.22	0.03
44	0	258	35	0	3.17
44	1	371	38	0	3.17
44	2	259	55	0	0.03
44	3	152	32	2.6	3.17
44	4	932	52	6.82	3.17
44	5	452	60	10.9	0.03
44	6	954	52	6.82	3.17
44	7	88	50	14.3	0.03
44	8	764	48	0	3.17
44	9	538	42	22.23	3.17
44	10	242	54	4.04	0.03
44	11	282	55	12.53	0.03
44	12	50	50	32.37	0.03
44	13	632	64	1.11	0.03
44	14	445	60	10.9	0.03
44	15	346	37	4.76	3.17
44	16	400	58	10.8	0.03
44	17	567	63	0.59	0.03
44	18	718	66	16.24	0.03
44	19	360	57	14.26	0.03
44	20	851	50	11.94	3.17
44	21	995	54	26.4	4.74
44	22	394	38	0	3.17
44	23	603	64	0.59	0.03
44	24	431	59	10.9	0.03
44	25	981	53	1.9	3.17
44	26	182	33	2.6	3.17
44	27	915	51	10.48	3.17
44	28	282	35	0.59	3.17
44	29	428	39	29.03	3.17
44	30	942	72	0	0.03
44	31	744	47	7.37	3.17
44	32	298	36	9.09	3.17
44	33	501	41	6.74	3.17
44	34	758	67	9.9	0.03
44	35	270	35	0.59	3.17
44	36	640	64	0	0.03
44	37	306	56	4.54	0.03
44	38	679	65	6.82	0.03
44	39	183	53	4.04	0.03
45	0	252	35	6.09	3.17
45	1	366	38	5.59	3.17
45	2	263	55	4.01	0.03
45	3	152	32	0	3.17
45	4	926	52	5.58	3.17
45	5	459	60	6.59	0.03
45	6	954	52	0.06	3.17
45	7	111	51	23.08	0.03
45	8	762	48	2.37	3.17
45	9	527	42	10.82	3.17
45	10	246	54	4.01	0.03
45	11	295	56	12.42	0.03
45	12	73	50	23.08	0.03
45	13	632	64	0	0.03
45	14	452	60	6.59	0.03
45	15	346	37	0	3.17
45	16	409	59	9.02	0.03
45	17	576	63	8.15	0.03
45	18	726	67	7.67	0.03
45	19	377	58	17.66	0.03
45	20	838	50	13.71	3.17
45	21	991	53	4.47	3.17
45	22	394	38	0	3.17
45	23	603	64	0	0.03
45	24	438	59	6.59	0.03
45	25	977	53	4.47	3.17
45	26	173	33	9.33	3.17
45	27	903	51	11.6	3.17
45	28	277	35	5.79	3.17
45	29	428	39	0	3.17
45	30	948	72	6.56	0.03
45	31	729	47	14.39	3.17
45	32	295	36	3.29	3.17
45	33	490	41	10.82	3.17
45	34	761	68	3.25	0.03
45	35	264	35	5.81	3.17
45	36	640	64	0	0.03
45	37	313	56	7.24	0.03
45	38	689	66	9.61	0.03
45	39	188	53	5.27	0.03
46	0	248	35	4.11	3.17
46	1	360	37	5.91	3.17
46	2	269	55	6.43	0.03
46	3	152	32	0	3.17
46	4	916	52	9.83	3.17
46	5	459	60	0	0.03
46	6	949	52	4.86	3.17
46	7	130	52	19.11	0.03
46	8	750	47	12.2	3.17
46	9	518	41	8.78	3.17
46	10	254	55	8.17	0.03
46	11	308	56	13.04	0.03
46	12	96	51	23.87	0.03
46	13	632	64	0	0.03
46	14	452	60	0	0.03
46	15	346	37	0	3.17
46	16	416	59	6.76	0.03
46	17	584	63	8.72	0.03
46	18	737	67	11.33	0.03
46	19	384	58	6.76	0.03
46	20	823	49	14.48	3.17
46	21	977	53	13.1	3.17
46	22	394	38	0	3.17
46	23	608	64	5.46	0.03
46	24	438	59	0	0.03
46	25	964	53	12.84	3.17
46	26	173	33	0	3.17
46	27	897	51	6.5	3.17
46	28	272	35	4.11	3.17
46	29	419	39	9.65	3.17
46	30	965	73	16.34	0.03
46	31	706	46	23.58	3.17
46	32	295	36	0	3.17
46	33	470	40	20.16	3.17
46	34	764	68	2.63	0.03
46	35	260	35	4.11	3.17
46	36	644	65	4.04	0.03
46	37	326	57	13.04	0.03
46	38	700	66	11.26	0.03
46	39	197	53	8.25	0.03
47	0	241	34	6.49	3.17
47	1	360	37	0	3.17
47	2	285	55	15.86	0.03
47	3	152	32	0	3.17
47	4	910	51	6.01	3.17
47	5	459	60	0	0.03
47	6	935	52	13.85	3.17
47	7	154	52	23.9	0.03
47	8	747	47	2.5	3.17
47	9	515	41	3.2	3.17
47	10	254	55	0	0.03
47	11	313	56	5.47	0.03
47	12	120	51	23.9	0.03
47	13	640	65	8.86	0.03
47	14	455	60	3.1	0.03
47	15	346	37	0	3.17
47	16	423	59	6.94	0.03
47	17	596	63	11.65	0.03
47	18	748	67	10.61	0.03
47	19	394	58	10.17	0.03
47	20	803	49	20.37	3.17
47	21	964	53	13.45	3.17
47	22	392	38	1.41	3.17
47	23	608	64	0	0.03
47	24	438	59	0	0.03
47	25	950	52	13.45	3.17
47	26	172	33	1.53	3.17
47	27	880	51	16.43	3.17
47	28	265	35	7.8	3.17
47	29	406	39	12.73	3.17
47	30	984	73	19.23	0.03
47	31	691	46	14.61	3.17
47	32	295	36	0	3.17
47	33	444	40	25.9	3.17
47	34	773	68	8.83	0.03
47	35	252	35	7.8	3.17
47	36	654	65	10.04	0.03
47	37	332	57	5.47	0.03
47	38	707	66	6.78	0.03
47	39	197	53	0.26	0.03
48	0	234	34	6.9	3.17
48	1	354	37	5.73	3.17
48	2	292	56	6.61	0.03
48	3	150	32	2.14	3.17
48	4	900	51	9.95	3.17
48	5	459	60	0	0.03
48	6	925	52	10.01	3.17
48	7	163	52	8.79	0.03
48	8	744	47	3.5	3.17
48	9	503	41	12.42	3.17
48	10	254	55	0	0.03
48	11	320	56	6.61	0.03
48	12	137	52	17.01	0.03
48	13	646	65	5.7	0.03
48	14	455	60	0	0.03
48	15	346	37	0	3.17
48	16	428	59	5.03	0.03
48	17	596	63	0	0.03
48	18	763	68	14.44	0.03
48	19	396	58	1.18	0.03
48	20	792	48	10.59	3.17
48	21	954	52	10.01	3.17
48	22	392	38	0	3.17
48	23	608	64	0	0.03
48	24	445	60	7.12	0.03
48	25	940	52	10.01	3.17
48	26	172	33	0	3.17
48	27	871	50	9.19	3.17
48	28	258	35	6.9	3.17
48	29	406	39	0	3.17
48	30	995	74	17.19	0.03
48	31	676	45	15.34	3.17
48	32	286	36	8.39	3.17
48	33	444	40	0	3.17
48	34	792	68	18.74	0.03
48	35	245	34	6.9	3.17
48	36	669	65	14.53	0.03
48	37	332	57	0	0.03
48	38	722	67	14.83	0.03
48	39	206	53	8.79	0.03
49	0	219	34	14.84	3.17
49	1	350	37	4.34	3.17
49	2	296	56	4.78	0.03
49	3	150	32	0	3.17
49	4	890	51	10.3	3.17
49	5	460	60	1.44	0.03
49	6	913	51	11.8	3.17
49	7	163	52	0	0.03
49	8	744	47	0	3.17
49	9	492	41	10.67	3.17
49	10	261	55	7.02	0.03
49	11	320	56	0	0.03
49	12	137	52	0	0.03
49	13	655	65	8.55	0.03
49	14	455	60	0	0.03
49	15	342	37	4.34	3.17
49	16	428	59	0	0.03
49	17	600	63	4.18	0.03
49	18	779	68	16.67	0.03
49	19	396	58	0	0.03
49	20	779	48	13.27	3.17
49	21	941	52	12.75	3.17
49	22	392	38	0	3.17
49	23	617	64	8.87	0.03
49	24	445	60	0	0.03
49	25	928	52	12.75	3.17
49	26	170	33	1.16	3.17
49	27	853	50	18.27	3.17
49	28	251	35	6.36	3.17
49	29	406	39	0	3.17
49	30	995	74	18.42	4.74
49	31	657	45	18.38	3.17
49	32	273	35	13.45	3.17
49	33	440	39	3.49	3.17
49	34	819	69	27.26	0.03
49	35	239	34	6.36	3.17
49	36	688	66	19.66	0.03
49	37	332	57	0	0.03
49	38	736	67	14.72	0.03
49	39	215	54	9.26	0.03
50	0	201	33	17.93	3.17
50	1	339	37	10.87	3.17
50	2	304	56	7.21	0.03
50	3	150	32	0	3.17
50	4	877	50	13.44	3.17
50	5	465	60	4.75	0.03
50	6	900	51	13.22	3.17
50	7	163	52	0	0.03
50	8	741	47	2.81	3.17
50	9	471	40	20.56	3.17
50	10	277	55	15.88	0.03
50	11	320	56	0	0.03
50	12	141	52	3.79	0.03
50	13	657	65	2.49	0.03
50	14	460	60	4.75	0.03
50	15	331	37	10.87	3.17
50	16	432	59	4.03	0.03
50	17	605	64	5.32	0.03
50	18	805	69	26.16	0.03
50	19	397	58	1.1	0.03
50	20	764	48	14.94	3.17
50	21	931	52	10.54	3.17
50	22	386	38	6.49	3.17
50	23	622	64	4.72	0.03
50	24	445	60	0	0.03
50	25	914	51	13.22	3.17
50	26	170	33	0	3.17
50	27	831	49	21.95	3.17
50	28	251	35	0	3.17
50	29	397	38	9.34	3.17
50	30	995	59	14.58	4.74
50	31	629	44	27.88	3.17
50	32	265	35	7.71	3.17
50	33	432	39	8.25	3.17
50	34	852	70	33	0.03
50	35	239	34	0	3.17
50	36	710	66	21.66	0.03
50	37	332	57	0	0.03
50	38	750	67	13.79	0.03
50	39	229	54	14.27	0.03
51	0	192	33	8.97	3.17
51	1	332	37	6.58	3.17
51	2	308	56	4.72	0.03
51	3	150	32	0	3.17
51	4	873	50	3.46	3.17
51	5	472	60	6.59	0.03
51	6	897	51	3.46	3.17
51	7	165	52	2.43	0.03
51	8	737	47	4.16	3.17
51	9	457	40	14.55	3.17
51	10	281	55	4.72	0.03
51	11	320	56	0	0.03
51	12	144	52	2.43	0.03
51	13	663	65	5.39	0.03
51	14	466	60	6.59	0.03
51	15	323	36	7.78	3.17
51	16	436	59	4.07	0.03
51	17	609	64	3.96	0.03
51	18	832	69	26.61	0.03
51	19	400	58	3.44	0.03
51	20	760	48	4.16	3.17
51	21	927	52	3.46	3.17
51	22	384	38	2.25	3.17
51	23	626	64	4.56	0.03
51	24	452	60	7.11	0.03
51	25	911	51	3.46	3.17
51	26	162	32	8.97	3.17
51	27	800	49	30.51	3.17
51	28	248	35	3.06	3.17
51	29	394	38	2.25	3.17
51	30	995	54	16.39	4.74
51	31	610	44	19.83	3.17
51	32	262	35	3.06	3.17
51	33	418	39	14.55	3.17
51	34	885	71	33	0.03
51	35	236	34	3.06	3.17
51	36	722	67	11.89	0.03
51	37	332	57	0	0.03
51	38	756	67	6.19	0.03
51	39	240	54	10.31	0.03
52	0	190	33	2.1	3.17
52	1	320	36	12.19	3.17
52	2	310	56	1.61	0.03
52	3	148	32	2.1	3.17
52	4	867	50	6.41	3.17
52	5	483	61	11.56	0.03
52	6	884	51	12.29	3.17
52	7	174	53	8.68	0.03
52	8	726	47	10.42	3.17
52	9	457	40	0	3.17
52	10	293	56	11.92	0.03
52	11	322	56	1.61	0.03
52	12	152	52	8.08	0.03
52	13	667	65	4.15	0.03
52	14	473	60	6.74	0.03
52	15	310	36	12.95	3.17
52	16	445	60	9.48	0.03
52	17	609	64	0	0.03
52	18	855	70	23.09	0.03
52	19	400	58	0.14	0.03
52	20	759	48	0.64	3.17
52	21	916	51	11.5	3.17
52	22	372	38	11.66	3.17
52	23	630	64	4.07	0.03
52	24	462	60	9.82	0.03
52	25	899	51	12.39	3.17
52	26	159	32	2.1	3.17
52	27	800	49	0.64	3.17
52	28	241	34	7.63	3.17
52	29	394	38	0	3.17
52	30	976	53	18.76	3.17
52	31	589	43	21.06	3.17
52	32	262	35	0	3.17
52	33	418	39	0	3.17
52	34	918	72	33	0.03
52	35	226	34	9.72	3.17
52	36	734	67	12.48	0.03
52	37	332	57	0.2	0.03
52	38	764	68	7.44	0.03
52	39	252	55	12.78	0.03
53	0	186	33	4.4	3.17
53	1	304	36	15.91	3.17
53	2	310	56	0	0.03
53	3	143	32	4.89	3.17
53	4	861	50	5.61	3.17
53	5	505	61	21.53	0.03
53	6	879	51	5.61	3.17
53	7	189	53	15.57	0.03
53	8	708	46	18.7	3.17
53	9	457	40	0.06	3.17
53	10	293	56	0	0.03
53	11	322	56	0	0.03
53	12	160	52	8.83	0.03
53	13	677	65	9.94	0.03
53	14	482	60	9.18	0.03
53	15	291	36	19.18	3.17
53	16	455	60	9.87	0.03
53	17	615	64	5.85	0.03
53	18	881	71	25.78	0.03
53	19	400	58	0	0.03
53	20	759	48	0	3.17
53	21	910	51	5.61	3.17
53	22	360	37	12.35	3.17
53	23	630	64	0	0.03
53	24	471	60	9.18	0.03
53	25	893	51	5.61	3.17
53	26	159	32	0	3.17
53	27	799	49	0.25	3.17
53	28	238	34	2.76	3.17
53	29	394	38	0	3.17
53	30	963	53	12.89	3.17
53	31	577	43	11.44	3.17
53	32	262	35	0	3.17
53	33	417	39	0.21	3.17
53	34	951	72	33	0.03
53	35	223	34	2.76	3.17
53	36	734	67	0	0.03
53	37	332	57	0	0.03
53	38	764	68	0	0.03
53	39	262	55	9.69	0.03
54	0	186	33	0	3.17
54	1	304	36	0	3.17
54	2	311	56	1.24	0.03
54	3	143	32	0	3.17
54	4	859	50	1.93	3.17
54	5	535	62	30.43	0.03
54	6	877	51	1.93	3.17
54	7	202	53	13.3	0.03
54	8	698	46	9.97	3.17
54	9	451	40	5.93	3.17
54	10	295	56	1.72	0.03
54	11	323	56	1.01	0.03
54	12	175	53	14.22	0.03
54	13	685	66	8.18	0.03
54	14	493	61	10.79	0.03
54	15	291	36	0	3.17
54	16	461	60	5.73	0.03
54	17	622	64	6.73	0.03
54	18	914	71	33	0.03
54	19	406	59	5.5	0.03
54	20	752	47	7.55	3.17
54	21	908	51	1.93	3.17
54	22	346	37	13.35	3.17
54	23	634	64	3.93	0.03
54	24	482	60	10.79	0.03
54	25	891	51	1.93	3.17
54	26	159	32	0	3.17
54	27	796	48	3.58	3.17
54	28	234	34	3.52	3.17
54	29	394	38	0	3.17
54	30	950	52	13.48	3.17
54	31	570	43	7.6	3.17
54	32	262	35	0	3.17
54	33	417	39	0	3.17
54	34	984	73	33	0.03
54	35	220	34	3.52	3.17
54	36	734	67	0	0.03
54	37	332	57	0.51	0.03
54	38	773	68	9.15	0.03
54	39	272	55	9.56	0.03
55	0	176	33	9.77	3.17
55	1	296	36	8.69	3.17
55	2	311	56	0	0.03
55	3	136	32	6.66	3.17
55	4	857	50	2.43	3.17
55	5	568	63	33	0.03
55	6	877	51	0	3.17
55	7	221	54	18.86	0.03
55	8	687	46	10.08	3.17
55	9	451	40	0.09	3.17
55	10	295	56	0	0.03
55	11	323	56	0	0.03
55	12	190	53	15.29	0.03
55	13	695	66	10.49	0.03
55	14	497	61	3.58	0.03
55	15	286	35	5.15	3.17
55	16	472	60	10.62	0.03
55	17	627	64	5.17	0.03
55	18	947	72	33	0.03
55	19	407	59	0.92	0.03
55	20	741	47	10.65	3.17
55	21	905	51	3.12	3.17
55	22	343	37	3.58	3.17
55	23	640	65	6.26	0.03
55	24	485	61	3.58	0.03
55	25	891	51	0	3.17
55	26	150	32	9.49	3.17
55	27	790	48	6.34	3.17
55	28	226	34	8.73	3.17
55	29	394	38	0	3.17
55	30	928	52	21.82	3.17
55	31	570	43	0	3.17
55	32	256	35	6.09	3.17
55	33	414	39	3.83	3.17
55	34	995	74	24.01	0.03
55	35	211	34	8.73	3.17
55	36	737	67	2.91	0.03
55	37	338	57	5.63	0.03
55	38	792	68	19.11	0.03
55	39	276	55	4.92	0.03
56	0	176	33	0	3.17
56	1	292	36	3.65	3.17
56	2	311	56	0	0.03
56	3	136	32	0	3.17
56	4	852	50	4.55	3.17
56	5	594	63	25.54	0.03
56	6	877	51	0	3.17
56	7	249	55	27.35	0.03
56	8	686	46	1.83	3.17
56	9	451	40	0	3.17
56	10	296	56	0.56	0.03
56	11	323	56	0	0.03
56	12	209	54	19.34	0.03
56	13	709	66	13.36	0.03
56	14	506	61	9.39	0.03
56	15	282	35	3.65	3.17
56	16	482	60	10.62	0.03
56	17	627	64	0	0.03
56	18	976	73	28.94	0.03
56	19	413	59	6.74	0.03
56	20	724	47	17.44	3.17
56	21	900	51	4.75	3.17
56	22	330	37	13.2	3.17
56	23	645	65	4.76	0.03
56	24	495	61	9.39	0.03
56	25	889	51	2.29	3.17
56	26	150	32	0	3.17
56	27	790	48	0	3.17
56	28	217	34	9.22	3.17
56	29	384	38	9.99	3.17
56	30	923	52	4.75	3.17
56	31	562	43	7.21	3.17
56	32	243	34	12.88	3.17
56	33	403	38	10.92	3.17
56	34	995	74	28.94	4.74
56	35	207	33	4.13	3.17
56	36	737	67	0	0.03
56	37	341	57	2.95	0.03
56	38	803	69	11.6	0.03
56	39	276	55	0	0.03
57	0	168	33	8.25	3.17
57	1	287	36	5.12	3.17
57	2	311	56	0	0.03
57	3	136	32	0.26	3.17
57	4	852	50	0	3.17
57	5	594	63	0	0.03
57	6	869	50	7.59	3.17
57	7	249	55	0	0.03
57	8	686	46	0	3.17
57	9	450	40	0.62	3.17
57	10	296	56	0	0.03
57	11	329	57	6.6	0.03
57	12	209	54	0	0.03
57	13	709	66	0	0.03
57	14	520	61	13.85	0.03
57	15	277	35	5.12	3.17
57	16	492	61	9.96	0.03
57	17	627	64	0	0.03
57	18	995	74	32.02	0.03
57	19	425	59	11.18	0.03
57	20	724	47	0	3.17
57	21	892	51	8.24	3.17
57	22	325	36	5.12	3.17
57	23	657	65	12.25	0.03
57	24	509	61	13.85	0.03
57	25	881	51	7.85	3.17
57	26	148	32	1.59	3.17
57	27	781	48	8.46	3.17
57	28	214	34	2.41	3.17
57	29	374	38	9.97	3.17
57	30	911	51	11.92	3.17
57	31	550	42	12.83	3.17
57	32	241	34	2.41	3.17
57	33	393	38	9.97	3.17
57	34	995	54	33	4.74
57	35	205	33	2.41	3.17
57	36	737	67	0	0.03
57	37	347	57	6.61	0.03
57	38	810	69	6.04	0.03
57	39	276	55	0	0.03
58	0	165	32	2.54	3.17
58	1	272	35	15.01	3.17
58	2	312	56	0.58	0.03
58	3	134	32	2.54	3.17
58	4	848	50	4.56	3.17
58	5	595	63	1.66	0.03
58	6	866	50	2.97	3.17
58	7	257	55	7.82	0.03
58	8	683	46	2.58	3.17
58	9	450	40	0	3.17
58	10	296	56	0.58	0.03
58	11	333	57	4.07	0.03
58	12	209	54	0	0.03
58	13	711	66	1.94	0.03
58	14	526	62	6.29	0.03
58	15	262	35	15.01	3.17
58	16	499	61	6.29	0.03
58	17	627	64	0	0.03
58	18	995	74	33	4.74
58	19	430	59	5.02	0.03
58	20	715	46	8.51	3.17
58	21	889	51	2.97	3.17
58	22	314	36	10.03	3.17
58	23	669	65	11.92	0.03
58	24	515	61	6.29	0.03
58	25	878	51	2.97	3.17
58	26	146	32	2.54	3.17
58	27	765	48	16.34	3.17
58	28	214	34	0	3.17
58	29	372	38	2.48	3.17
58	30	901	51	10.55	3.17
58	31	527	42	22.57	3.17
58	32	238	34	2.59	3.17
58	33	390	38	2.48	3.17
58	34	962	53	33	3.17
58	35	203	33	1.51	3.17
58	36	747	67	9.85	0.03
58	37	357	57	9.81	0.03
58	38	810	69	0	0.03
58	39	282	55	5.37	0.03
59	0	165	32	0	3.17
59	1	268	35	3.42	3.17
59	2	319	56	7.46	0.03
59	3	134	32	0	3.17
59	4	838	50	9.53	3.17
59	5	595	63	0	0.03
59	6	857	50	9.79	3.17
59	7	260	55	3.1	0.03
59	8	678	45	5.2	3.17
59	9	450	40	0	3.17
59	10	301	56	4.44	0.03
59	11	333	57	0	0.03
59	12	213	54	4.08	0.03
59	13	719	67	8.46	0.03
59	14	534	62	8.39	0.03
59	15	259	35	3.42	3.17
59	16	500	61	1.04	0.03
59	17	627	64	0	0.03
59	18	995	54	26.34	4.74
59	19	441	59	11.87	0.03
59	20	705	46	9.62	3.17
59	21	881	51	8.17	3.17
59	22	313	36	1.15	3.17
59	23	690	66	20.4	0.03
59	24	523	62	8.39	0.03
59	25	868	50	9.79	3.17
59	26	146	32	0	3.17
59	27	743	47	21.93	3.17
59	28	210	34	3.81	3.17
59	29	372	38	0	3.17
59	30	893	51	8.17	3.17
59	31	502	41	25.39	3.17
59	32	235	34	3.42	3.17
59	33	390	38	0	3.17
59	34	929	52	33	3.17
59	35	199	33	4.37	3.17
59	36	761	68	13.53	0.03
59	37	368	58	10.67	0.03
59	38	810	69	0	0.03
59	39	285	55	3.1	0.03
60	0	165	32	0	3.17
60	1	268	35	0	3.17
60	2	328	57	8.52	0.03
60	3	134	32	0	3.17
60	4	835	49	2.78	3.17
60	5	602	64	6.79	0.03
60	6	847	50	9.84	3.17
60	7	260	55	0	0.03
60	8	676	45	2.21	3.17
60	9	449	40	1.34	3.17
60	10	310	56	9.05	0.03
60	11	342	57	8.52	0.03
60	12	221	54	7.16	0.03
60	13	732	67	12.75	0.03
60	14	538	62	3.18	0.03
60	15	259	35	0	3.17
60	16	507	61	7.93	0.03
60	17	633	64	6.06	0.03
60	18	968	53	27.3	3.17
60	19	463	60	21.83	0.03
60	20	696	46	9.27	3.17
60	21	872	50	8.5	3.17
60	22	313	36	0.6	3.17
60	23	702	66	12.25	0.03
60	24	527	62	3.26	0.03
60	25	858	50	9.84	3.17
60	26	144	32	1.99	3.17
60	27	723	47	19.82	3.17
60	28	210	34	0	3.17
60	29	372	38	0	3.17
60	30	884	51	8.5	3.17
60	31	478	40	23.96	3.17
60	32	225	34	9.81	3.17
60	33	390	38	0	3.17
60	34	921	52	8.5	3.17
60	35	199	33	0	3.17
60	36	780	68	18.9	0.03
60	37	387	58	18.82	0.03
60	38	812	69	2.43	0.03
60	39	292	56	7.42	0.03
61	0	165	32	0	3.17
61	1	265	35	3.56	3.17
61	2	328	57	0	0.03
61	3	134	32	0	3.17
61	4	832	49	3.53	3.17
61	5	617	64	15.2	0.03
61	6	843	50	3.53	3.17
61	7	260	55	0.46	0.03
61	8	667	45	9.09	3.17
61	9	445	40	3.69	3.17
61	10	310	56	0	0.03
61	11	342	57	0	0.03
61	12	228	54	7.2	0.03
61	13	754	67	21.92	0.03
61	14	547	62	9.62	0.03
61	15	259	35	0	3.17
61	16	509	61	1.08	0.03
61	17	640	64	6.36	0.03
61	18	948	52	20.06	3.17
61	19	485	61	22.28	0.03
61	20	681	46	14.76	3.17
61	21	870	50	2.5	3.17
61	22	313	36	0	3.17
61	23	723	67	20.65	0.03
61	24	534	62	7.37	0.03
61	25	856	50	2.5	3.17
61	26	144	32	0	3.17
61	27	708	46	14.76	3.17
61	28	205	33	5.01	3.17
61	29	363	37	8.51	3.17
61	30	882	51	2.5	3.17
61	31	474	40	3.69	3.17
61	32	220	34	5.01	3.17
61	33	380	38	9.94	3.17
61	34	917	52	3.87	3.17
61	35	194	33	4.25	3.17
61	36	789	68	9.4	0.03
61	37	408	59	21.03	0.03
61	38	821	69	9.4	0.03
61	39	292	56	0	0.03
62	0	155	32	9.93	3.17
62	1	265	35	0	3.17
62	2	336	57	8.38	0.03
62	3	125	31	8.24	3.17
62	4	832	49	0	3.17
62	5	627	64	9.98	0.03
62	6	843	50	0	3.17
62	7	265	55	5.03	0.03
62	8	649	45	17.59	3.17
62	9	445	40	0	3.17
62	10	310	56	0	0.03
62	11	350	57	8.52	0.03
62	12	237	54	9.03	0.03
62	13	775	68	21.24	0.03
62	14	558	62	11.04	0.03
62	15	259	35	0	3.17
62	16	509	61	0	0.03
62	17	650	65	9.98	0.03
62	18	947	52	0.21	3.17
62	19	485	61	0	0.03
62	20	664	45	17.59	3.17
62	21	870	50	0	3.17
62	22	313	36	0	3.17
62	23	737	67	13.97	0.03
62	24	534	62	0	0.03
62	25	856	50	0	3.17
62	26	143	32	0.6	3.17
62	27	692	46	16.56	3.17
62	28	195	33	10.68	3.17
62	29	346	37	17.4	3.17
62	30	879	51	2.72	3.17
62	31	464	40	9.55	3.17
62	32	213	34	6.79	3.17
62	33	364	37	16.3	3.17
62	34	916	52	0.21	3.17
62	35	184	33	10.8	3.17
62	36	802	69	12.82	0.03
62	37	430	59	21.73	0.03
62	38	838	70	17.11	0.03
62	39	293	56	0.64	0.03
63	0	155	32	0	3.17
63	1	262	35	2.89	3.17
63	2	349	57	12.53	0.03
63	3	112	31	13.39	3.17
63	4	828	49	3.83	3.17
63	5	643	65	16.1	0.03
63	6	837	50	5.81	3.17
63	7	265	55	0	0.03
63	8	623	44	25.82	3.17
63	9	445	40	0	3.17
63	10	316	56	5.84	0.03
63	11	363	57	12.98	0.03
63	12	237	54	0	0.03
63	13	788	68	12.8	0.03
63	14	579	63	20.87	0.03
63	15	256	35	2.89	3.17
63	16	515	61	6.58	0.03
63	17	660	65	10.13	0.03
63	18	947	52	0	3.17
63	19	493	61	7.34	0.03
63	20	638	44	25.82	3.17
63	21	866	50	4.47	3.17
63	22	313	36	0	3.17
63	23	753	67	16.18	0.03
63	24	544	62	9.86	0.03
63	25	856	50	0	3.17
63	26	143	32	0	3.17
63	27	684	46	7.89	3.17
63	28	181	33	13.33	3.17
63	29	346	37	0	3.17
63	30	875	50	4.33	3.17
63	31	464	40	0	3.17
63	32	212	34	0.8	3.17
63	33	364	37	0	3.17
63	34	913	51	3.63	3.17
63	35	170	33	13.33	3.17
63	36	815	69	12.8	0.03
63	37	452	60	22.43	0.03
63	38	862	70	23.44	0.03
63	39	293	56	0	0.03
64	0	148	32	7.41	3.17
64	1	259	35	2.7	3.17
64	2	362	57	13.5	0.03
64	3	104	31	8.03	3.17
64	4	820	49	8.31	3.17
64	5	655	65	11.76	0.03
64	6	829	49	8.31	3.17
64	7	265	55	0	0.03
64	8	601	44	21.83	3.17
64	9	437	39	8.17	3.17
64	10	319	56	3.28	0.03
64	11	377	58	13.5	0.03
64	12	242	54	5.73	0.03
64	13	800	69	12.41	0.03
64	14	601	63	21.41	0.03
64	15	245	34	10.52	3.17
64	16	529	62	14.27	0.03
64	17	671	65	11.76	0.03
64	18	947	52	0	3.17
64	19	493	61	0	0.03
64	20	616	44	21.83	3.17
64	21	866	50	0	3.17
64	22	304	36	8.72	3.17
64	23	776	68	22.92	0.03
64	24	558	62	13.89	0.03
64	25	856	50	0	3.17
64	26	134	32	9.53	3.17
64	27	666	45	17.35	3.17
64	28	174	33	7.41	3.17
64	29	341	37	4.77	3.17
64	30	873	50	1.67	3.17
64	31	463	40	1.73	3.17
64	32	206	33	6.05	3.17
64	33	354	37	9.57	3.17
64	34	913	51	0	3.17
64	35	163	32	7.41	3.17
64	36	834	69	19.82	0.03
64	37	471	60	19.19	0.03
64	38	891	71	28.92	0.03
64	39	293	56	0	0.03
65	0	140	32	7.68	3.17
65	1	259	35	0	3.17
65	2	380	58	17.52	0.03
65	3	95	31	9.03	3.17
65	4	804	49	15.38	3.17
65	5	657	65	1.76	0.03
65	6	828	49	0.98	3.17
65	7	265	55	0	0.03
65	8	573	43	28.27	3.17
65	9	426	39	10.46	3.17
65	10	331	57	11.93	0.03
65	11	397	58	20.65	0.03
65	12	242	54	0	0.03
65	13	819	69	19.11	0.03
65	14	627	64	26.29	0.03
65	15	230	34	14.71	3.17
65	16	552	62	22.21	0.03
65	17	690	66	18.77	0.03
65	18	942	52	5.32	3.17
65	19	493	61	0	0.03
65	20	590	43	25.75	3.17
65	21	857	50	8.88	3.17
65	22	289	36	14.96	3.17
65	23	795	68	19.11	0.03
65	24	578	63	19.94	0.03
65	25	847	50	8.95	3.17
65	26	132	32	1.26	3.17
65	27	646	45	20.58	3.17
65	28	167	32	6.51	3.17
65	29	341	37	0	3.17
65	30	865	50	8.07	3.17
65	31	463	40	0	3.17
65	32	194	33	12.21	3.17
65	33	354	37	0	3.17
65	34	908	51	4.36	3.17
65	35	155	32	7.68	3.17
65	36	861	70	26.9	0.03
65	37	471	60	0	0.03
65	38	924	72	33	0.03
65	39	301	56	7.84	0.03
66	0	133	32	7.35	3.17
66	1	257	35	2.11	3.17
66	2	401	58	20.89	0.03
66	3	78	30	17.05	3.17
66	4	787	48	16.84	3.17
66	5	665	65	8.29	0.03
66	6	823	49	4.85	3.17
66	7	267	55	2.23	0.03
66	8	548	42	24.87	3.17
66	9	420	39	5.96	3.17
66	10	335	57	3.91	0.03
66	11	418	59	20.89	0.03
66	12	251	55	8.22	0.03
66	13	838	70	18.78	0.03
66	14	635	64	8.29	0.03
66	15	214	34	16.85	3.17
66	16	565	63	13.1	0.03
66	17	706	66	16.26	0.03
66	18	937	52	5.56	3.17
66	19	502	61	9.5	0.03
66	20	566	43	24.87	3.17
66	21	855	50	1.36	3.17
66	22	278	35	10.7	3.17
66	23	814	69	18.78	0.03
66	24	592	63	14.71	0.03
66	25	845	50	1.36	3.17
66	26	125	31	7.35	3.17
66	27	624	44	22.28	3.17
66	28	167	32	0.83	3.17
66	29	338	37	2.82	3.17
66	30	864	50	1.36	3.17
66	31	461	40	1.77	3.17
66	32	191	33	3.4	3.17
66	33	348	37	6.55	3.17
66	34	897	51	11.4	3.17
66	35	148	32	7.35	3.17
66	36	894	71	33	0.03
66	37	477	60	5.43	0.03
66	38	957	73	33	0.03
66	39	317	56	16.28	0.03
67	0	130	32	2.58	3.17
67	1	251	35	6.36	3.17
67	2	417	59	16.68	0.03
67	3	65	30	12.78	3.17
67	4	768	48	19.85	3.17
67	5	665	65	0	0.03
67	6	809	49	13.84	3.17
67	7	268	55	0.98	0.03
67	8	523	42	25.1	3.17
67	9	408	39	12.07	3.17
67	10	346	57	11.26	0.03
67	11	435	59	16.68	0.03
67	12	252	55	0.98	0.03
67	13	864	70	25.73	0.03
67	14	635	64	0	0.03
67	15	214	34	0	3.17
67	16	572	63	7.71	0.03
67	17	728	67	21.75	0.03
67	18	923	52	13.98	3.17
67	19	512	61	9.39	0.03
67	20	551	42	14.96	3.17
67	21	855	50	0	3.17
67	22	274	35	4.74	3.17
67	23	839	70	24.97	0.03
67	24	600	63	7.71	0.03
67	25	843	50	2.36	3.17
67	26	113	31	11.68	3.17
67	27	609	44	14.84	3.17
67	28	167	32	0	3.17
67	29	332	37	6.53	3.17
67	30	864	50	0	3.17
67	31	455	40	5.56	3.17
67	32	191	33	0	3.17
67	33	341	37	6.53	3.17
67	34	881	51	15.61	3.17
67	35	139	32	8.73	3.17
67	36	922	72	27.27	0.03
67	37	490	61	13.37	0.03
67	38	990	73	33	0.03
67	39	329	57	12.04	0.03
68	0	124	31	5.94	3.17
68	1	241	34	10.18	3.17
68	2	438	59	20.94	0.03
68	3	55	30	9.96	3.17
68	4	744	47	23.84	3.17
68	5	665	65	0	0.03
68	6	789	48	20.79	3.17
68	7	272	55	3.24	0.03
68	8	497	41	26.11	3.17
68	9	405	39	3.67	3.17
68	10	348	57	2.43	0.03
68	11	457	60	22.06	0.03
68	12	252	55	0	0.03
68	13	897	71	33	0.03
68	14	640	65	5.35	0.03
68	15	205	33	8.28	3.17
68	16	575	63	2.36	0.03
68	17	757	67	29.12	0.03
68	18	922	52	0.52	3.17
68	19	530	62	17.99	0.03
68	20	544	42	6.29	3.17
68	21	855	50	0	3.17
68	22	262	35	12.01	3.17
68	23	872	70	33	0.03
68	24	602	64	2.36	0.03
68	25	840	50	2.99	3.17
68	26	110	31	3.61	3.17
68	27	596	43	12.55	3.17
68	28	167	32	0	3.17
68	29	327	37	4.79	3.17
68	30	863	50	0.52	3.17
68	31	447	40	7.94	3.17
68	32	189	33	2.09	3.17
68	33	337	37	4.79	3.17
68	34	881	51	0.52	3.17
68	35	133	32	5.94	3.17
68	36	953	72	31.33	0.03
68	37	498	61	7.59	0.03
68	38	995	74	33	0.03
68	39	332	57	3.07	0.03
69	0	115	31	9.23	3.17
69	1	239	34	1.83	3.17
69	2	461	60	22.5	0.03
69	3	51	30	4.56	3.17
69	4	711	46	32.26	3.17
69	5	669	65	3.89	0.03
69	6	761	48	27.83	3.17
69	7	275	55	3.19	0.03
69	8	476	40	20.62	3.17
69	9	400	38	4.32	3.17
69	10	356	57	7.43	0.03
69	11	479	60	22.5	0.03
69	12	252	55	0	0.03
69	13	930	72	33	0.03
69	14	654	65	13.91	0.03
69	15	195	33	10.23	3.17
69	16	577	63	1.78	0.03
69	17	786	68	28.65	0.03
69	18	922	52	0	3.17
69	19	544	62	14.21	0.03
69	20	529	42	14.96	3.17
69	21	855	50	0	3.17
69	22	252	35	9.42	3.17
69	23	904	71	33	0.03
69	24	603	64	1.11	0.03
69	25	840	50	0	3.17
69	26	101	31	8.48	3.17
69	27	585	43	11.6	3.17
69	28	163	32	3.8	3.17
69	29	322	36	5.31	3.17
69	30	863	50	0	3.17
69	31	441	39	6.66	3.17
69	32	183	33	5.14	3.17
69	33	331	37	5.31	3.17
69	34	876	50	5.12	3.17
69	35	124	31	9.23	3.17
69	36	986	73	33	0.03
69	37	503	61	5.73	0.03
69	38	995	74	33	4.74
69	39	340	57	7.99	0.03
70	0	111	31	4.53	3.17
70	1	231	34	8.09	3.17
70	2	466	60	5.52	0.03
70	3	50	30	2.84	3.17
70	4	678	45	33	3.17
70	5	680	66	11.37	0.03
70	6	728	47	33	3.17
70	7	275	55	0	0.03
70	8	453	40	23.37	3.17
70	9	400	38	0	3.17
70	10	359	57	3.6	0.03
70	11	485	61	5.52	0.03
70	12	252	55	0	0.03
70	13	963	73	33	0.03
70	14	666	65	11.37	0.03
70	15	193	33	1.96	3.17
70	16	588	63	11.24	0.03
70	17	819	69	33	0.03
70	18	922	52	0	3.17
70	19	560	62	15.82	0.03
70	20	507	41	22.57	3.17
70	21	855	50	0	3.17
70	22	243	34	9.59	3.17
70	23	937	72	33	0.03
70	24	603	64	0	0.03
70	25	840	50	0	3.17
70	26	97	31	4.53	3.17
70	27	571	43	13.62	3.17
70	28	161	32	1.96	3.17
70	29	317	36	4.6	3.17
70	30	863	50	0	3.17
70	31	430	39	11.23	3.17
70	32	181	33	1.96	3.17
70	33	329	37	2.57	3.17
70	34	876	50	0	3.17
70	35	120	31	3.79	3.17
70	36	995	74	33	0.03
70	37	509	61	5.52	0.03
70	38	995	54	23.98	4.74
70	39	340	57	0	0.03
71	0	103	31	7.87	3.17
71	1	222	34	8.77	3.17
71	2	474	60	7.72	0.03
71	3	50	30	12.51	1.6
71	4	646	45	33	3.17
71	5	689	66	8.81	0.03
71	6	695	46	33	3.17
71	7	275	55	0	0.03
71	8	442	39	11.43	3.17
71	9	400	38	0	3.17
71	10	370	58	10.24	0.03
71	11	491	61	5.87	0.03
71	12	256	55	4.21	0.03
71	13	995	74	33	0.03
71	14	675	65	8.81	0.03
71	15	193	33	0	3.17
71	16	595	63	6.74	0.03
71	17	843	70	24.18	0.03
71	18	917	52	5.04	3.17
71	19	574	63	14.42	0.03
71	20	477	40	30.08	3.17
71	21	855	50	0	3.17
71	22	234	34	8.77	3.17
71	23	970	73	33	0.03
71	24	613	64	9.95	0.03
71	25	839	50	1.37	3.17
71	26	86	30	10.91	3.17
71	27	567	43	4.11	3.17
71	28	161	32	0	3.17
71	29	308	36	9.08	3.17
71	30	863	50	0	3.17
71	31	418	39	11.43	3.17
71	32	178	33	3.93	3.17
71	33	318	36	10.26	3.17
71	34	872	50	3.77	3.17
71	35	112	31	7.87	3.17
71	36	995	74	33	4.74
71	37	516	61	7.48	0.03
71	38	970	53	25.01	3.17
71	39	349	57	8.54	0.03
72	0	98	31	5.25	3.17
72	1	217	34	5.11	3.17
72	2	480	60	6.27	0.03
72	3	50	39	9.71	1.6
72	4	613	44	33	3.17
72	5	696	66	6.7	0.03
72	6	662	45	33	3.17
72	7	284	55	9.55	0.03
72	8	442	39	0	3.17
72	9	400	38	0	3.17
72	10	370	58	0.67	0.03
72	11	492	61	1.47	0.03
72	12	265	55	9.44	0.03
72	13	995	74	33	4.74
72	14	681	66	6.7	0.03
72	15	186	33	7.62	3.17
72	16	600	63	5.29	0.03
72	17	862	70	19.07	0.03
72	18	910	51	7.34	3.17
72	19	579	63	5.29	0.03
72	20	477	40	0	3.17
72	21	855	50	0.43	3.17
72	22	230	34	4.08	3.17
72	23	995	74	33	0.03
72	24	619	64	5.29	0.03
72	25	838	50	0.43	3.17
72	26	81	30	5.25	3.17
72	27	560	42	7.09	3.17
72	28	160	32	0.46	3.17
72	29	301	36	7.25	3.17
72	30	863	50	0.43	3.17
72	31	418	39	0	3.17
72	32	177	33	0.46	3.17
72	33	311	36	7.25	3.17
72	34	872	50	0.43	3.17
72	35	107	31	5.25	3.17
72	36	995	54	26.36	4.74
72	37	532	62	15.36	0.03
72	38	963	53	7.34	3.17
72	39	349	57	0.67	0.03
73	0	98	31	0	3.17
73	1	210	34	6.89	3.17
73	2	483	61	2.7	0.03
73	3	50	50	14.89	1.6
73	4	605	44	7.2	3.17
73	5	701	66	5.26	0.03
73	6	655	45	7.2	3.17
73	7	298	56	13.27	0.03
73	8	442	39	0	3.17
73	9	400	38	0	3.17
73	10	380	58	9.66	0.03
73	11	495	61	2.7	0.03
73	12	281	55	15.94	0.03
73	13	995	56	17.95	4.74
73	14	687	66	5.26	0.03
73	15	186	33	0	3.17
73	16	609	64	9.16	0.03
73	17	885	71	22.65	0.03
73	18	895	51	15.15	3.17
73	19	590	63	10.97	0.03
73	20	473	40	4.16	3.17
73	21	855	50	0	3.17
73	22	223	34	6.58	3.17
73	23	995	74	33	4.74
73	24	633	64	14.08	0.03
73	25	833	49	5.04	3.17
73	26	81	30	0	3.17
73	27	553	42	7.2	3.17
73	28	160	32	0	3.17
73	29	289	36	11.76	3.17
73	30	863	50	0	3.17
73	31	413	39	4.93	3.17
73	32	177	33	0	3.17
73	33	299	36	11.76	3.17
73	34	872	50	0.07	3.17
73	35	107	31	0	3.17
73	36	977	53	17.95	3.17
73	37	543	62	11.8	0.03
73	38	947	52	15.46	3.17
73	39	352	57	2.58	0.03
74	0	96	31	1.74	3.17
74	1	209	34	0.84	3.17
74	2	487	61	3.65	0.03
74	3	50	50	14.96	0.03
74	4	594	43	11.44	3.17
74	5	707	66	6.39	0.03
74	6	639	44	15.93	3.17
74	7	319	56	21.03	0.03
74	8	442	39	0	3.17
74	9	395	38	5.52	3.17
74	10	382	58	1.91	0.03
74	11	495	61	0	0.03
74	12	288	56	6.92	0.03
74	13	995	54	23.51	4.74
74	14	693	66	6.39	0.03
74	15	186	33	0	3.17
74	16	620	64	10.93	0.03
74	17	914	71	28.82	0.03
74	18	886	51	8.28	3.17
74	19	602	64	11.29	0.03
74	20	470	40	2.29	3.17
74	21	853	50	1.43	3.17
74	22	222	34	0.84	3.17
74	23	995	54	23.51	4.74
74	24	645	65	12	0.03
74	25	833	49	0	3.17
74	26	81	30	0	3.17
74	27	537	42	16.11	3.17
74	28	160	32	0.69	3.17
74	29	269	35	20.26	3.17
74	30	863	50	0	3.17
74	31	413	39	0	3.17
74	32	171	33	5.97	3.17
74	33	298	36	1.95	3.17
74	34	872	50	0	3.17
74	35	104	31	3.25	3.17
74	36	959	53	18.43	3.17
74	37	559	62	15.58	0.03
74	38	929	52	18.43	3.17
74	39	358	57	6.32	0.03
75	0	96	31	0	3.17
75	1	201	33	8.14	3.17
75	2	495	61	8.19	0.03
75	3	63	50	13.1	0.03
75	4	585	43	8.96	3.17
75	5	716	66	8.87	0.03
75	6	613	44	25.65	3.17
75	7	332	57	13.4	0.03
75	8	435	39	6.54	3.17
75	9	386	38	8.72	3.17
75	10	382	58	0	0.03
75	11	503	61	8.19	0.03
75	12	301	56	12.4	0.03
75	13	970	53	25.31	3.17
75	14	700	66	6.95	0.03
75	15	181	33	4.64	3.17
75	16	636	64	15.86	0.03
75	17	945	72	31.88	0.03
75	18	886	51	0	3.17
75	19	617	64	15.13	0.03
75	20	466	40	4.21	3.17
75	21	853	50	0	3.17
75	22	214	34	8.14	3.17
75	23	970	53	25.31	3.17
75	24	660	65	15.7	0.03
75	25	825	49	7.92	3.17
75	26	78	30	2.25	3.17
75	27	513	41	23.58	3.17
75	28	151	32	8.88	3.17
75	29	254	35	14.46	3.17
75	30	863	50	0	3.17
75	31	404	39	8.87	3.17
75	32	169	33	1.85	3.17
75	33	298	36	0	3.17
75	34	872	50	0	3.17
75	35	104	31	0	3.17
75	36	938	52	20.23	3.17
75	37	583	63	24.49	0.03
75	38	908	51	21.24	3.17
75	39	358	57	0	0.03
76	0	95	31	1.18	3.17
76	1	194	33	7.04	3.17
76	2	498	61	3.15	0.03
76	3	85	50	22.88	0.03
76	4	585	43	0	3.17
76	5	727	67	11.03	0.03
76	6	613	44	0	3.17
76	7	337	57	5.15	0.03
76	8	425	39	9.94	3.17
76	9	384	38	1.97	3.17
76	10	385	58	2.69	0.03
76	11	520	61	16.98	0.03
76	12	314	56	13.56	0.03
76	13	959	53	10.73	3.17
76	14	710	66	10.27	0.03
76	15	180	33	1.29	3.17
76	16	643	65	7.13	0.03
76	17	978	73	33	0.03
76	18	877	51	9.03	3.17
76	19	624	64	7.13	0.03
76	20	457	40	9.04	3.17
76	21	851	50	2.68	3.17
76	22	207	33	7.04	3.17
76	23	959	53	10.73	3.17
76	24	678	65	17.16	0.03
76	25	822	49	3.47	3.17
76	26	67	30	11.13	3.17
76	27	504	41	9.04	3.17
76	28	137	32	13.37	3.17
76	29	236	34	18.8	3.17
76	30	860	50	2.68	3.17
76	31	402	38	1.97	3.17
76	32	168	33	1.29	3.17
76	33	298	36	0	3.17
76	34	866	50	5.44	3.17
76	35	103	31	1.18	3.17
76	36	928	52	10.73	3.17
76	37	600	63	16.98	0.03
76	38	899	51	9.03	3.17
76	39	365	58	6.34	0.03
77	0	90	31	4.52	3.17
77	1	192	33	2.21	3.17
77	2	503	61	5.19	0.03
77	3	111	51	25.45	0.03
77	4	579	43	6.21	3.17
77	5	737	67	9.96	0.03
77	6	613	44	0	3.17
77	7	351	57	14.22	0.03
77	8	417	39	8.54	3.17
77	9	377	38	7.32	3.17
77	10	390	58	5.37	0.03
77	11	531	62	10.32	0.03
77	12	332	57	18.01	0.03
77	13	941	52	18.25	3.17
77	14	714	66	4.27	0.03
77	15	177	33	2.21	3.17
77	16	654	65	11.11	0.03
77	17	995	74	33	0.03
77	18	874	50	2.9	3.17
77	19	635	64	11.5	0.03
77	20	444	40	12.96	3.17
77	21	843	50	8.16	3.17
77	22	205	33	1.83	3.17
77	23	954	52	5.05	3.17
77	24	682	66	4.27	0.03
77	25	822	49	0	3.17
77	26	65	30	2.48	3.17
77	27	493	41	10.82	3.17
77	28	130	32	7.78	3.17
77	29	222	34	13.48	3.17
77	30	858	50	2.09	3.17
77	31	399	38	3.09	3.17
77	32	168	33	0	3.17
77	33	293	36	4.96	3.17
77	34	864	50	2.09	3.17
77	35	103	31	0	3.17
77	36	920	52	7.95	3.17
77	37	612	64	11.5	0.03
77	38	890	51	8.19	3.17
77	39	370	58	5.37	0.03
78	0	89	30	1.13	3.17
78	1	188	33	3.92	3.17
78	2	509	61	5.54	0.03
78	3	135	52	23.98	0.03
78	4	579	43	0	3.17
78	5	752	67	14.75	0.03
78	6	608	44	4.59	3.17
78	7	365	58	13.22	0.03
78	8	409	39	8.02	3.17
78	9	376	38	0.58	3.17
78	10	390	58	0.29	0.03
78	11	543	62	12.45	0.03
78	12	345	57	13.22	0.03
78	13	931	52	10.13	3.17
78	14	724	67	9.48	0.03
78	15	177	33	0	3.17
78	16	662	65	7.53	0.03
78	17	995	74	31.78	4.74
78	18	866	50	8.81	3.17
78	19	645	65	10.09	0.03
78	20	436	39	8.02	3.17
78	21	832	49	11.06	3.17
78	22	197	33	8.64	3.17
78	23	952	52	1.6	3.17
78	24	689	66	7.53	0.03
78	25	820	49	1.77	3.17
78	26	65	30	0	3.17
78	27	491	41	2.57	3.17
78	28	117	31	12.41	3.17
78	29	214	34	8.64	3.17
78	30	849	50	8.43	3.17
78	31	399	38	0.58	3.17
78	32	168	33	0	3.17
78	33	283	35	9.39	3.17
78	34	856	50	8.43	3.17
78	35	102	31	1.13	3.17
78	36	910	51	10.13	3.17
78	37	628	64	15.7	0.03
78	38	882	51	8.81	3.17
78	39	379	58	8.95	0.03
79	0	82	30	6.76	3.17
79	1	183	33	4.49	3.17
79	2	519	61	10.49	0.03
79	3	156	52	20.79	0.03
79	4	571	43	7.36	3.17
79	5	775	68	22.59	0.03
79	6	600	43	8.97	3.17
79	7	373	58	8.73	0.03
79	8	400	38	8.42	3.17
79	9	373	38	3.58	3.17
79	10	399	58	8.73	0.03
79	11	558	62	15.43	0.03
79	12	354	57	8.73	0.03
79	13	918	52	12.79	3.17
79	14	737	67	13.06	0.03
79	15	172	33	5.83	3.17
79	16	678	65	16.7	0.03
79	17	995	54	33	4.74
79	18	858	50	7.42	3.17
79	19	662	65	16.7	0.03
79	20	420	39	16.09	3.17
79	21	826	49	5.18	3.17
79	22	192	33	4.49	3.17
79	23	944	52	8.77	3.17
79	24	701	66	11.17	0.03
79	25	820	49	0	3.17
79	26	56	30	8.41	3.17
79	27	491	41	0	3.17
79	28	109	31	8.29	3.17
79	29	203	33	10.52	3.17
79	30	844	50	5.18	3.17
79	31	390	38	8.42	3.17
79	32	162	32	5.86	3.17
79	33	266	35	16.85	3.17
79	34	850	50	5.18	3.17
79	35	97	31	4.88	3.17
79	36	897	51	12.79	3.17
79	37	639	64	11.88	0.03
79	38	874	50	7.42	3.17
79	39	388	58	8.73	0.03
80	0	66	30	15.9	3.17
80	1	182	33	1.71	3.17
80	2	537	62	17.55	0.03
80	3	185	53	29.15	0.03
80	4	557	42	14.77	3.17
80	5	804	69	29.61	0.03
80	6	588	43	11.8	3.17
80	7	384	58	10.56	0.03
80	8	388	38	12.21	3.17
80	9	360	37	12.65	3.17
80	10	416	59	16.69	0.03
80	11	577	63	18.36	0.03
80	12	367	58	13.2	0.03
80	13	918	52	0	3.17
80	14	753	67	15.96	0.03
80	15	168	33	3.33	3.17
80	16	692	66	13.46	0.03
80	17	984	53	11	3.17
80	18	858	50	0	3.17
80	19	675	65	12.62	0.03
80	20	407	39	12.58	3.17
80	21	820	49	6.01	3.17
80	22	189	33	3.23	3.17
80	23	933	52	11	3.17
80	24	714	66	13.46	0.03
80	25	812	49	8.09	3.17
80	26	50	30	14.87	3.17
80	27	481	40	9.96	3.17
80	28	109	31	0	3.17
80	29	200	33	3.23	3.17
80	30	833	49	10.98	3.17
80	31	378	38	12.21	3.17
80	32	159	32	3.33	3.17
80	33	248	35	18.22	3.17
80	34	850	50	0	3.17
80	35	97	31	0	3.17
80	36	897	51	0	3.17
80	37	652	65	12.62	0.03
80	38	874	50	0	3.17
80	39	396	58	8.58	0.03
81	0	51	30	15.04	3.17
81	1	182	33	0	3.17
81	2	546	62	9.51	0.03
81	3	218	54	33	0.03
81	4	532	42	24.46	3.17
81	5	837	70	33	0.03
81	6	571	43	16.97	3.17
81	7	389	58	5.44	0.03
81	8	376	38	11.54	3.17
81	9	349	37	11.54	3.17
81	10	423	59	7.28	0.03
81	11	598	63	20.78	0.03
81	12	375	58	7.73	0.03
81	13	909	51	9.21	3.17
81	14	772	68	18.95	0.03
81	15	160	32	8.26	3.17
81	16	708	66	16.55	0.03
81	17	966	53	17.65	3.17
81	18	851	50	6.84	3.17
81	19	677	65	2.62	0.03
81	20	396	38	11.54	3.17
81	21	810	49	10.73	3.17
81	22	189	33	0	3.17
81	23	925	52	7.97	3.17
81	24	730	67	15.73	0.03
81	25	798	49	14.15	3.17
81	26	50	30	23.58	1.6
81	27	472	40	8.87	3.17
81	28	104	31	5.2	3.17
81	29	200	33	0.24	3.17
81	30	822	49	10.73	3.17
81	31	366	38	11.54	3.17
81	32	151	32	8.26	3.17
81	33	225	34	23.23	3.17
81	34	844	50	6.84	3.17
81	35	97	31	0	3.17
81	36	897	51	0	3.17
81	37	655	65	2.62	0.03
81	38	865	50	8.94	3.17
81	39	396	58	0.02	0.03
82	0	50	30	6.64	3.17
82	1	182	33	0	3.17
82	2	562	63	16.17	0.03
82	3	248	55	30.7	0.03
82	4	508	41	24.11	3.17
82	5	870	70	33	0.03
82	6	549	42	21.96	3.17
82	7	396	58	7.12	0.03
82	8	372	38	4.34	3.17
82	9	332	37	16.28	3.17
82	10	427	59	4.03	0.03
82	11	619	64	21.17	0.03
82	12	379	58	4.41	0.03
82	13	908	51	0.49	3.17
82	14	792	68	20.39	0.03
82	15	158	32	1.55	3.17
82	16	728	67	20.24	0.03
82	17	959	53	7.34	3.17
82	18	842	50	9.23	3.17
82	19	684	66	6.36	0.03
82	20	387	38	9.19	3.17
82	21	793	48	16.42	3.17
82	22	187	33	2.22	3.17
82	23	917	52	7.34	3.17
82	24	750	67	20.24	0.03
82	25	781	48	16.42	3.17
82	26	50	50	31.08	1.6
82	27	457	40	14.77	3.17
82	28	99	31	4.42	3.17
82	29	194	33	5.59	3.17
82	30	806	49	16.42	3.17
82	31	362	37	4.34	3.17
82	32	138	32	12.56	3.17
82	33	219	34	5.59	3.17
82	34	832	49	11.94	3.17
82	35	88	30	8.59	3.17
82	36	896	51	0.49	3.17
82	37	666	65	10.99	0.03
82	38	859	50	6.61	3.17
82	39	403	58	7.12	0.03
83	0	50	30	13.28	1.6
83	1	182	33	0	3.17
83	2	588	63	25.8	0.03
83	3	276	55	27.89	0.03
83	4	478	40	29.62	3.17
83	5	903	71	33	0.03
83	6	522	42	26.36	3.17
83	7	396	58	0	0.03
83	8	371	38	1.38	3.17
83	9	306	36	25.95	3.17
83	10	439	59	11.91	0.03
83	11	637	64	18.29	0.03
83	12	385	58	5.88	0.03
83	13	903	51	4.75	3.17
83	14	814	69	21.72	0.03
83	15	152	32	6.6	3.17
83	16	743	67	14.45	0.03
83	17	951	52	8.11	3.17
83	18	832	49	9.6	3.17
83	19	684	66	0	0.03
83	20	383	38	3.27	3.17
83	21	780	48	12.69	3.17
83	22	187	33	0	3.17
83	23	913	51	4.75	3.17
83	24	761	68	10.81	0.03
83	25	769	48	12.69	3.17
83	26	50	50	33	0.03
83	27	449	40	8.39	3.17
83	28	99	31	0.06	3.17
83	29	194	33	0	3.17
83	30	796	48	9.6	3.17
83	31	361	37	1.38	3.17
83	32	138	32	0.06	3.17
83	33	219	34	0	3.17
83	34	822	49	9.6	3.17
83	35	72	30	16.35	3.17
83	36	896	51	0	3.17
83	37	666	65	0	0.03
83	38	849	50	9.8	3.17
83	39	417	59	13.93	0.03
84	0	50	50	20.31	1.6
84	1	175	33	6.31	3.17
84	2	593	63	5.28	0.03
84	3	307	56	30.46	0.03
84	4	478	40	0	3.17
84	5	936	72	33	0.03
84	6	522	42	0	3.17
84	7	396	58	0	0.03
84	8	371	38	0	3.17
84	9	282	35	24.83	3.17
84	10	460	60	21.56	0.03
84	11	642	65	5.28	0.03
84	12	385	58	0	0.03
84	13	894	51	9.48	3.17
84	14	835	69	20.76	0.03
84	15	150	32	1.59	3.17
84	16	745	67	1.93	0.03
84	17	945	52	5.98	3.17
84	18	822	49	10.79	3.17
84	19	692	66	8.43	0.03
84	20	380	38	3.71	3.17
84	21	758	47	22.51	3.17
84	22	187	33	0	3.17
84	23	903	51	9.48	3.17
84	24	763	68	1.93	0.03
84	25	746	47	22.51	3.17
84	26	82	50	33	0.03
84	27	449	40	0	3.17
84	28	94	31	5.26	3.17
84	29	194	33	0	3.17
84	30	782	48	14.36	3.17
84	31	361	37	0	3.17
84	32	138	32	0	3.17
84	33	213	34	6.79	3.17
84	34	804	49	17.64	3.17
84	35	55	30	16.47	3.17
84	36	887	51	9.48	3.17
84	37	671	65	5.28	0.03
84	38	838	50	10.79	3.17
84	39	433	59	15.62	0.03
85	0	50	50	21.72	0.03
85	1	166	32	9.62	3.17
85	2	607	64	13.75	0.03
85	3	339	57	32.05	0.03
85	4	478	40	0	3.17
85	5	969	73	33	0.03
85	6	522	41	0.87	3.17
85	7	404	59	7.49	0.03
85	8	371	38	0	3.17
85	9	254	35	27.29	3.17
85	10	490	61	29.2	0.03
85	11	649	65	6.49	0.03
85	12	394	58	8.6	0.03
85	13	882	51	12.25	3.17
85	14	846	70	11.78	0.03
85	15	150	32	0	3.17
85	16	751	67	6.56	0.03
85	17	929	52	15.76	3.17
85	18	810	49	11.41	3.17
85	19	695	66	2.28	0.03
85	20	380	38	0	3.17
85	21	738	47	20	3.17
85	22	179	33	8.17	3.17
85	23	891	51	12.25	3.17
85	24	763	68	0	0.03
85	25	726	47	20	3.17
85	26	112	51	29.91	0.03
85	27	446	40	2.64	3.17
85	28	85	30	9.44	3.17
85	29	192	33	1.5	3.17
85	30	766	48	16.63	3.17
85	31	359	37	1.62	3.17
85	32	135	32	3.05	3.17
85	33	211	34	1.5	3.17
85	34	788	48	16.63	3.17
85	35	50	30	22.61	3.17
85	36	872	50	14.45	3.17
85	37	673	65	2.28	0.03
85	38	827	49	11.41	3.17
85	39	446	60	13	0.03
86	0	73	50	23.57	0.03
86	1	165	32	1.08	3.17
86	2	625	64	17.57	0.03
86	3	341	57	2.01	0.03
86	4	475	40	3.71	3.17
86	5	995	74	29.39	0.03
86	6	512	41	9.95	3.17
86	7	416	59	12.56	0.03
86	8	371	38	0	3.17
86	9	254	35	0	3.17
86	10	510	61	19.97	0.03
86	11	655	65	6.72	0.03
86	12	396	58	2.01	0.03
86	13	864	50	17.25	3.17
86	14	849	70	2.72	0.03
86	15	149	32	1.08	3.17
86	16	756	67	4.67	0.03
86	17	923	52	6.29	3.17
86	18	794	48	15.88	3.17
86	19	700	66	5.6	0.03
86	20	380	38	0	3.17
86	21	727	47	11	3.17
86	22	178	33	1.08	3.17
86	23	884	51	6.29	3.17
86	24	764	68	1.07	0.03
86	25	705	46	20.98	3.17
86	26	143	52	30.4	0.03
86	27	440	39	5.74	3.17
86	28	69	30	15.39	3.17
86	29	192	33	0	3.17
86	30	748	47	17.04	3.17
86	31	351	37	8.53	3.17
86	32	134	32	0.76	3.17
86	33	211	34	0	3.17
86	34	771	48	17.04	3.17
86	35	50	30	15.39	1.6
86	36	855	50	17.25	3.17
86	37	679	65	5.65	0.03
86	38	811	49	15.88	3.17
86	39	464	60	18.3	0.03
87	0	98	51	24.54	0.03
87	1	165	32	0	3.17
87	2	632	64	6.94	0.03
87	3	341	57	0	0.03
87	4	463	40	12.14	3.17
87	5	995	74	22.77	4.74
87	6	502	41	9.72	3.17
87	7	437	59	20.47	0.03
87	8	363	37	7.32	3.17
87	9	254	35	0.13	3.17
87	10	528	62	18.83	0.03
87	11	662	65	6.94	0.03
87	12	406	59	10.43	0.03
87	13	856	50	8.07	3.17
87	14	860	70	10.47	0.03
87	15	141	32	8.53	3.17
87	16	761	68	5.29	0.03
87	17	909	51	14.13	3.17
87	18	787	48	7.23	3.17
87	19	708	66	8.3	0.03
87	20	376	38	4.17	3.17
87	21	720	47	7.23	3.17
87	22	178	33	0	3.17
87	23	884	51	0.12	3.17
87	24	770	68	5.73	0.03
87	25	685	46	20.36	3.17
87	26	175	53	32.33	0.03
87	27	433	39	7.54	3.17
87	28	56	30	13.65	3.17
87	29	192	33	0	3.17
87	30	741	47	7.23	3.17
87	31	334	37	16.71	3.17
87	32	125	31	9.1	3.17
87	33	211	34	0	3.17
87	34	764	48	7.23	3.17
87	35	50	41	11.26	1.6
87	36	847	50	8.07	3.17
87	37	681	66	1.94	0.03
87	38	803	49	7.23	3.17
87	39	485	61	20.34	0.03
88	0	131	52	33	0.03
88	1	157	32	7.94	3.17
88	2	632	64	0.5	0.03
88	3	346	57	5.24	0.03
88	4	448	40	14.71	3.17
88	5	995	54	27.27	4.74
88	6	488	41	13.48	3.17
88	7	449	60	11.97	0.03
88	8	347	37	16.23	3.17
88	9	244	34	9.77	3.17
88	10	539	62	10.48	0.03
88	11	662	65	0	0.03
88	12	407	59	0.63	0.03
88	13	850	50	6.36	3.17
88	14	879	71	19.16	0.03
88	15	137	32	3.93	3.17
88	16	773	68	11.24	0.03
88	17	900	51	9.27	3.17
88	18	777	48	10.22	3.17
88	19	716	66	7.38	0.03
88	20	374	38	1.25	3.17
88	21	710	46	9.68	3.17
88	22	170	33	7.32	3.17
88	23	875	50	9.27	3.17
88	24	785	68	15.52	0.03
88	25	667	45	17.72	3.17
88	26	206	53	30.97	0.03
88	27	429	39	3.74	3.17
88	28	50	30	21.25	3.17
88	29	184	33	8.27	3.17
88	30	730	47	11.55	3.17
88	31	310	36	23.48	3.17
88	32	123	31	2.48	3.17
88	33	211	34	0.41	3.17
88	34	763	48	0.88	3.17
88	35	50	50	17.15	1.6
88	36	843	50	4.25	3.17
88	37	689	66	7.75	0.03
88	38	793	48	10.36	3.17
88	39	497	61	12.9	0.03
89	0	159	52	28.46	0.03
89	1	156	32	0.86	3.17
89	2	636	64	4.18	0.03
89	3	346	57	0	0.03
89	4	437	39	10.42	3.17
89	5	962	53	33	3.17
89	6	471	40	17.86	3.17
89	7	467	60	17.93	0.03
89	8	328	37	19.25	3.17
89	9	228	34	15.95	3.17
89	10	553	62	14.51	0.03
89	11	662	65	0	0.03
89	12	407	59	0	0.03
89	13	842	50	8.18	3.17
89	14	890	71	11.15	0.03
89	15	136	32	0.86	3.17
89	16	786	68	13.63	0.03
89	17	884	51	15.15	3.17
89	18	777	48	0	3.17
89	19	718	66	2.47	0.03
89	20	373	38	1.4	3.17
89	21	703	46	7.4	3.17
89	22	169	33	0.86	3.17
89	23	869	50	5.93	3.17
89	24	809	69	23.55	0.03
89	25	647	45	19.79	3.17
89	26	235	54	28.69	0.03
89	27	418	39	10.42	3.17
89	28	50	30	20.26	1.6
89	29	183	33	0.86	3.17
89	30	722	47	7.4	3.17
89	31	292	36	18.53	3.17
89	32	116	31	7	3.17
89	33	211	34	0	3.17
89	34	763	48	0	3.17
89	35	50	50	23.94	0.03
89	36	835	49	8.18	3.17
89	37	701	66	12.75	0.03
89	38	790	48	3.3	3.17
89	39	516	61	18.92	0.03
90	0	186	53	27.13	0.03
90	1	150	32	5.99	3.17
90	2	641	65	4.77	0.03
90	3	348	57	1.51	0.03
90	4	420	39	17.64	3.17
90	5	932	52	30.08	3.17
90	6	455	40	15.4	3.17
90	7	491	61	23.9	0.03
90	8	301	36	27.43	3.17
90	9	228	34	0.02	3.17
90	10	567	63	13.66	0.03
90	11	662	65	0	0.03
90	12	407	59	0	0.03
90	13	832	49	9.69	3.17
90	14	906	71	15.99	0.03
90	15	133	32	2.36	3.17
90	16	810	69	23.48	0.03
90	17	870	50	14.6	3.17
90	18	777	48	0	3.17
90	19	723	67	4.3	0.03
90	20	364	37	8.91	3.17
90	21	693	46	9.49	3.17
90	22	169	33	0	3.17
90	23	855	50	14.6	3.17
90	24	834	69	25.4	0.03
90	25	627	44	20.65	3.17
90	26	255	55	20.28	0.03
90	27	401	38	17.64	3.17
90	28	50	50	27.47	1.6
90	29	183	33	0	3.17
90	30	714	46	8.3	3.17
90	31	270	35	22.26	3.17
90	32	105	31	10.52	3.17
90	33	211	34	0.02	3.17
90	34	761	48	1.36	3.17
90	35	82	50	32.24	0.03
90	36	818	49	16.68	3.17
90	37	706	66	4.3	0.03
90	38	790	48	0	3.17
90	39	537	62	20.54	0.03
