
1	0	369	8	3.85	3.17
1	1	136	2	0	3.17
1	2	400	58	0	0.03
1	3	339	7	0.82	3.17
1	4	525	12	0	3.17
1	5	225	54	0	0.03
1	6	966	73	0	0.03
1	7	475	60	3.78	0.03
1	8	594	13	0	3.17
1	9	674	65	0	0.03
1	10	147	2	9.41	3.17
1	11	357	7	0.06	3.17
1	12	190	3	1.74	3.17
1	13	94	51	5.96	0.03
1	14	554	12	4.63	3.17
1	15	944	72	0	0.03
1	16	456	60	4.33	0.03
1	17	585	63	6.22	0.03
1	18	354	7	0.06	3.17
1	19	455	60	4.33	0.03
1	20	769	18	7.74	3.17
1	21	272	5	6.93	3.17
1	22	614	14	0	3.17
1	23	702	16	9.15	3.17
1	24	333	57	8.49	0.03
1	25	736	67	0	0.03
1	26	353	57	3.53	0.03
1	27	278	5	4.25	3.17
1	28	301	56	0	0.03
1	29	698	66	0	0.03
1	30	124	51	10.65	0.03
1	31	73	0	12.45	3.17
1	32	385	8	3.85	3.17
1	33	235	54	0	0.03
1	34	442	59	4.33	0.03
1	35	51	0	6.36	3.17
1	36	51	0	6.36	3.17
1	37	173	3	3.75	3.17
1	38	235	4	0	3.17
1	39	622	64	0	0.03
2	0	369	8	0	3.17
2	1	136	2	0	3.17
2	2	407	59	7.65	0.03
2	3	338	7	1.17	3.17
2	4	523	12	1.9	3.17
2	5	225	54	0	0.03
2	6	977	73	10.86	0.03
2	7	475	60	0	0.03
2	8	594	13	0	3.17
2	9	674	65	0	0.03
2	10	147	2	0	3.17
2	11	357	7	0	3.17
2	12	190	3	0	3.17
2	13	101	51	7.49	0.03
2	14	544	12	9.57	3.17
2	15	952	72	7.92	0.03
2	16	456	60	0	0.03
2	17	599	63	14.02	0.03
2	18	349	7	4.54	3.17
2	19	455	60	0	0.03
2	20	769	18	0	3.17
2	21	272	5	0	3.17
2	22	606	14	7.41	3.17
2	23	683	16	19.28	3.17
2	24	342	57	8.95	0.03
2	25	736	67	0	0.03
2	26	362	57	8.95	0.03
2	27	278	5	0	3.17
2	28	310	56	9	0.03
2	29	698	66	0	0.03
2	30	143	52	19.86	0.03
2	31	66	0	7.4	3.17
2	32	385	8	0	3.17
2	33	235	54	0	0.03
2	34	445	60	2.23	0.03
2	35	50	13	13.5	1.6
2	36	50	13	13.5	1.6
2	37	173	3	0	3.17
2	38	223	4	12.39	3.17
2	39	622	64	0	0.03
3	0	369	8	0	3.17
3	1	133	2	2.83	3.17
3	2	422	59	14.86	0.03
3	3	338	7	0	3.17
3	4	514	11	9.25	3.17
3	5	225	54	0	0.03
3	6	988	73	10.83	0.03
3	7	483	61	8.22	0.03
3	8	589	13	5.12	3.17
3	9	674	65	0	0.03
3	10	141	2	5.51	3.17
3	11	357	7	0	3.17
3	12	190	3	0	3.17
3	13	121	51	20.03	0.03
3	14	530	12	14.07	3.17
3	15	959	73	7.36	0.03
3	16	456	60	0	0.03
3	17	608	64	9.61	0.03
3	18	349	7	0	3.17
3	19	455	60	0	0.03
3	20	759	17	10.57	3.17
3	21	263	5	8.33	3.17
3	22	606	14	0	3.17
3	23	654	15	29.01	3.17
3	24	344	57	2.32	0.03
3	25	740	67	3.88	0.03
3	26	365	58	2.32	0.03
3	27	278	5	0	3.17
3	28	310	56	0	0.03
3	29	698	66	0	0.03
3	30	172	53	28.36	0.03
3	31	55	0	10.78	3.17
3	32	379	8	6.22	3.17
3	33	235	54	0	0.03
3	34	445	60	0	0.03
3	35	50	28	14.69	1.6
3	36	50	28	14.69	1.6
3	37	172	3	0.92	3.17
3	38	223	4	0	3.17
3	39	634	64	11.84	0.03
4	0	369	8	0	3.17
4	1	129	1	4.36	3.17
4	2	433	59	10.71	0.03
4	3	338	7	0	3.17
4	4	502	11	11.55	3.17
4	5	225	54	0	0.03
4	6	995	74	13.94	0.03
4	7	483	61	0	0.03
4	8	583	13	6.17	3.17
4	9	674	65	0	0.03
4	10	141	2	0	3.17
4	11	357	7	0	3.17
4	12	190	3	0	3.17
4	13	142	52	20.78	0.03
4	14	519	11	11.55	3.17
4	15	974	73	15.45	0.03
4	16	462	60	5.94	0.03
4	17	621	64	12.16	0.03
4	18	349	7	0	3.17
4	19	459	60	3.5	0.03
4	20	735	17	23.48	3.17
4	21	251	5	12.28	3.17
4	22	606	14	0	3.17
4	23	654	15	0	3.17
4	24	346	57	2.52	0.03
4	25	746	67	5.31	0.03
4	26	370	58	5.72	0.03
4	27	268	5	9.47	3.17
4	28	311	56	1.76	0.03
4	29	703	66	5.58	0.03
4	30	194	53	22.46	0.03
4	31	51	0	16.82	3.17
4	32	377	8	1.84	3.17
4	33	235	54	0	0.03
4	34	445	60	0	0.03
4	35	50	50	22.69	1.6
4	36	50	49	21.26	1.6
4	37	172	3	0	3.17
4	38	223	4	0	3.17
4	39	638	64	4.23	0.03
5	0	369	8	0	3.17
5	1	121	1	7.88	3.17
5	2	433	59	0	0.03
5	3	329	7	9.04	3.17
5	4	485	11	17.11	3.17
5	5	225	54	0	0.03
5	6	995	58	15.55	4.74
5	7	495	61	11.93	0.03
5	8	570	13	13.08	3.17
5	9	681	66	7.23	0.03
5	10	141	2	0	3.17
5	11	357	7	0	3.17
5	12	186	3	3.88	3.17
5	13	142	52	0	0.03
5	14	507	11	11.94	3.17
5	15	986	73	11.79	0.03
5	16	474	60	11.93	0.03
5	17	634	64	13.59	0.03
5	18	339	7	10.08	3.17
5	19	466	60	7.15	0.03
5	20	723	17	12.85	3.17
5	21	246	4	4.92	3.17
5	22	594	13	12.18	3.17
5	23	648	15	5.55	3.17
5	24	346	57	0	0.03
5	25	746	67	0.39	0.03
5	26	372	58	2.11	0.03
5	27	261	5	6.67	3.17
5	28	312	56	0.9	0.03
5	29	720	67	16.65	0.03
5	30	194	53	0	0.03
5	31	50	22	22.05	1.6
5	32	377	8	0	3.17
5	33	235	54	0	0.03
5	34	445	60	0	0.03
5	35	50	50	15.4	0.03
5	36	50	50	8.73	1.6
5	37	172	3	0	3.17
5	38	218	4	4.84	3.17
5	39	652	65	13.59	0.03
6	0	367	8	2.87	3.17
6	1	107	1	13.67	3.17
6	2	433	59	0	0.03
6	3	308	6	20.73	3.17
6	4	460	10	25.61	3.17
6	5	233	54	7.65	0.03
6	6	995	34	23.66	4.74
6	7	512	61	16.71	0.03
6	8	554	12	15.36	3.17
6	9	693	66	11.91	0.03
6	10	141	2	0	3.17
6	11	347	7	10.08	3.17
6	12	186	3	0	3.17
6	13	142	52	0	0.03
6	14	484	11	22.87	3.17
6	15	995	74	21.04	0.03
6	16	478	60	4.21	0.03
6	17	651	65	16.66	0.03
6	18	324	6	15.38	3.17
6	19	470	60	4.21	0.03
6	20	711	16	11.14	3.17
6	21	238	4	8.41	3.17
6	22	577	13	17.09	3.17
6	23	635	14	13.45	3.17
6	24	347	57	0.91	0.03
6	25	746	67	0	0.03
6	26	384	58	11.66	0.03
6	27	253	5	8.41	3.17
6	28	323	56	11	0.03
6	29	724	67	3.93	0.03
6	30	198	53	4.21	0.03
6	31	50	24	2.28	1.6
6	32	374	8	2.87	3.17
6	33	242	54	7.65	0.03
6	34	445	60	0	0.03
6	35	67	50	17.25	0.03
6	36	50	50	2.28	0.03
6	37	172	3	0	3.17
6	38	214	4	3.79	3.17
6	39	668	65	15.93	0.03
7	0	356	7	10.34	3.17
7	1	85	0	22.04	3.17
7	2	433	59	0	0.03
7	3	284	5	24.52	3.17
7	4	439	9	21.12	3.17
7	5	247	55	14.04	0.03
7	6	996	24	25.32	4.74
7	7	535	62	22.75	0.03
7	8	532	12	22.47	3.17
7	9	712	66	18.77	0.03
7	10	136	2	5.53	3.17
7	11	341	7	6.55	3.17
7	12	181	3	4.75	3.17
7	13	154	52	11.89	0.03
7	14	463	10	21.12	3.17
7	15	995	48	25.32	4.74
7	16	483	61	5.73	0.03
7	17	663	65	12.63	0.03
7	18	321	6	2.9	3.17
7	19	476	60	5.73	0.03
7	20	695	16	16.77	3.17
7	21	238	4	0	3.17
7	22	567	13	9.92	3.17
7	23	619	14	16.37	3.17
7	24	347	57	0	0.03
7	25	752	67	5.71	0.03
7	26	403	58	18.7	0.03
7	27	253	5	0	3.17
7	28	328	57	4.63	0.03
7	29	735	67	10.89	0.03
7	30	205	53	6.77	0.03
7	31	50	38	14.02	1.6
7	32	374	8	0	3.17
7	33	256	55	14.29	0.03
7	34	445	60	0	0.03
7	35	92	51	25.68	0.03
7	36	59	50	9.3	0.03
7	37	163	2	9.25	3.17
7	38	214	4	0	3.17
7	39	680	66	12.63	0.03
8	0	352	7	3.95	3.17
8	1	69	0	16.13	3.17
8	2	437	59	3.71	0.03
8	3	279	5	4.82	3.17
8	4	415	9	23.89	3.17
8	5	268	55	21.34	0.03
8	6	996	24	33	3.17
8	7	554	62	18.99	0.03
8	8	510	11	21.96	3.17
8	9	719	67	7.34	0.03
8	10	128	1	8.39	3.17
8	11	341	7	0	3.17
8	12	173	3	7.43	3.17
8	13	173	53	18.79	0.03
8	14	449	10	13.71	3.17
8	15	996	24	33	4.74
8	16	501	61	17.94	0.03
8	17	671	65	7.34	0.03
8	18	321	6	0	3.17
8	19	485	61	8.87	0.03
8	20	666	15	28.34	3.17
8	21	238	4	0	3.17
8	22	555	12	11.88	3.17
8	23	592	13	26.88	3.17
8	24	359	57	11.71	0.03
8	25	759	68	7.34	0.03
8	26	406	59	3.71	0.03
8	27	248	5	4.82	3.17
8	28	340	57	11.54	0.03
8	29	742	67	7.34	0.03
8	30	211	54	5.81	0.03
8	31	50	50	21.42	1.6
8	32	374	8	0.23	3.17
8	33	281	55	24.63	0.03
8	34	445	60	0	0.03
8	35	125	51	33	0.03
8	36	60	50	1.67	0.03
8	37	156	2	6.32	3.17
8	38	209	4	5.09	3.17
8	39	688	66	7.34	0.03
9	0	352	7	0	3.17
9	1	62	0	7.19	3.17
9	2	437	59	0	0.03
9	3	274	5	4.54	3.17
9	4	415	9	0	3.17
9	5	284	55	15.34	0.03
9	6	963	23	33	3.17
9	7	567	63	13.74	0.03
9	8	501	11	9.24	3.17
9	9	722	67	3.38	0.03
9	10	107	1	20.5	3.17
9	11	332	7	8.14	3.17
9	12	161	2	12.61	3.17
9	13	179	53	6.67	0.03
9	14	449	10	0	3.17
9	15	996	24	33	3.17
9	16	516	61	14.18	0.03
9	17	676	65	5.47	0.03
9	18	320	6	0.74	3.17
9	19	491	61	6.14	0.03
9	20	633	14	33	3.17
9	21	238	4	0	3.17
9	22	542	12	12.73	3.17
9	23	579	13	12.73	3.17
9	24	382	58	23.33	0.03
9	25	772	68	12.64	0.03
9	26	406	59	0	0.03
9	27	243	4	5.04	3.17
9	28	355	57	15.17	0.03
9	29	745	67	3.38	0.03
9	30	218	54	6.67	0.03
9	31	50	50	30.16	0.03
9	32	374	8	0	3.17
9	33	296	56	15.34	0.03
9	34	445	60	0	0.03
9	35	132	52	6.67	0.03
9	36	72	50	11.33	0.03
9	37	144	2	12.61	3.17
9	38	200	3	8.49	3.17
9	39	700	66	12.31	0.03
10	0	352	7	0.15	3.17
10	1	54	0	7.75	3.17
10	2	437	59	0	0.03
10	3	262	5	12.79	3.17
10	4	409	9	6.04	3.17
10	5	289	56	5.35	0.03
10	6	930	22	33	3.17
10	7	586	63	18.17	0.03
10	8	490	11	10.39	3.17
10	9	722	67	0	0.03
10	10	95	1	12.52	3.17
10	11	332	7	0.15	3.17
10	12	157	2	3.91	3.17
10	13	179	53	0	0.03
10	14	440	9	8.47	3.17
10	15	963	23	33	3.17
10	16	535	62	19.11	0.03
10	17	676	65	0	0.03
10	18	320	6	0.15	3.17
10	19	501	61	10.12	0.03
10	20	600	13	33	3.17
10	21	231	4	6.87	3.17
10	22	521	11	21.11	3.17
10	23	565	13	13.67	3.17
10	24	392	58	10.06	0.03
10	25	791	68	19.29	0.03
10	26	416	59	10.06	0.03
10	27	236	4	6.87	3.17
10	28	365	58	10.06	0.03
10	29	754	67	9.08	0.03
10	30	218	54	0	0.03
10	31	63	50	13.26	0.03
10	32	368	8	6.02	3.17
10	33	305	56	8.12	0.03
10	34	445	60	0	0.03
10	35	147	52	14.47	0.03
10	36	85	50	13.26	0.03
10	37	142	2	1.52	3.17
10	38	186	3	14.33	3.17
10	39	700	66	0	0.03
11	0	345	7	6.64	3.17
11	1	54	0	0	3.17
11	2	438	59	1.36	0.03
11	3	248	5	13.33	3.17
11	4	409	9	0	3.17
11	5	305	56	15.64	0.03
11	6	897	21	33	3.17
11	7	599	63	13.98	0.03
11	8	471	10	19.39	3.17
11	9	725	67	2.41	0.03
11	10	81	0	13.04	3.17
11	11	330	7	2.24	3.17
11	12	150	2	7.13	3.17
11	13	181	53	1.29	0.03
11	14	428	9	12.87	3.17
11	15	930	22	33	3.17
11	16	548	62	13.79	0.03
11	17	676	65	0	0.03
11	18	318	6	2.24	3.17
11	19	510	61	9.37	0.03
11	20	589	13	11.79	3.17
11	21	217	4	13.33	3.17
11	22	502	11	19.39	3.17
11	23	554	12	11.79	3.17
11	24	394	58	1.36	0.03
11	25	802	69	11.4	0.03
11	26	418	59	1.36	0.03
11	27	223	4	13.33	3.17
11	28	366	58	1.36	0.03
11	29	754	67	0	0.03
11	30	224	54	6.5	0.03
11	31	67	50	4.51	0.03
11	32	361	7	6.64	3.17
11	33	320	56	15.64	0.03
11	34	445	60	0	0.03
11	35	148	52	1.29	0.03
11	36	103	51	17.65	0.03
11	37	138	2	4.67	3.17
11	38	179	3	7.13	3.17
11	39	700	66	0	0.03
12	0	339	7	6.64	3.17
12	1	51	0	3.55	3.17
12	2	438	59	0	0.03
12	3	243	4	5.53	3.17
12	4	397	8	11.14	3.17
12	5	305	56	0	0.03
12	6	864	20	33	3.17
12	7	620	64	20.26	0.03
12	8	444	10	26.72	3.17
12	9	737	67	12.09	0.03
12	10	78	0	3.38	3.17
12	11	323	6	6.64	3.17
12	12	147	2	2.57	3.17
12	13	191	53	10.19	0.03
12	14	414	9	13.34	3.17
12	15	897	21	33	3.17
12	16	563	63	14.53	0.03
12	17	680	66	3.46	0.03
12	18	311	6	6.64	3.17
12	19	530	62	19.86	0.03
12	20	565	13	23.37	3.17
12	21	194	3	23.31	3.17
12	22	483	10	19.2	3.17
12	23	529	12	24.66	3.17
12	24	394	58	0	0.03
12	25	814	69	11.94	0.03
12	26	418	59	0	0.03
12	27	202	3	20.65	3.17
12	28	366	58	0	0.03
12	29	756	67	1.43	0.03
12	30	224	54	0	0.03
12	31	84	50	16.34	0.03
12	32	361	7	0	3.17
12	33	320	56	0	0.03
12	34	445	60	0	0.03
12	35	151	52	3.67	0.03
12	36	121	51	18.55	0.03
12	37	123	1	14.28	3.17
12	38	170	3	9.02	3.17
12	39	704	66	3.61	0.03
13	0	339	7	0	3.17
13	1	51	7	7.42	1.6
13	2	438	59	0	0.03
13	3	243	4	0	3.17
13	4	383	8	14.14	3.17
13	5	305	56	0	0.03
13	6	832	19	31.78	3.17
13	7	628	64	8.03	0.03
13	8	434	9	10.64	3.17
13	9	740	67	3.18	0.03
13	10	73	0	4.71	3.17
13	11	323	6	0	3.17
13	12	133	2	14.21	3.17
13	13	203	53	11.97	0.03
13	14	404	8	10.64	3.17
13	15	866	20	30.74	3.17
13	16	567	63	3.69	0.03
13	17	680	66	0	0.03
13	18	295	6	16.26	3.17
13	19	534	62	3.69	0.03
13	20	551	12	13.79	3.17
13	21	184	3	9.63	3.17
13	22	473	10	9.94	3.17
13	23	503	11	26.16	3.17
13	24	395	58	0.96	0.03
13	25	829	69	15.22	0.03
13	26	418	59	0	0.03
13	27	193	3	9.63	3.17
13	28	372	58	5.96	0.03
13	29	764	68	7.83	0.03
13	30	225	54	1.35	0.03
13	31	90	51	6.55	0.03
13	32	355	7	6.31	3.17
13	33	320	56	0	0.03
13	34	445	60	0	0.03
13	35	167	52	15.11	0.03
13	36	128	51	6.99	0.03
13	37	119	1	4.71	3.17
13	38	160	2	9.63	3.17
13	39	720	67	16.1	0.03
14	0	339	7	0	3.17
14	1	51	7	0	1.6
14	2	442	59	4.43	0.03
14	3	243	4	0	3.17
14	4	373	8	9.89	3.17
14	5	311	56	5.93	0.03
14	6	813	19	19.12	3.17
14	7	630	64	1.91	0.03
14	8	417	9	16.05	3.17
14	9	744	67	3.56	0.03
14	10	64	0	9.89	3.17
14	11	319	6	4	3.17
14	12	126	1	7.39	3.17
14	13	213	54	10.63	0.03
14	14	399	8	4.68	3.17
14	15	847	20	19.12	3.17
14	16	567	63	0.06	0.03
14	17	680	66	0	0.03
14	18	275	5	19.69	3.17
14	19	543	62	8.98	0.03
14	20	530	12	21.8	3.17
14	21	179	3	5.14	3.17
14	22	455	10	17.49	3.17
14	23	480	10	22.45	3.17
14	24	395	58	0	0.03
14	25	832	69	2.79	0.03
14	26	418	59	0.27	0.03
14	27	188	3	5.14	3.17
14	28	379	58	7.38	0.03
14	29	783	68	19.3	0.03
14	30	236	54	10.63	0.03
14	31	102	51	11.47	0.03
14	32	353	7	2.5	3.17
14	33	327	57	6.7	0.03
14	34	450	60	5.05	0.03
14	35	177	53	10.63	0.03
14	36	128	51	0	0.03
14	37	111	1	7.39	3.17
14	38	150	2	10.02	3.17
14	39	723	67	3.56	0.03
15	0	329	7	9.38	3.17
15	1	51	9	1.66	1.6
15	2	454	60	11.58	0.03
15	3	243	4	0	3.17
15	4	373	8	0	3.17
15	5	314	56	3.58	0.03
15	6	792	18	20.97	3.17
15	7	644	65	14.06	0.03
15	8	416	9	1.06	3.17
15	9	751	67	7.29	0.03
15	10	57	0	6.74	3.17
15	11	317	6	2.31	3.17
15	12	117	1	8.47	3.17
15	13	227	54	13.73	0.03
15	14	398	8	1.06	3.17
15	15	835	19	12.38	3.17
15	16	570	63	2.97	0.03
15	17	685	66	5.4	0.03
15	18	275	5	0	3.17
15	19	546	62	2.97	0.03
15	20	529	12	1.06	3.17
15	21	179	3	0	3.17
15	22	454	10	1.06	3.17
15	23	479	10	1.06	3.17
15	24	407	59	12.63	0.03
15	25	837	70	5.1	0.03
15	26	424	59	5.78	0.03
15	27	188	3	0	3.17
15	28	392	58	12.63	0.03
15	29	802	69	19.33	0.03
15	30	250	55	13.73	0.03
15	31	105	51	2.96	0.03
15	32	353	7	0	3.17
15	33	330	57	3.58	0.03
15	34	465	60	15.6	0.03
15	35	197	53	19.95	0.03
15	36	131	52	2.96	0.03
15	37	103	1	8.47	3.17
15	38	145	2	5.3	3.17
15	39	731	67	7.29	0.03
16	0	325	6	4.21	3.17
16	1	50	23	14.61	1.6
16	2	473	60	19.42	0.03
16	3	243	4	0	3.17
16	4	372	8	1.13	3.17
16	5	320	56	6.09	0.03
16	6	770	18	22.09	3.17
16	7	669	65	25.27	0.03
16	8	416	9	0	3.17
16	9	751	67	0	0.03
16	10	53	0	4.23	3.17
16	11	304	6	13.48	3.17
16	12	108	1	9.47	3.17
16	13	243	54	16.29	0.03
16	14	398	8	0	3.17
16	15	831	19	4.04	3.17
16	16	580	63	10.08	0.03
16	17	701	66	16.08	0.03
16	18	265	5	9.94	3.17
16	19	560	62	14.03	0.03
16	20	515	11	14	3.17
16	21	169	3	10.81	3.17
16	22	442	9	11.75	3.17
16	23	479	10	0	3.17
16	24	417	59	9.37	0.03
16	25	845	70	7.76	0.03
16	26	433	59	9.37	0.03
16	27	179	3	8.34	3.17
16	28	395	58	3.3	0.03
16	29	810	69	7.76	0.03
16	30	266	55	16.47	0.03
16	31	120	51	15.73	0.03
16	32	344	7	8.7	3.17
16	33	335	57	4.24	0.03
16	34	490	61	24.82	0.03
16	35	213	54	16.29	0.03
16	36	142	52	10.49	0.03
16	37	93	1	9.47	3.17
16	38	141	2	4.27	3.17
16	39	731	67	0	0.03
17	0	325	6	0	3.17
17	1	50	47	23.84	1.6
17	2	494	61	20.65	0.03
17	3	233	4	9.28	3.17
17	4	372	8	0	3.17
17	5	321	56	0.84	0.03
17	6	737	17	33	3.17
17	7	669	65	0	0.03
17	8	410	9	6.21	3.17
17	9	751	67	0	0.03
17	10	53	0	0	3.17
17	11	283	5	20.63	3.17
17	12	108	1	0	3.17
17	13	264	55	20.78	0.03
17	14	395	8	2.41	3.17
17	15	831	19	0	3.17
17	16	591	63	11.15	0.03
17	17	701	66	0	0.03
17	18	256	5	9.28	3.17
17	19	571	63	11.15	0.03
17	20	500	11	14.49	3.17
17	21	169	3	0	3.17
17	22	436	9	6.21	3.17
17	23	479	10	0	3.17
17	24	417	59	0	0.03
17	25	865	70	19.45	0.03
17	26	433	59	0	0.03
17	27	179	3	0.59	3.17
17	28	404	59	8.97	0.03
17	29	820	69	9.84	0.03
17	30	289	56	22.58	0.03
17	31	134	52	13.47	0.03
17	32	344	7	0	3.17
17	33	339	57	4.23	0.03
17	34	518	61	27.58	0.03
17	35	229	54	15.24	0.03
17	36	155	52	13.47	0.03
17	37	93	1	0	3.17
17	38	141	2	0	3.17
17	39	731	67	0	0.03
18	0	317	6	7.94	3.17
18	1	50	50	33	1.6
18	2	503	61	9.1	0.03
18	3	225	4	8.27	3.17
18	4	372	8	0	3.17
18	5	321	56	0	0.03
18	6	704	16	33	3.17
18	7	682	66	12.63	0.03
18	8	410	9	0	3.17
18	9	751	67	0	0.03
18	10	53	0	0	3.17
18	11	282	5	0.96	3.17
18	12	98	1	9.42	3.17
18	13	264	55	0	0.03
18	14	395	8	0	3.17
18	15	820	19	10.79	3.17
18	16	615	64	23.97	0.03
18	17	707	66	6.03	0.03
18	18	255	5	0.96	3.17
18	19	587	63	15.7	0.03
18	20	492	11	8.14	3.17
18	21	169	3	0	3.17
18	22	436	9	0	3.17
18	23	479	10	0	3.17
18	24	417	59	0	0.03
18	25	892	71	27.55	0.03
18	26	444	60	10.77	0.03
18	27	179	3	0	3.17
18	28	404	59	0	0.03
18	29	839	70	19.47	0.03
18	30	289	56	0	0.03
18	31	149	52	14.82	0.03
18	32	343	7	1.1	3.17
18	33	347	57	8.23	0.03
18	34	549	62	31.23	0.03
18	35	229	54	0	0.03
18	36	170	53	14.64	0.03
18	37	83	0	10.16	3.17
18	38	141	2	0	3.17
18	39	736	67	5.46	0.03
19	0	298	6	19.56	3.17
19	1	50	50	30.01	0.03
19	2	518	61	15.19	0.03
19	3	212	4	13	3.17
19	4	362	7	10.76	3.17
19	5	330	57	8.38	0.03
19	6	674	15	29.89	3.17
19	7	687	66	5.31	0.03
19	8	410	9	0	3.17
19	9	758	67	7.03	0.03
19	10	51	0	12.12	3.17
19	11	276	5	5.55	3.17
19	12	87	0	11.49	3.17
19	13	264	55	0	0.03
19	14	390	8	5.29	3.17
19	15	801	19	18.95	3.17
19	16	637	64	21.75	0.03
19	17	709	66	1.93	0.03
19	18	255	5	0	3.17
19	19	607	64	20.5	0.03
19	20	489	11	2.82	3.17
19	21	163	2	5.38	3.17
19	22	427	9	8.94	3.17
19	23	476	10	2.82	3.17
19	24	417	59	0	0.03
19	25	920	72	27.63	0.03
19	26	455	60	10.65	0.03
19	27	179	3	0	3.17
19	28	404	59	0	0.03
19	29	846	70	6.8	0.03
19	30	299	56	10.23	0.03
19	31	174	53	25.13	0.03
19	32	342	7	1.27	3.17
19	33	351	57	3.74	0.03
19	34	569	63	20.5	0.03
19	35	229	54	0	0.03
19	36	195	53	25.13	0.03
19	37	72	0	11.49	3.17
19	38	137	2	3.53	3.17
19	39	736	67	0	0.03
20	0	287	6	10.4	3.17
20	1	74	50	24.52	0.03
20	2	541	62	22.86	0.03
20	3	207	3	4.76	3.17
20	4	350	7	11.95	3.17
20	5	330	57	0	0.03
20	6	650	15	24.24	3.17
20	7	701	66	13.63	0.03
20	8	406	9	4.71	3.17
20	9	766	68	7.82	0.03
20	10	51	3	3.48	1.6
20	11	272	5	4.58	3.17
20	12	87	0	0	3.17
20	13	270	55	5.8	0.03
20	14	380	8	10.25	3.17
20	15	783	18	18.25	3.17
20	16	661	65	24.22	0.03
20	17	722	67	12.53	0.03
20	18	250	5	4.58	3.17
20	19	631	64	24.22	0.03
20	20	484	11	4.7	3.17
20	21	161	2	2.11	3.17
20	22	423	9	4.71	3.17
20	23	469	10	7.05	3.17
20	24	417	59	0	0.03
20	25	953	72	33	0.03
20	26	472	60	17.82	0.03
20	27	174	3	4.76	3.17
20	28	404	59	0	0.03
20	29	859	70	12.94	0.03
20	30	299	56	0	0.03
20	31	191	53	17.52	0.03
20	32	330	7	11.95	3.17
20	33	351	57	0.48	0.03
20	34	596	63	26.53	0.03
20	35	231	54	1.96	0.03
20	36	212	54	17.52	0.03
20	37	72	0	0	3.17
20	38	127	1	9.93	3.17
20	39	738	67	2.02	0.03
21	0	287	6	0	3.17
21	1	107	51	32.64	0.03
21	2	574	63	33	0.03
21	3	190	3	16.86	3.17
21	4	331	7	18.93	3.17
21	5	337	57	7.36	0.03
21	6	617	14	33	3.17
21	7	705	66	4.27	0.03
21	8	396	8	9.11	3.17
21	9	766	68	0	0.03
21	10	51	3	0	1.6
21	11	272	5	0	3.17
21	12	80	0	6.96	3.17
21	13	270	55	0	0.03
21	14	376	8	3.54	3.17
21	15	771	18	12.06	3.17
21	16	674	65	12.66	0.03
21	17	726	67	4.27	0.03
21	18	250	5	0	3.17
21	19	644	65	12.66	0.03
21	20	484	11	0.51	3.17
21	21	149	2	11.86	3.17
21	22	413	9	9.11	3.17
21	23	455	10	14.22	3.17
21	24	424	59	6.78	0.03
21	25	986	73	33	0.03
21	26	492	61	19.22	0.03
21	27	162	2	11.61	3.17
21	28	411	59	6.78	0.03
21	29	865	70	6.46	0.03
21	30	304	56	4.73	0.03
21	31	204	53	12.79	0.03
21	32	309	6	20.27	3.17
21	33	364	57	12.25	0.03
21	34	608	64	12.66	0.03
21	35	240	54	9.24	0.03
21	36	225	54	12.79	0.03
21	37	64	0	7.49	3.17
21	38	109	1	17.83	3.17
21	39	744	67	5.41	0.03
22	0	287	6	0.77	3.17
22	1	140	52	33	0.03
22	2	584	63	10.04	0.03
22	3	186	3	4.6	3.17
22	4	330	7	0.77	3.17
22	5	337	57	0	0.03
22	6	584	13	33	3.17
22	7	711	66	5.92	0.03
22	8	392	8	4.02	3.17
22	9	769	68	3.03	0.03
22	10	51	10	6.54	1.6
22	11	272	5	0	3.17
22	12	74	0	6.15	3.17
22	13	271	55	0.96	0.03
22	14	376	8	0	3.17
22	15	755	17	15.54	3.17
22	16	691	66	17.79	0.03
22	17	732	67	5.92	0.03
22	18	245	4	5.21	3.17
22	19	662	65	17.79	0.03
22	20	473	10	10.9	3.17
22	21	131	2	18.65	3.17
22	22	407	9	5.95	3.17
22	23	436	9	18.78	3.17
22	24	424	59	0	0.03
22	25	995	74	33	0.03
22	26	504	61	12.72	0.03
22	27	158	2	4.6	3.17
22	28	411	59	0	0.03
22	29	870	70	4.94	0.03
22	30	305	56	1.59	0.03
22	31	213	54	9.05	0.03
22	32	309	6	0.77	3.17
22	33	380	58	16.23	0.03
22	34	618	64	10.04	0.03
22	35	241	54	0.96	0.03
22	36	226	54	0.96	0.03
22	37	51	0	16.93	3.17
22	38	103	1	6.15	3.17
22	39	744	67	0	0.03
23	0	287	6	0	3.17
23	1	173	53	33	0.03
23	2	606	64	21.46	0.03
23	3	181	3	4.98	3.17
23	4	330	7	0	3.17
23	5	345	57	7.87	0.03
23	6	551	12	33	3.17
23	7	712	66	1	0.03
23	8	390	8	2.08	3.17
23	9	777	68	7.84	0.03
23	10	50	15	5.8	1.6
23	11	269	5	3.4	3.17
23	12	63	0	10.48	3.17
23	13	277	55	5.62	0.03
23	14	363	7	12.95	3.17
23	15	731	17	23.93	3.17
23	16	699	66	7.22	0.03
23	17	733	67	1	0.03
23	18	231	4	13.99	3.17
23	19	669	65	7.22	0.03
23	20	455	10	17.92	3.17
23	21	120	1	10.4	3.17
23	22	400	8	7.64	3.17
23	23	423	9	13.19	3.17
23	24	433	59	9.83	0.03
23	25	995	41	33	4.74
23	26	529	62	24.87	0.03
23	27	158	2	0	3.17
23	28	419	59	7.84	0.03
23	29	870	70	0	0.03
23	30	306	56	0.92	0.03
23	31	215	54	1.81	0.03
23	32	309	6	0	3.17
23	33	388	58	7.84	0.03
23	34	631	64	12.85	0.03
23	35	246	54	4.89	0.03
23	36	228	54	1.81	0.03
23	37	51	5	5.8	1.6
23	38	93	1	10.4	3.17
23	39	753	67	9.27	0.03
24	0	287	6	0	3.17
24	1	173	53	0	0.03
24	2	606	64	0	0.03
24	3	169	3	11.61	3.17
24	4	330	7	0	3.17
24	5	359	57	13.9	0.03
24	6	518	11	33	3.17
24	7	718	66	6.19	0.03
24	8	378	8	12.7	3.17
24	9	790	68	13.58	0.03
24	10	50	23	7.51	1.6
24	11	269	5	0	3.17
24	12	63	0	0	3.17
24	13	288	56	11.98	0.03
24	14	354	7	9.56	3.17
24	15	711	16	20.43	3.17
24	16	706	66	7.89	0.03
24	17	741	67	8.27	0.03
24	18	207	3	23.7	3.17
24	19	677	65	7.89	0.03
24	20	449	10	5.73	3.17
24	21	120	1	0	3.17
24	22	394	8	5.73	3.17
24	23	418	9	5.73	3.17
24	24	453	60	19.5	0.03
24	25	996	24	26.8	4.74
24	26	562	63	33	0.03
24	27	149	2	8.72	3.17
24	28	429	59	10.56	0.03
24	29	878	71	8.1	0.03
24	30	311	56	5.04	0.03
24	31	215	54	0	0.03
24	32	309	6	0	3.17
24	33	399	58	11.31	0.03
24	34	631	64	0	0.03
24	35	263	55	17.58	0.03
24	36	228	54	0	0.03
24	37	51	9	4.14	1.6
24	38	93	1	0	3.17
24	39	753	67	0	0.03
25	0	287	6	0	3.17
25	1	173	53	0	0.03
25	2	606	64	0	0.03
25	3	169	3	0	3.17
25	4	330	7	0	3.17
25	5	362	57	3.83	0.03
25	6	485	11	33	3.17
25	7	718	66	0.51	0.03
25	8	378	8	0	3.17
25	9	811	69	21.04	0.03
25	10	50	35	11.84	1.6
25	11	269	5	0	3.17
25	12	63	0	0	3.17
25	13	293	56	4.11	0.03
25	14	354	7	0	3.17
25	15	683	16	27.94	3.17
25	16	707	66	0.51	0.03
25	17	742	67	0.51	0.03
25	18	207	3	0	3.17
25	19	684	66	6.63	0.03
25	20	438	9	11.38	3.17
25	21	120	1	0	3.17
25	22	390	8	3.76	3.17
25	23	418	9	0	3.17
25	24	479	60	25.79	0.03
25	25	996	24	32.3	3.17
25	26	562	63	0	0.03
25	27	149	2	0	3.17
25	28	445	60	15.27	0.03
25	29	893	71	14.84	0.03
25	30	315	56	4.11	0.03
25	31	215	54	0.57	0.03
25	32	299	6	10.02	3.17
25	33	419	59	19.67	0.03
25	34	631	64	0	0.03
25	35	267	55	4.11	0.03
25	36	236	54	7.91	0.03
25	37	50	15	5.33	1.6
25	38	81	0	11.95	3.17
25	39	753	67	0.51	0.03
26	0	284	5	2.13	3.17
26	1	173	53	0.11	0.03
26	2	606	64	0	0.03
26	3	169	3	0	3.17
26	4	330	7	0	3.17
26	5	377	58	14.5	0.03
26	6	463	10	21.94	3.17
26	7	729	67	10.78	0.03
26	8	378	8	0	3.17
26	9	829	69	18.09	0.03
26	10	50	48	13.28	1.6
26	11	259	5	9.69	3.17
26	12	52	0	11.36	3.17
26	13	296	56	3.87	0.03
26	14	346	7	8.21	3.17
26	15	656	15	26.58	3.17
26	16	709	66	1.58	0.03
26	17	742	67	0.66	0.03
26	18	207	3	0	3.17
26	19	685	66	1.85	0.03
26	20	428	9	10.16	3.17
26	21	116	1	4.62	3.17
26	22	390	8	0	3.17
26	23	411	9	6.76	3.17
26	24	503	61	23.97	0.03
26	25	963	23	33	3.17
26	26	562	63	0.27	0.03
26	27	149	2	0	3.17
26	28	452	60	7.03	0.03
26	29	912	71	18.69	0.03
26	30	316	56	0.08	0.03
26	31	220	54	4.09	0.03
26	32	296	6	2.13	3.17
26	33	426	59	7.03	0.03
26	34	633	64	1.72	0.03
26	35	273	55	6.04	0.03
26	36	242	54	6.33	0.03
26	37	50	28	13.28	1.6
26	38	70	0	11.36	3.17
26	39	753	67	0	0.03
27	0	284	5	0	3.17
27	1	173	53	0	0.03
27	2	606	64	0	0.03
27	3	167	2	2.71	3.17
27	4	319	6	10.53	3.17
27	5	384	58	6.74	0.03
27	6	461	10	2.29	3.17
27	7	734	67	4.51	0.03
27	8	371	8	6.65	3.17
27	9	848	70	18.84	0.03
27	10	50	50	20.73	1.6
27	11	238	4	21.15	3.17
27	12	51	0	11.55	3.17
27	13	296	56	0	0.03
27	14	346	7	0	3.17
27	15	623	14	33	3.17
27	16	709	66	0	0.03
27	17	747	67	4.51	0.03
27	18	207	3	0	3.17
27	19	685	66	0	0.03
27	20	426	9	2.29	3.17
27	21	108	1	7.36	3.17
27	22	390	8	0	3.17
27	23	411	9	0	3.17
27	24	518	61	15.44	0.03
27	25	939	22	24.14	3.17
27	26	568	63	5.56	0.03
27	27	149	2	0	3.17
27	28	458	60	6.44	0.03
27	29	923	72	11.45	0.03
27	30	324	56	8.68	0.03
27	31	220	54	0	0.03
27	32	296	6	0	3.17
27	33	430	59	3.93	0.03
27	34	640	64	6.78	0.03
27	35	280	55	6.05	0.03
27	36	255	55	12.64	0.03
27	37	50	39	10.88	1.6
27	38	58	0	11.55	3.17
27	39	760	68	6.19	0.03
28	0	275	5	9.07	3.17
28	1	183	53	10.17	0.03
28	2	616	64	10.47	0.03
28	3	167	2	0	3.17
28	4	319	6	0	3.17
28	5	395	58	11.02	0.03
28	6	449	10	11.24	3.17
28	7	747	67	13.2	0.03
28	8	370	8	0.56	3.17
28	9	869	70	21.18	0.03
28	10	50	50	23.19	0.03
28	11	238	4	0	3.17
28	12	51	7	7.52	1.6
28	13	300	56	3.78	0.03
28	14	345	7	0.56	3.17
28	15	593	13	29.94	3.17
28	16	715	66	6.85	0.03
28	17	760	68	13.2	0.03
28	18	207	3	0	3.17
28	19	685	66	0.02	0.03
28	20	426	9	0	3.17
28	21	90	1	17.69	3.17
28	22	387	8	2.92	3.17
28	23	411	9	0	3.17
28	24	541	62	22.77	0.03
28	25	914	21	25.14	3.17
28	26	575	63	6.55	0.03
28	27	149	2	0	3.17
28	28	474	60	15.7	0.03
28	29	938	72	14.38	0.03
28	30	327	57	2.56	0.03
28	31	230	54	10.69	0.03
28	32	296	6	0	3.17
28	33	430	59	0	0.03
28	34	646	65	6.22	0.03
28	35	283	55	3.78	0.03
28	36	259	55	3.78	0.03
28	37	50	50	13.61	1.6
28	38	51	0	7.52	3.17
28	39	773	68	13.2	0.03
29	0	269	5	6.09	3.17
29	1	203	53	20.29	0.03
29	2	622	64	6.01	0.03
29	3	167	2	0	3.17
29	4	319	6	0	3.17
29	5	407	59	12.42	0.03
29	6	440	9	9.37	3.17
29	7	747	67	0.55	0.03
29	8	359	7	11.46	3.17
29	9	880	71	10.35	0.03
29	10	82	50	32.01	0.03
29	11	227	4	10.94	3.17
29	12	50	23	16.16	1.6
29	13	305	56	4.54	0.03
29	14	340	7	4.92	3.17
29	15	569	13	24.57	3.17
29	16	724	67	9.08	0.03
29	17	760	68	0.55	0.03
29	18	202	3	5.33	3.17
29	19	685	66	0	0.03
29	20	425	9	0.23	3.17
29	21	86	0	4.18	3.17
29	22	380	8	7.62	3.17
29	23	405	9	5.68	3.17
29	24	544	62	3.7	0.03
29	25	889	21	24.68	3.17
29	26	578	63	3.7	0.03
29	27	149	2	0	3.17
29	28	495	61	21.1	0.03
29	29	960	73	22.12	0.03
29	30	327	57	0	0.03
29	31	238	54	7.47	0.03
29	32	286	5	10.71	3.17
29	33	442	59	12.1	0.03
29	34	646	65	0	0.03
29	35	291	56	7.46	0.03
29	36	266	55	7.47	0.03
29	37	50	50	16.09	0.03
29	38	51	4	4.18	1.6
29	39	773	68	0.55	0.03
30	0	260	5	9.6	3.17
30	1	221	54	18.28	0.03
30	2	622	64	0	0.03
30	3	161	2	6.1	3.17
30	4	319	6	0	3.17
30	5	420	59	12.53	0.03
30	6	440	9	0	3.17
30	7	747	67	0	0.03
30	8	346	7	13.34	3.17
30	9	894	71	14.64	0.03
30	10	114	51	33	0.03
30	11	221	4	6.18	3.17
30	12	50	29	5.61	1.6
30	13	311	56	6.59	0.03
30	14	332	7	8	3.17
30	15	539	12	29.56	3.17
30	16	724	67	0	0.03
30	17	765	68	4.25	0.03
30	18	200	3	1.91	3.17
30	19	685	66	0	0.03
30	20	425	9	0	3.17
30	21	71	0	15.62	3.17
30	22	366	8	13.34	3.17
30	23	405	9	0	3.17
30	24	560	62	15.43	0.03
30	25	862	20	27.32	3.17
30	26	582	63	3.83	0.03
30	27	143	2	6.16	3.17
30	28	505	61	10.48	0.03
30	29	985	73	25.24	0.03
30	30	333	57	6.59	0.03
30	31	245	54	6.83	0.03
30	32	276	5	9.6	3.17
30	33	443	59	0.96	0.03
30	34	646	65	0	0.03
30	35	297	56	6.59	0.03
30	36	273	55	6.59	0.03
30	37	66	50	16.45	0.03
30	38	51	4	0	1.6
30	39	773	68	0.09	0.03
31	0	239	4	20.4	3.17
31	1	221	54	0	0.03
31	2	626	64	4.21	0.03
31	3	151	2	9.25	3.17
31	4	319	6	0	3.17
31	5	422	59	2.59	0.03
31	6	440	9	0	3.17
31	7	747	67	0	0.03
31	8	346	7	0	3.17
31	9	915	71	21.01	0.03
31	10	147	52	33	0.03
31	11	214	4	6.43	3.17
31	12	50	45	16.13	1.6
31	13	311	56	0	0.03
31	14	332	7	0	3.17
31	15	506	11	33	3.17
31	16	732	67	7.92	0.03
31	17	765	68	0	0.03
31	18	189	3	11.04	3.17
31	19	694	66	9	0.03
31	20	423	9	2.48	3.17
31	21	51	0	19.8	3.17
31	22	366	8	0	3.17
31	23	397	8	8.13	3.17
31	24	569	63	8.88	0.03
31	25	830	19	31.94	3.17
31	26	582	63	0	0.03
31	27	127	1	16.11	3.17
31	28	514	61	8.4	0.03
31	29	995	74	24.09	0.03
31	30	352	57	18.15	0.03
31	31	245	54	0	0.03
31	32	261	5	15.34	3.17
31	33	449	60	6.35	0.03
31	34	646	65	0	0.03
31	35	298	56	0.9	0.03
31	36	274	55	0.9	0.03
31	37	82	50	16.46	0.03
31	38	51	4	0	1.6
31	39	773	68	0	0.03
32	0	235	4	4.61	3.17
32	1	229	54	7.82	0.03
32	2	629	64	3.09	0.03
32	3	142	2	9.35	3.17
32	4	319	6	0	3.17
32	5	430	59	7.77	0.03
32	6	440	9	0	3.17
32	7	755	67	7.33	0.03
32	8	340	7	5.11	3.17
32	9	948	72	33	0.03
32	10	180	53	33	0.03
32	11	210	4	4.61	3.17
32	12	50	50	20.69	1.6
32	13	311	56	0	0.03
32	14	327	7	5.11	3.17
32	15	481	10	25.44	3.17
32	16	740	67	7.33	0.03
32	17	765	68	0.36	0.03
32	18	169	3	20.28	3.17
32	19	710	66	15.44	0.03
32	20	417	9	5.47	3.17
32	21	51	0	26.47	3.17
32	22	363	7	3.34	3.17
32	23	391	8	6.02	3.17
32	24	569	63	0	0.03
32	25	797	18	33	3.17
32	26	582	63	0	0.03
32	27	108	1	18.99	3.17
32	28	526	62	12.15	0.03
32	29	995	43	30.41	4.74
32	30	379	58	27.48	0.03
32	31	245	54	0	0.03
32	32	256	5	4.61	3.17
32	33	456	60	6.58	0.03
32	34	658	65	12.2	0.03
32	35	298	56	0	0.03
32	36	277	55	3.92	0.03
32	37	101	51	18.3	0.03
32	38	51	9	4.88	1.6
32	39	781	68	7.51	0.03
33	0	232	4	2.98	3.17
33	1	229	54	0	0.03
33	2	641	65	11.21	0.03
33	3	126	1	16.08	3.17
33	4	319	6	0	3.17
33	5	448	60	17.86	0.03
33	6	427	9	12.94	3.17
33	7	756	67	1.43	0.03
33	8	340	7	0	3.17
33	9	981	73	33	0.03
33	10	180	53	0	0.03
33	11	201	3	8.53	3.17
33	12	50	50	32.49	0.03
33	13	313	56	1.39	0.03
33	14	327	7	0	3.17
33	15	468	10	12.94	3.17
33	16	740	67	0	0.03
33	17	767	68	1.43	0.03
33	18	153	2	16.08	3.17
33	19	710	66	0	0.03
33	20	400	8	17.76	3.17
33	21	50	12	12.14	1.6
33	22	356	7	7.08	3.17
33	23	377	8	14.43	3.17
33	24	569	63	0	0.03
33	25	764	18	33	3.17
33	26	595	63	12.44	0.03
33	27	92	1	15.31	3.17
33	28	526	62	0	0.03
33	29	996	24	31.52	4.74
33	30	412	59	33	0.03
33	31	245	54	0	0.03
33	32	253	5	2.98	3.17
33	33	471	60	15.84	0.03
33	34	668	65	9.39	0.03
33	35	298	56	0	0.03
33	36	280	55	2.33	0.03
33	37	119	51	18.78	0.03
33	38	50	21	12.14	1.6
33	39	793	68	12.14	0.03
34	0	220	4	11.45	3.17
34	1	229	54	0.23	0.03
34	2	647	65	6.8	0.03
34	3	109	1	17.04	3.17
34	4	317	6	2.67	3.17
34	5	458	60	10.17	0.03
34	6	420	9	6.9	3.17
34	7	759	68	2.69	0.03
34	8	340	7	0	3.17
34	9	995	74	23.74	0.03
34	10	182	53	1.37	0.03
34	11	181	3	19.7	3.17
34	12	74	50	24.42	0.03
34	13	327	57	14.39	0.03
34	14	327	7	0	3.17
34	15	462	10	5.46	3.17
34	16	742	67	2.69	0.03
34	17	774	68	7.23	0.03
34	18	136	2	17.04	3.17
34	19	711	66	0.85	0.03
34	20	400	8	0	3.17
34	21	50	12	0	1.6
34	22	356	7	0	3.17
34	23	377	8	0	3.17
34	24	575	63	6.1	0.03
34	25	731	17	33	3.17
34	26	614	64	19.64	0.03
34	27	77	0	15.69	3.17
34	28	531	62	5.03	0.03
34	29	996	24	31.6	3.17
34	30	422	59	10.17	0.03
34	31	253	55	8.91	0.03
34	32	250	5	3.23	3.17
34	33	482	60	10.17	0.03
34	34	685	66	17.81	0.03
34	35	304	56	6.12	0.03
34	36	291	56	11.1	0.03
34	37	142	52	22.28	0.03
34	38	50	40	19.57	1.6
34	39	808	69	14.52	0.03
35	0	203	3	16.79	3.17
35	1	229	54	0	0.03
35	2	658	65	10.38	0.03
35	3	95	1	13.34	3.17
35	4	305	6	11.99	3.17
35	5	469	60	11.28	0.03
35	6	413	9	6.81	3.17
35	7	759	68	0	0.03
35	8	339	7	1.16	3.17
35	9	995	41	33	4.74
35	10	195	53	13.53	0.03
35	11	159	2	22.66	3.17
35	12	100	51	26.13	0.03
35	13	331	57	4.16	0.03
35	14	315	6	11.99	3.17
35	15	454	10	8.26	3.17
35	16	742	67	0	0.03
35	17	783	68	9.26	0.03
35	18	122	1	13.34	3.17
35	19	718	66	6.85	0.03
35	20	388	8	11.54	3.17
35	21	50	14	2.46	1.6
35	22	353	7	3.13	3.17
35	23	366	8	10.85	3.17
35	24	586	63	10.68	0.03
35	25	703	16	27.23	3.17
35	26	625	64	10.38	0.03
35	27	66	0	10.3	3.17
35	28	543	62	12.04	0.03
35	29	963	23	33	3.17
35	30	433	59	11.25	0.03
35	31	267	55	13.65	0.03
35	32	235	4	14.98	3.17
35	33	493	61	11.28	0.03
35	34	701	66	15.16	0.03
35	35	311	56	6.76	0.03
35	36	298	56	6.76	0.03
35	37	166	52	24.28	0.03
35	38	50	50	15.53	1.6
35	39	829	69	21.78	0.03
36	0	181	3	22.64	3.17
36	1	239	54	10.01	0.03
36	2	676	65	18.05	0.03
36	3	93	1	2.36	3.17
36	4	288	6	17.04	3.17
36	5	483	61	13.57	0.03
36	6	406	9	7.84	3.17
36	7	759	68	0	0.03
36	8	333	7	5.94	3.17
36	9	996	24	33	4.74
36	10	202	53	6.61	0.03
36	11	144	2	14.48	3.17
36	12	116	51	15.93	0.03
36	13	342	57	11.19	0.03
36	14	315	6	0	3.17
36	15	450	10	4.14	3.17
36	16	742	67	0	0.03
36	17	797	68	13.54	0.03
36	18	120	1	2.36	3.17
36	19	729	67	11.21	0.03
36	20	382	8	6.09	3.17
36	21	50	20	5.41	1.6
36	22	346	7	6.48	3.17
36	23	359	7	6.54	3.17
36	24	587	63	1.18	0.03
36	25	674	15	29.7	3.17
36	26	643	65	18.21	0.03
36	27	51	0	15.41	3.17
36	28	562	63	19.14	0.03
36	29	930	22	33	3.17
36	30	452	60	18.5	0.03
36	31	282	55	14.51	0.03
36	32	208	4	26.97	3.17
36	33	516	61	23.26	0.03
36	34	712	66	11.21	0.03
36	35	325	56	13.91	0.03
36	36	303	56	5.35	0.03
36	37	173	53	6.61	0.03
36	38	50	50	16.79	0.03
36	39	861	70	31.53	0.03
37	0	170	3	10.77	3.17
37	1	245	54	5.42	0.03
37	2	684	66	8.35	0.03
37	3	91	1	2.3	3.17
37	4	275	5	13.1	3.17
37	5	484	61	1.08	0.03
37	6	393	8	12.44	3.17
37	7	766	68	6.82	0.03
37	8	324	6	9.13	3.17
37	9	996	24	33	3.17
37	10	202	53	0	0.03
37	11	136	2	8.35	3.17
37	12	128	51	11.62	0.03
37	13	349	57	6.33	0.03
37	14	315	6	0	3.17
37	15	434	9	16.24	3.17
37	16	754	67	11.49	0.03
37	17	819	69	22.01	0.03
37	18	112	1	8.35	3.17
37	19	740	67	11.49	0.03
37	20	375	8	6.87	3.17
37	21	50	28	8.78	1.6
37	22	337	7	9.05	3.17
37	23	352	7	6.79	3.17
37	24	600	63	13.49	0.03
37	25	641	14	33	3.17
37	26	651	65	8.35	0.03
37	27	51	0	16.59	3.17
37	28	576	63	13.49	0.03
37	29	897	21	33	3.17
37	30	453	60	1.08	0.03
37	31	282	55	0	0.03
37	32	197	3	10.77	3.17
37	33	530	62	13.49	0.03
37	34	720	67	8.05	0.03
37	35	331	57	6.33	0.03
37	36	303	56	0	0.03
37	37	173	53	0	0.03
37	38	67	50	17.65	0.03
37	39	894	71	33	0.03
38	0	170	3	0	3.17
38	1	261	55	16.29	0.03
38	2	702	66	17.51	0.03
38	3	88	0	2.54	3.17
38	4	253	5	21.7	3.17
38	5	496	61	12.22	0.03
38	6	386	8	7.26	3.17
38	7	785	68	19.14	0.03
38	8	316	6	7.97	3.17
38	9	963	23	33	3.17
38	10	208	54	5.71	0.03
38	11	133	2	2.54	3.17
38	12	130	52	2.5	0.03
38	13	368	58	19.08	0.03
38	14	307	6	7.71	3.17
38	15	415	9	18.2	3.17
38	16	757	67	3.6	0.03
38	17	852	70	33	0.03
38	18	109	1	2.54	3.17
38	19	744	67	3.6	0.03
38	20	368	8	7.26	3.17
38	21	50	43	14.58	1.6
38	22	329	7	7.97	3.17
38	23	345	7	7.26	3.17
38	24	620	64	19.57	0.03
38	25	608	14	33	3.17
38	26	662	65	10.74	0.03
38	27	50	14	14.58	1.6
38	28	590	63	14.02	0.03
38	29	871	20	26.13	3.17
38	30	464	60	10.84	0.03
38	31	286	56	4.91	0.03
38	32	197	3	0	3.17
38	33	555	62	25.69	0.03
38	34	723	67	3.6	0.03
38	35	350	57	18.83	0.03
38	36	316	56	12.53	0.03
38	37	183	53	9.89	0.03
38	38	91	51	23.51	0.03
38	39	927	72	33	0.03
39	0	168	2	2.36	3.17
39	1	267	55	5.82	0.03
39	2	712	66	9.81	0.03
39	3	88	0	0	3.17
39	4	222	4	31.28	3.17
39	5	513	61	16.67	0.03
39	6	386	8	0	3.17
39	7	810	69	24.81	0.03
39	8	316	6	0	3.17
39	9	930	22	33	3.17
39	10	222	54	14.68	0.03
39	11	124	1	9.71	3.17
39	12	130	52	0	0.03
39	13	395	58	26.97	0.03
39	14	307	6	0	3.17
39	15	415	9	0	3.17
39	16	763	68	6.05	0.03
39	17	874	70	22.14	0.03
39	18	106	1	3.18	3.17
39	19	744	67	0	0.03
39	20	368	8	0	3.17
39	21	50	50	17.14	1.6
39	22	329	7	0	3.17
39	23	345	7	0	3.17
39	24	631	64	11.19	0.03
39	25	587	13	20.27	3.17
39	26	670	65	7.98	0.03
39	27	50	31	17.14	1.6
39	28	608	64	17.79	0.03
39	29	851	20	19.26	3.17
39	30	477	60	12.78	0.03
39	31	292	56	5.82	0.03
39	32	185	3	12.27	3.17
39	33	573	63	17.79	0.03
39	34	733	67	9.81	0.03
39	35	377	58	26.97	0.03
39	36	319	56	3.49	0.03
39	37	199	53	16.44	0.03
39	38	91	51	0	0.03
39	39	953	72	25.96	0.03
40	0	168	2	0	3.17
40	1	269	55	2.04	0.03
40	2	714	66	2.69	0.03
40	3	80	0	7.84	3.17
40	4	222	4	0	3.17
40	5	541	62	27.88	0.03
40	6	386	8	0	3.17
40	7	839	70	29.44	0.03
40	8	316	6	0	3.17
40	9	897	21	33	3.17
40	10	224	54	2.04	0.03
40	11	116	1	7.84	3.17
40	12	130	52	0.12	0.03
40	13	425	59	30.34	0.03
40	14	299	6	8.51	3.17
40	15	407	9	8.88	3.17
40	16	763	68	0	0.03
40	17	897	71	23.38	0.03
40	18	98	1	7.84	3.17
40	19	746	67	2.15	0.03
40	20	364	7	3.59	3.17
40	21	50	50	9.42	0.03
40	22	327	7	2.32	3.17
40	23	345	7	0	3.17
40	24	653	65	22.21	0.03
40	25	562	12	25.7	3.17
40	26	677	65	7.07	0.03
40	27	50	41	9.42	1.6
40	28	629	64	21.86	0.03
40	29	831	19	20.2	3.17
40	30	493	61	16.36	0.03
40	31	303	56	11.04	0.03
40	32	185	3	0	3.17
40	33	594	63	20.94	0.03
40	34	735	67	2.15	0.03
40	35	407	59	30.34	0.03
40	36	327	57	7.69	0.03
40	37	209	54	9.87	0.03
40	38	93	51	2.23	0.03
40	39	979	73	25.92	0.03
41	0	164	2	3.9	3.17
41	1	269	55	0	0.03
41	2	714	66	0	0.03
41	3	67	0	13.28	3.17
41	4	210	4	11.22	3.17
41	5	574	63	33	0.03
41	6	383	8	2.35	3.17
41	7	872	70	33	0.03
41	8	314	6	2.06	3.17
41	9	864	20	33	3.17
41	10	232	54	8.1	0.03
41	11	103	1	12.95	3.17
41	12	138	52	8.25	0.03
41	13	458	60	33	0.03
41	14	281	5	18.29	3.17
41	15	407	9	0	3.17
41	16	773	68	9.55	0.03
41	17	920	72	22.94	0.03
41	18	85	0	13.28	3.17
41	19	746	67	0	0.03
41	20	363	7	1.21	3.17
41	21	59	50	9.65	0.03
41	22	325	6	2.06	3.17
41	23	344	7	1.21	3.17
41	24	653	65	0	0.03
41	25	537	12	25.23	3.17
41	26	677	65	0	0.03
41	27	50	49	8.64	1.6
41	28	629	64	0	0.03
41	29	813	19	17.9	3.17
41	30	515	61	21.73	0.03
41	31	315	56	11.37	0.03
41	32	182	3	2.95	3.17
41	33	608	64	13.77	0.03
41	34	735	67	0	0.03
41	35	440	59	33	0.03
41	36	334	57	7.78	0.03
41	37	217	54	8.1	0.03
41	38	98	51	5.46	0.03
41	39	993	73	14.81	0.03
42	0	158	2	5.48	3.17
42	1	269	55	0	0.03
42	2	714	66	0	0.03
42	3	55	0	12.24	3.17
42	4	198	3	12.77	3.17
42	5	579	63	5.6	0.03
42	6	383	8	0	3.17
42	7	905	71	33	0.03
42	8	314	6	0	3.17
42	9	843	20	20.74	3.17
42	10	235	54	2.2	0.03
42	11	100	1	2.53	3.17
42	12	153	52	15	0.03
42	13	491	61	33	0.03
42	14	250	5	30.98	3.17
42	15	407	9	0	3.17
42	16	789	68	15.98	0.03
42	17	943	72	23.37	0.03
42	18	82	0	2.53	3.17
42	19	746	67	0	0.03
42	20	363	7	0	3.17
42	21	59	50	0	0.03
42	22	325	6	0	3.17
42	23	339	7	5.26	3.17
42	24	654	65	0.64	0.03
42	25	506	11	30.15	3.17
42	26	677	65	0.2	0.03
42	27	50	50	19.88	1.6
42	28	635	64	5.6	0.03
42	29	783	18	30.21	3.17
42	30	547	62	32.24	0.03
42	31	315	56	0	0.03
42	32	176	3	5.67	3.17
42	33	613	64	5.6	0.03
42	34	735	67	0	0.03
42	35	473	60	33	0.03
42	36	353	57	18.84	0.03
42	37	219	54	2.2	0.03
42	38	98	51	0	0.03
42	39	995	74	11.06	0.03
43	0	157	2	1.38	3.17
43	1	274	55	5.18	0.03
43	2	720	67	5.37	0.03
43	3	51	0	18.84	3.17
43	4	196	3	1.38	3.17
43	5	590	63	10.68	0.03
43	6	383	8	0	3.17
43	7	931	72	25.47	0.03
43	8	314	6	0	3.17
43	9	810	19	33	3.17
43	10	235	54	0	0.03
43	11	89	0	11.22	3.17
43	12	164	52	10.26	0.03
43	13	524	62	33	0.03
43	14	248	5	1.38	3.17
43	15	397	8	9.66	3.17
43	16	816	69	27.01	0.03
43	17	969	73	25.47	0.03
43	18	75	0	6.93	3.17
43	19	754	67	7.6	0.03
43	20	356	7	7.16	3.17
43	21	59	50	0	0.03
43	22	325	6	0	3.17
43	23	339	7	0	3.17
43	24	654	65	0	0.03
43	25	473	10	33	3.17
43	26	684	66	6.87	0.03
43	27	50	50	25.58	0.03
43	28	637	64	1.89	0.03
43	29	755	17	28.09	3.17
43	30	558	62	10.68	0.03
43	31	324	56	9.27	0.03
43	32	175	3	1.38	3.17
43	33	613	64	0	0.03
43	34	735	67	0	0.03
43	35	499	61	25.87	0.03
43	36	375	58	21.99	0.03
43	37	219	54	0	0.03
43	38	100	51	1.92	0.03
43	39	995	55	18.91	4.74
44	0	147	2	10.29	3.17
44	1	274	55	0	0.03
44	2	720	67	0	0.03
44	3	50	20	20.64	1.6
44	4	196	3	0.45	3.17
44	5	596	63	6.11	0.03
44	6	379	8	4.88	3.17
44	7	964	73	33	0.03
44	8	314	6	0	3.17
44	9	787	18	22.97	3.17
44	10	235	54	0	0.03
44	11	79	0	10.55	3.17
44	12	165	52	1.02	0.03
44	13	535	62	11.22	0.03
44	14	248	5	0	3.17
44	15	397	8	0	3.17
44	16	849	70	33	0.03
44	17	995	74	33	0.03
44	18	65	0	10.55	3.17
44	19	754	67	0	0.03
44	20	353	7	3.31	3.17
44	21	71	50	11.45	0.03
44	22	325	6	0	3.17
44	23	335	7	3.31	3.17
44	24	654	65	0	0.03
44	25	447	10	26.66	3.17
44	26	686	66	1.88	0.03
44	27	61	50	11.45	0.03
44	28	641	65	3.82	0.03
44	29	724	17	31.05	3.17
44	30	569	63	11.22	0.03
44	31	329	57	5.03	0.03
44	32	175	3	0	3.17
44	33	619	64	6.11	0.03
44	34	735	67	0	0.03
44	35	510	61	11.22	0.03
44	36	407	59	31.69	0.03
44	37	226	54	6.78	0.03
44	38	100	51	0	0.03
44	39	996	24	31.68	4.74
45	0	139	2	7.22	3.17
45	1	284	55	9.93	0.03
45	2	720	67	0.39	0.03
45	3	50	29	9.22	1.6
45	4	184	3	11.49	3.17
45	5	607	64	10.53	0.03
45	6	373	8	5.83	3.17
45	7	988	73	24.24	0.03
45	8	311	6	3.73	3.17
45	9	754	17	33	3.17
45	10	235	54	0	0.03
45	11	79	0	0	3.17
45	12	171	53	6.44	0.03
45	13	550	62	14.24	0.03
45	14	248	5	0	3.17
45	15	389	8	8.3	3.17
45	16	882	71	33	0.03
45	17	995	49	24.24	4.74
45	18	65	0	0	3.17
45	19	754	67	0	0.03
45	20	346	7	6.64	3.17
45	21	80	50	9.74	0.03
45	22	325	6	0	3.17
45	23	335	7	0	3.17
45	24	662	65	8.5	0.03
45	25	438	9	8.3	3.17
45	26	686	66	0	0.03
45	27	71	50	9.74	0.03
45	28	641	65	0	0.03
45	29	694	16	29.86	3.17
45	30	581	63	12.71	0.03
45	31	336	57	6.59	0.03
45	32	166	2	8.78	3.17
45	33	629	64	9.68	0.03
45	34	735	67	0	0.03
45	35	523	62	12.88	0.03
45	36	440	59	33	0.03
45	37	226	54	0	0.03
45	38	110	51	9.74	0.03
45	39	996	24	33	3.17
46	0	139	2	0	3.17
46	1	303	56	18.82	0.03
46	2	720	67	0	0.03
46	3	50	42	12.32	1.6
46	4	177	3	7.56	3.17
46	5	607	64	0	0.03
46	6	373	8	0.07	3.17
46	7	995	74	26.13	0.03
46	8	311	6	0	3.17
46	9	721	17	33	3.17
46	10	239	54	4.39	0.03
46	11	79	0	0	3.17
46	12	180	53	9.25	0.03
46	13	564	63	14.15	0.03
46	14	248	5	0	3.17
46	15	389	8	0.07	3.17
46	16	908	71	25.91	0.03
46	17	996	24	27.26	4.74
46	18	65	0	0	3.17
46	19	754	67	0	0.03
46	20	346	7	0.07	3.17
46	21	97	51	16.96	0.03
46	22	325	6	0	3.17
46	23	335	7	0.07	3.17
46	24	673	65	10.94	0.03
46	25	438	9	0	3.17
46	26	697	66	10.94	0.03
46	27	83	50	12.65	0.03
46	28	641	65	0	0.03
46	29	661	15	33	3.17
46	30	581	63	0	0.03
46	31	336	57	0	0.03
46	32	157	2	9.62	3.17
46	33	629	64	0	0.03
46	34	739	67	4.12	0.03
46	35	524	62	1.09	0.03
46	36	473	60	33	0.03
46	37	226	54	0	0.03
46	38	122	51	12.31	0.03
46	39	963	23	32.58	3.17
47	0	131	2	8.44	3.17
47	1	314	56	10.71	0.03
47	2	722	67	1.8	0.03
47	3	50	50	17.98	1.6
47	4	168	3	8.44	3.17
47	5	618	64	11.13	0.03
47	6	361	7	11.99	3.17
47	7	995	44	30.01	4.74
47	8	310	6	0.99	3.17
47	9	688	16	33	3.17
47	10	244	54	4.59	0.03
47	11	79	0	0	3.17
47	12	200	53	19.95	0.03
47	13	568	63	4.61	0.03
47	14	248	5	0	3.17
47	15	389	8	0	3.17
47	16	936	72	28.51	0.03
47	17	996	24	30.01	3.17
47	18	65	0	0	3.17
47	19	760	68	6.13	0.03
47	20	342	7	3.96	3.17
47	21	121	51	23.97	0.03
47	22	320	6	4.93	3.17
47	23	333	7	2	3.17
47	24	685	66	12.08	0.03
47	25	438	9	0	3.17
47	26	699	66	1.8	0.03
47	27	93	51	9.24	0.03
47	28	641	65	0.43	0.03
47	29	641	15	20.11	3.17
47	30	594	63	12.97	0.03
47	31	336	57	0	0.03
47	32	148	2	8.44	3.17
47	33	633	64	3.78	0.03
47	34	739	67	0	0.03
47	35	530	62	5.72	0.03
47	36	479	60	5.72	0.03
47	37	228	54	1.89	0.03
47	38	146	52	23.97	0.03
47	39	941	22	21.76	3.17
48	0	122	1	9.44	3.17
48	1	327	57	13.33	0.03
48	2	722	67	0	0.03
48	3	50	50	12.34	0.03
48	4	162	2	6.16	3.17
48	5	618	64	0	0.03
48	6	361	7	0	3.17
48	7	996	24	24.68	4.74
48	8	310	6	0	3.17
48	9	667	15	21.15	3.17
48	10	252	55	8.3	0.03
48	11	79	0	0	3.17
48	12	210	54	9.55	0.03
48	13	568	63	0	0.03
48	14	248	5	0	3.17
48	15	380	8	8.85	3.17
48	16	969	73	33	0.03
48	17	972	23	24.08	3.17
48	18	61	0	3.43	3.17
48	19	761	68	1.6	0.03
48	20	342	7	0	3.17
48	21	150	52	28.75	0.03
48	22	315	6	4.92	3.17
48	23	328	7	4.88	3.17
48	24	689	66	3.49	0.03
48	25	429	9	9.07	3.17
48	26	702	66	3.49	0.03
48	27	100	51	7.52	0.03
48	28	641	65	0	0.03
48	29	616	14	24.71	3.17
48	30	606	64	11.64	0.03
48	31	345	57	9.69	0.03
48	32	148	2	0	3.17
48	33	633	64	0	0.03
48	34	740	67	0.86	0.03
48	35	538	62	7.46	0.03
48	36	479	60	0	0.03
48	37	237	54	9.55	0.03
48	38	175	53	28.75	0.03
48	39	915	21	26.4	3.17
49	0	113	1	8.74	3.17
49	1	343	57	16.09	0.03
49	2	722	67	0	0.03
49	3	66	50	16.23	0.03
49	4	161	2	0.9	3.17
49	5	618	64	0	0.03
49	6	361	7	0	3.17
49	7	996	24	13.42	3.17
49	8	308	6	1.83	3.17
49	9	658	15	8.76	3.17
49	10	257	55	4.62	0.03
49	11	71	0	7.9	3.17
49	12	226	54	15.91	0.03
49	13	579	63	10.7	0.03
49	14	236	4	11.76	3.17
49	15	380	8	0	3.17
49	16	995	74	26.55	0.03
49	17	942	22	29.37	3.17
49	18	61	0	0	3.17
49	19	762	68	0.85	0.03
49	20	340	7	1.46	3.17
49	21	168	53	18.48	0.03
49	22	313	6	1.83	3.17
49	23	327	7	1.83	3.17
49	24	689	66	0	0.03
49	25	425	9	4.89	3.17
49	26	702	66	0	0.03
49	27	116	51	16.18	0.03
49	28	646	65	4.85	0.03
49	29	601	13	15.19	3.17
49	30	606	64	0	0.03
49	31	361	57	16.09	0.03
49	32	147	2	0.9	3.17
49	33	638	64	4.85	0.03
49	34	750	67	9.72	0.03
49	35	556	62	17.98	0.03
49	36	479	60	0	0.03
49	37	242	54	4.62	0.03
49	38	191	53	15.91	0.03
49	39	885	21	30.03	3.17
50	0	102	1	10.91	3.17
50	1	356	57	13.21	0.03
50	2	734	67	12.63	0.03
50	3	80	50	13.91	0.03
50	4	161	2	0	3.17
50	5	618	64	0	0.03
50	6	353	7	7.39	3.17
50	7	975	23	20.97	3.17
50	8	299	6	8.96	3.17
50	9	649	15	9.17	3.17
50	10	265	55	8.46	0.03
50	11	69	0	1.19	3.17
50	12	229	54	3.06	0.03
50	13	579	63	0	0.03
50	14	234	4	2.28	3.17
50	15	372	8	7.61	3.17
50	16	995	41	32.8	4.74
50	17	909	21	33	3.17
50	18	60	0	1.19	3.17
50	19	763	68	0.76	0.03
50	20	339	7	1.54	3.17
50	21	186	53	17.73	0.03
50	22	313	6	0	3.17
50	23	321	6	5.96	3.17
50	24	692	66	2.8	0.03
50	25	420	9	4.5	3.17
50	26	715	66	12.51	0.03
50	27	137	52	20.32	0.03
50	28	653	65	7.1	0.03
50	29	598	13	3.42	3.17
50	30	606	64	0	0.03
50	31	375	58	13.21	0.03
50	32	141	2	6.58	3.17
50	33	645	65	7.1	0.03
50	34	751	67	0.76	0.03
50	35	556	62	0	0.03
50	36	479	60	0	0.03
50	37	250	55	8.46	0.03
50	38	209	54	17.73	0.03
50	39	853	20	31.72	3.17
51	0	88	0	14.36	3.17
51	1	364	57	7.32	0.03
51	2	734	67	0	0.03
51	3	95	51	15.83	0.03
51	4	161	2	0	3.17
51	5	618	64	0	0.03
51	6	353	7	0	3.17
51	7	961	23	13.82	3.17
51	8	296	6	2.29	3.17
51	9	649	15	0	3.17
51	10	279	55	14.29	0.03
51	11	65	0	4.35	3.17
51	12	237	54	7.91	0.03
51	13	584	63	5.06	0.03
51	14	229	4	5.32	3.17
51	15	368	8	4.17	3.17
51	16	996	24	25.08	4.74
51	17	879	21	29.94	3.17
51	18	56	0	4.35	3.17
51	19	773	68	10.4	0.03
51	20	339	7	0	3.17
51	21	193	53	6.83	0.03
51	22	313	6	0	3.17
51	23	321	6	0	3.17
51	24	692	66	0	0.03
51	25	413	9	6.8	3.17
51	26	715	66	0	0.03
51	27	164	52	27.66	0.03
51	28	670	65	16.96	0.03
51	29	597	13	0.74	3.17
51	30	610	64	3.41	0.03
51	31	389	58	14.28	0.03
51	32	123	1	17.42	3.17
51	33	662	65	16.96	0.03
51	34	751	67	0	0.03
51	35	562	63	6.04	0.03
51	36	487	61	8.22	0.03
51	37	258	55	7.91	0.03
51	38	217	54	7.91	0.03
51	39	820	19	33	3.17
52	0	83	0	4.4	3.17
52	1	372	58	8.52	0.03
52	2	734	67	0	0.03
52	3	113	51	17.3	0.03
52	4	161	2	0	3.17
52	5	619	64	1.61	0.03
52	6	353	7	0	3.17
52	7	959	23	2.41	3.17
52	8	296	6	0	3.17
52	9	642	15	7.45	3.17
52	10	282	55	3.15	0.03
52	11	61	0	4.4	3.17
52	12	240	54	3.15	0.03
52	13	592	63	7.44	0.03
52	14	212	4	17.01	3.17
52	15	368	8	0	3.17
52	16	996	24	14.22	3.17
52	17	846	20	33	3.17
52	18	52	0	4.4	3.17
52	19	789	68	15.45	0.03
52	20	339	7	0	3.17
52	21	203	53	9.93	0.03
52	22	313	6	0	3.17
52	23	321	6	0	3.17
52	24	700	66	8.75	0.03
52	25	413	9	0	3.17
52	26	717	66	2.16	0.03
52	27	174	53	9.93	0.03
52	28	679	65	8.75	0.03
52	29	583	13	13.6	3.17
52	30	611	64	1.61	0.03
52	31	408	59	19.53	0.03
52	32	119	1	4.4	3.17
52	33	671	65	8.75	0.03
52	34	751	67	0	0.03
52	35	567	63	5.39	0.03
52	36	499	61	12.4	0.03
52	37	261	55	3.15	0.03
52	38	225	54	8.32	0.03
52	39	793	18	27.48	3.17
53	0	75	0	8.02	3.17
53	1	383	58	10.7	0.03
53	2	739	67	4.68	0.03
53	3	132	52	18.98	0.03
53	4	159	2	2.03	3.17
53	5	623	64	3.25	0.03
53	6	349	7	3.85	3.17
53	7	959	23	0	3.17
53	8	294	6	2.56	3.17
53	9	640	14	1.92	3.17
53	10	293	56	10.3	0.03
53	11	53	0	8.02	3.17
53	12	251	55	11.42	0.03
53	13	600	63	8.02	0.03
53	14	210	4	2.03	3.17
53	15	361	7	6.83	3.17
53	16	982	23	13.95	3.17
53	17	824	19	22.15	3.17
53	18	51	0	8.02	3.17
53	19	799	69	10.6	0.03
53	20	335	7	3.85	3.17
53	21	216	54	13.13	0.03
53	22	311	6	2.56	3.17
53	23	317	6	3.85	3.17
53	24	709	66	9.01	0.03
53	25	413	9	0	3.17
53	26	724	67	7.15	0.03
53	27	187	53	13.13	0.03
53	28	679	65	0	0.03
53	29	567	13	15.97	3.17
53	30	614	64	3.25	0.03
53	31	425	59	16.18	0.03
53	32	107	1	11.59	3.17
53	33	671	65	0	0.03
53	34	752	67	1.56	0.03
53	35	567	63	0	0.03
53	36	519	61	19.41	0.03
53	37	272	55	10.9	0.03
53	38	238	54	13.13	0.03
53	39	760	18	33	3.17
54	0	74	0	1.56	3.17
54	1	402	58	19.26	0.03
54	2	742	67	3.37	0.03
54	3	137	52	4.88	0.03
54	4	157	2	2.62	3.17
54	5	623	64	0	0.03
54	6	349	7	0	3.17
54	7	959	23	0	3.17
54	8	294	6	0	3.17
54	9	640	14	0	3.17
54	10	309	56	15.89	0.03
54	11	51	0	1.56	3.17
54	12	266	55	14.54	0.03
54	13	600	63	0	0.03
54	14	199	3	10.44	3.17
54	15	359	7	2.57	3.17
54	16	982	23	0	3.17
54	17	791	18	33	3.17
54	18	51	1	1.56	1.6
54	19	823	69	23.55	0.03
54	20	335	7	0	3.17
54	21	231	54	14.54	0.03
54	22	311	6	0	3.17
54	23	317	6	0	3.17
54	24	713	66	3.37	0.03
54	25	407	9	6.12	3.17
54	26	727	67	3.37	0.03
54	27	192	53	4.88	0.03
54	28	689	66	10.21	0.03
54	29	551	12	16.08	3.17
54	30	614	64	0	0.03
54	31	441	59	16.33	0.03
54	32	100	1	6.97	3.17
54	33	673	65	2.61	0.03
54	34	752	67	0	0.03
54	35	570	63	3.31	0.03
54	36	522	61	3.31	0.03
54	37	287	56	14.54	0.03
54	38	252	55	14.54	0.03
54	39	727	17	33	3.17
55	0	74	0	0	3.17
55	1	411	59	8.97	0.03
55	2	742	67	0	0.03
55	3	151	52	14.1	0.03
55	4	157	2	0	3.17
55	5	628	64	5.08	0.03
55	6	349	7	0	3.17
55	7	948	22	10.16	3.17
55	8	292	6	1.9	3.17
55	9	639	14	0.98	3.17
55	10	328	57	18.98	0.03
55	11	51	0	7.55	3.17
55	12	285	55	18.98	0.03
55	13	600	63	0	0.03
55	14	197	3	2.12	3.17
55	15	359	7	0	3.17
55	16	981	23	0.92	3.17
55	17	766	18	24.84	3.17
55	18	51	1	0	1.6
55	19	856	70	33	0.03
55	20	335	7	0	3.17
55	21	248	55	17.28	0.03
55	22	308	6	2.82	3.17
55	23	314	6	2.82	3.17
55	24	713	66	0	0.03
55	25	392	8	15.16	3.17
55	26	727	67	0	0.03
55	27	197	53	4.38	0.03
55	28	698	66	8.8	0.03
55	29	523	12	27.96	3.17
55	30	614	64	0	0.03
55	31	450	60	8.97	0.03
55	32	100	1	0	3.17
55	33	676	65	2.91	0.03
55	34	755	67	2.3	0.03
55	35	570	63	0	0.03
55	36	530	62	7.88	0.03
55	37	306	56	18.98	0.03
55	38	271	55	18.98	0.03
55	39	694	16	33	3.17
56	0	67	0	7.03	3.17
56	1	429	59	18.36	0.03
56	2	742	67	0	0.03
56	3	165	52	14.43	0.03
56	4	156	2	0.9	3.17
56	5	634	64	5.88	0.03
56	6	349	7	0	3.17
56	7	948	22	0	3.17
56	8	292	6	0	3.17
56	9	639	14	0	3.17
56	10	358	57	30.27	0.03
56	11	51	0	0.22	1.6
56	12	306	56	21.08	0.03
56	13	600	63	0	0.03
56	14	184	3	13.64	3.17
56	15	359	7	0	3.17
56	16	980	23	0.87	3.17
56	17	733	17	33	3.17
56	18	51	1	0.22	1.6
56	19	889	71	33	0.03
56	20	329	7	5.88	3.17
56	21	269	55	21.08	0.03
56	22	304	6	4	3.17
56	23	310	6	4	3.17
56	24	713	66	0	0.03
56	25	382	8	9.93	3.17
56	26	727	67	0	0.03
56	27	197	53	0.35	0.03
56	28	698	66	0	0.03
56	29	490	11	33	3.17
56	30	617	64	2.19	0.03
56	31	469	60	19.59	0.03
56	32	95	1	5.79	3.17
56	33	676	65	0	0.03
56	34	760	68	5.77	0.03
56	35	578	63	7.51	0.03
56	36	542	62	12.6	0.03
56	37	330	57	24.6	0.03
56	38	293	56	21.08	0.03
56	39	694	16	0	3.17
57	0	57	0	9.73	3.17
57	1	445	60	15.76	0.03
57	2	755	67	12.24	0.03
57	3	176	53	10.42	0.03
57	4	156	2	0	3.17
57	5	634	64	0	0.03
57	6	349	7	0	3.17
57	7	940	22	8.54	3.17
57	8	292	6	0	3.17
57	9	637	14	1.85	3.17
57	10	387	58	28.68	0.03
57	11	51	0	0	1.6
57	12	325	57	19.51	0.03
57	13	600	63	0	0.03
57	14	184	3	0	3.17
57	15	359	7	0	3.17
57	16	970	23	9.88	3.17
57	17	713	16	20.62	3.17
57	18	51	1	0	1.6
57	19	922	72	33	0.03
57	20	321	6	8.69	3.17
57	21	289	56	20.47	0.03
57	22	304	6	0	3.17
57	23	310	6	0	3.17
57	24	713	66	0.56	0.03
57	25	382	8	0	3.17
57	26	728	67	0.56	0.03
57	27	207	54	10.42	0.03
57	28	701	66	3.29	0.03
57	29	457	10	33	3.17
57	30	617	64	0	0.03
57	31	495	61	25.12	0.03
57	32	76	0	18.03	3.17
57	33	687	66	10.46	0.03
57	34	769	68	8.1	0.03
57	35	581	63	3.28	0.03
57	36	557	62	14.6	0.03
57	37	359	57	28.68	0.03
57	38	312	56	19.51	0.03
57	39	687	16	7.31	3.17
58	0	51	0	16.07	3.17
58	1	462	60	16.74	0.03
58	2	773	68	18.52	0.03
58	3	190	53	14.51	0.03
58	4	148	2	8.27	3.17
58	5	638	64	4.82	0.03
58	6	349	7	0	3.17
58	7	931	22	9.02	3.17
58	8	287	6	4.99	3.17
58	9	625	14	11.94	3.17
58	10	418	59	31.7	0.03
58	11	51	0	0	1.6
58	12	354	57	28.48	0.03
58	13	602	64	2.49	0.03
58	14	184	3	0.02	3.17
58	15	359	7	0	3.17
58	16	959	23	11.47	3.17
58	17	696	16	16.98	3.17
58	18	51	1	0	1.6
58	19	955	72	33	0.03
58	20	321	6	0	3.17
58	21	304	56	14.49	0.03
58	22	304	6	0	3.17
58	23	310	6	0	3.17
58	24	713	66	0	0.03
58	25	376	8	5.77	3.17
58	26	728	67	0	0.03
58	27	231	54	23.41	0.03
58	28	701	66	0	0.03
58	29	424	9	33	3.17
58	30	618	64	1.47	0.03
58	31	511	61	16.19	0.03
58	32	60	0	16.07	3.17
58	33	687	66	0	0.03
58	34	787	68	18.52	0.03
58	35	583	63	2.07	0.03
58	36	559	62	2.07	0.03
58	37	391	58	31.7	0.03
58	38	327	57	14.49	0.03
58	39	670	15	16.98	3.17
59	0	51	0	0	1.6
59	1	490	61	27.86	0.03
59	2	802	69	28.76	0.03
59	3	198	53	8.17	0.03
59	4	138	2	9.15	3.17
59	5	653	65	14.23	0.03
59	6	349	7	0	3.17
59	7	931	22	0	3.17
59	8	269	5	17.85	3.17
59	9	608	14	17.37	3.17
59	10	451	60	33	0.03
59	11	51	0	0	1.6
59	12	387	58	33	0.03
59	13	602	64	0	0.03
59	14	184	3	0	3.17
59	15	359	7	0	3.17
59	16	951	22	7.59	3.17
59	17	670	15	25.94	3.17
59	18	51	10	8.42	1.6
59	19	988	73	33	0.03
59	20	319	6	1.17	3.17
59	21	327	57	22.67	0.03
59	22	301	6	2.9	3.17
59	23	309	6	1.17	3.17
59	24	713	66	0	0.03
59	25	376	8	0	3.17
59	26	737	67	9.57	0.03
59	27	258	55	27.16	0.03
59	28	701	66	0	0.03
59	29	424	9	0	3.17
59	30	624	64	6.1	0.03
59	31	528	62	16.85	0.03
59	32	51	0	11.85	3.17
59	33	687	66	0	0.03
59	34	816	69	28.76	0.03
59	35	591	63	7.56	0.03
59	36	561	62	2.11	0.03
59	37	424	59	33	0.03
59	38	352	57	25.2	0.03
59	39	642	15	27.81	3.17
60	0	51	0	0	1.6
60	1	490	61	0	0.03
60	2	835	69	33	0.03
60	3	211	54	12.32	0.03
60	4	118	1	20.68	3.17
60	5	653	65	0	0.03
60	6	346	7	3.55	3.17
60	7	926	22	5.26	3.17
60	8	249	5	20.01	3.17
60	9	599	13	9.08	3.17
60	10	451	60	0	0.03
60	11	50	11	11.46	1.6
60	12	387	58	0	0.03
60	13	609	64	6.85	0.03
60	14	180	3	3.8	3.17
60	15	359	7	0	3.17
60	16	942	22	9.31	3.17
60	17	661	15	9.08	3.17
60	18	50	28	18.48	1.6
60	19	995	74	33	0.03
60	20	319	6	0	3.17
60	21	327	57	0	0.03
60	22	287	6	13.98	3.17
60	23	309	6	0	3.17
60	24	726	67	12.77	0.03
60	25	376	8	0	3.17
60	26	745	67	7.36	0.03
60	27	291	56	33	0.03
60	28	701	66	0	0.03
60	29	424	9	0	3.17
60	30	626	64	1.68	0.03
60	31	528	62	0	0.03
60	32	51	0	0	1.6
60	33	687	66	0	0.03
60	34	849	70	33	0.03
60	35	591	63	0	0.03
60	36	561	62	0	0.03
60	37	424	59	0	0.03
60	38	352	57	0	0.03
60	39	633	14	9.08	3.17
61	0	51	0	0	1.6
61	1	496	61	6.25	0.03
61	2	858	70	22.67	0.03
61	3	227	54	16.7	0.03
61	4	90	1	27.21	3.17
61	5	653	65	0	0.03
61	6	337	7	9.31	3.17
61	7	915	21	10.3	3.17
61	8	240	4	8.83	3.17
61	9	577	13	21.91	3.17
61	10	454	60	3.22	0.03
61	11	50	21	10.01	1.6
61	12	388	58	1.4	0.03
61	13	619	64	10.41	0.03
61	14	166	2	14.01	3.17
61	15	353	7	5.48	3.17
61	16	932	22	10.3	3.17
61	17	651	15	9.48	3.17
61	18	50	48	20.09	1.6
61	19	995	41	33	4.74
61	20	319	6	0	3.17
61	21	327	57	0	0.03
61	22	279	5	7.69	3.17
61	23	308	6	1.05	3.17
61	24	732	67	6.19	0.03
61	25	376	8	0	3.17
61	26	751	67	6.19	0.03
61	27	291	56	0	0.03
61	28	704	66	2.83	0.03
61	29	424	9	0	3.17
61	30	636	64	10.27	0.03
61	31	530	62	2.21	0.03
61	32	51	0	0	1.6
61	33	692	66	5.23	0.03
61	34	878	71	29.6	0.03
61	35	592	63	0.97	0.03
61	36	567	63	6.26	0.03
61	37	434	59	9.75	0.03
61	38	358	57	5.96	0.03
61	39	618	14	15.05	3.17
62	0	50	11	11.63	1.6
62	1	496	61	0	0.03
62	2	885	71	27.35	0.03
62	3	246	54	18.41	0.03
62	4	68	0	22.8	3.17
62	5	660	65	7.43	0.03
62	6	337	7	0	3.17
62	7	911	21	4.4	3.17
62	8	238	4	2.15	3.17
62	9	544	12	32.45	3.17
62	10	464	60	9.44	0.03
62	11	50	33	11.58	1.6
62	12	398	58	9.35	0.03
62	13	626	64	6.44	0.03
62	14	147	2	18.87	3.17
62	15	348	7	4.99	3.17
62	16	923	22	8.25	3.17
62	17	636	14	15.82	3.17
62	18	50	50	22.55	1.6
62	19	996	24	33	4.74
62	20	319	6	0	3.17
62	21	327	57	0	0.03
62	22	276	5	3.82	3.17
62	23	308	6	0	3.17
62	24	741	67	8.3	0.03
62	25	363	7	12.78	3.17
62	26	761	68	9.88	0.03
62	27	291	56	0	0.03
62	28	719	67	15.5	0.03
62	29	416	9	8.09	3.17
62	30	643	65	6.44	0.03
62	31	534	62	3.81	0.03
62	32	51	4	4.34	1.6
62	33	707	66	15.5	0.03
62	34	911	71	33	0.03
62	35	592	63	0	0.03
62	36	567	63	0	0.03
62	37	438	59	4.92	0.03
62	38	364	57	6.24	0.03
62	39	601	13	16.48	3.17
63	0	50	20	8.95	1.6
63	1	507	61	11.28	0.03
63	2	918	72	33	0.03
63	3	271	55	25.31	0.03
63	4	55	0	12.39	3.17
63	5	660	65	0	0.03
63	6	337	7	0	3.17
63	7	909	21	1.95	3.17
63	8	224	4	14.65	3.17
63	9	511	11	33	3.17
63	10	478	60	14.09	0.03
63	11	50	42	8.95	1.6
63	12	412	59	14.35	0.03
63	13	629	64	3.15	0.03
63	14	119	1	28	3.17
63	15	348	7	0	3.17
63	16	921	22	1.95	3.17
63	17	619	14	16.48	3.17
63	18	50	50	11.03	0.03
63	19	996	24	33	3.17
63	20	319	6	0	3.17
63	21	335	57	8.39	0.03
63	22	270	5	5.76	3.17
63	23	308	6	0	3.17
63	24	745	67	4.04	0.03
63	25	363	7	0	3.17
63	26	781	68	20.57	0.03
63	27	298	56	6.72	0.03
63	28	723	67	4.04	0.03
63	29	402	8	14.51	3.17
63	30	643	65	0	0.03
63	31	538	62	4.48	0.03
63	32	50	12	7.74	1.6
63	33	711	66	4.04	0.03
63	34	944	72	33	0.03
63	35	592	63	0	0.03
63	36	572	63	4.79	0.03
63	37	454	60	15.61	0.03
63	38	364	57	0	0.03
63	39	580	13	21.25	3.17
64	0	50	34	13.81	1.6
64	1	513	61	5.66	0.03
64	2	939	72	20.87	0.03
64	3	285	55	14.15	0.03
64	4	51	0	6.62	3.17
64	5	660	65	0	0.03
64	6	337	7	0	3.17
64	7	909	21	0.26	3.17
64	8	203	3	20.63	3.17
64	9	489	11	21.74	3.17
64	10	484	61	5.66	0.03
64	11	50	50	18.66	1.6
64	12	420	59	8.45	0.03
64	13	636	64	7.02	0.03
64	14	97	1	22.2	3.17
64	15	345	7	2.69	3.17
64	16	921	22	0	3.17
64	17	604	14	14.74	3.17
64	18	51	50	1.96	0.03
64	19	963	23	33	3.17
64	20	316	6	3.11	3.17
64	21	345	57	10.29	0.03
64	22	256	5	13.44	3.17
64	23	306	6	1.7	3.17
64	24	755	67	10.87	0.03
64	25	361	7	2.69	3.17
64	26	803	69	21.68	0.03
64	27	312	56	14.15	0.03
64	28	723	67	0	0.03
64	29	384	8	17.53	3.17
64	30	647	65	4.83	0.03
64	31	538	62	0	0.03
64	32	50	13	1.73	1.6
64	33	711	66	0	0.03
64	34	977	73	33	0.03
64	35	600	63	8.42	0.03
64	36	581	63	8.42	0.03
64	37	463	60	9.39	0.03
64	38	364	57	0	0.03
64	39	569	13	11.3	3.17
65	0	50	48	14.61	1.6
65	1	521	61	7.79	0.03
65	2	955	73	16.65	0.03
65	3	295	56	9.97	0.03
65	4	51	10	10.57	1.6
65	5	669	65	9.36	0.03
65	6	332	7	4.17	3.17
65	7	909	21	0	3.17
65	8	172	3	31.34	3.17
65	9	456	10	33	3.17
65	10	490	61	6.19	0.03
65	11	50	50	26.64	0.03
65	12	423	59	2.98	0.03
65	13	636	64	0	0.03
65	14	86	0	10.57	3.17
65	15	341	7	4.17	3.17
65	16	921	22	0	3.17
65	17	600	13	3.98	3.17
65	18	64	50	12.26	0.03
65	19	963	23	0	3.17
65	20	316	6	0	3.17
65	21	352	57	6.95	0.03
65	22	253	5	3.47	3.17
65	23	304	6	2.23	3.17
65	24	758	67	2.15	0.03
65	25	352	7	8.68	3.17
65	26	826	69	23.17	0.03
65	27	327	57	15.27	0.03
65	28	733	67	10.03	0.03
65	29	376	8	8.68	3.17
65	30	647	65	0	0.03
65	31	541	62	2.64	0.03
65	32	50	22	8.64	1.6
65	33	717	66	5.96	0.03
65	34	995	74	33	0.03
65	35	617	64	16.87	0.03
65	36	581	63	0	0.03
65	37	470	60	6.19	0.03
65	38	364	57	0	0.03
65	39	565	13	3.98	3.17
66	0	50	50	18.79	1.6
66	1	521	61	0.26	0.03
66	2	972	73	16.51	0.03
66	3	302	56	6.51	0.03
66	4	50	29	18.79	1.6
66	5	683	66	13.39	0.03
66	6	327	7	5.9	3.17
66	7	906	21	2.54	3.17
66	8	139	2	33	3.17
66	9	436	9	20.75	3.17
66	10	490	61	0	0.03
66	11	65	50	15.94	0.03
66	12	436	59	12.19	0.03
66	13	636	64	0	0.03
66	14	74	0	11.83	3.17
66	15	335	7	5.9	3.17
66	16	921	22	0	3.17
66	17	585	13	15.1	3.17
66	18	80	50	15.94	0.03
66	19	952	22	10.96	3.17
66	20	310	6	5.9	3.17
66	21	356	57	3.4	0.03
66	22	248	5	5.03	3.17
66	23	298	6	5.9	3.17
66	24	767	68	9.61	0.03
66	25	346	7	5.9	3.17
66	26	848	70	21.81	0.03
66	27	330	57	3.4	0.03
66	28	743	67	9.61	0.03
66	29	370	8	5.9	3.17
66	30	654	65	6.88	0.03
66	31	554	62	13.49	0.03
66	32	50	41	18.79	1.6
66	33	727	67	9.61	0.03
66	34	995	48	25.05	4.74
66	35	617	64	0	0.03
66	36	592	63	11.43	0.03
66	37	470	60	0	0.03
66	38	367	58	3.4	0.03
66	39	565	13	0	3.17
67	0	50	50	20.35	0.03
67	1	525	62	3.54	0.03
67	2	992	73	19.76	0.03
67	3	319	56	17.62	0.03
67	4	50	42	13.62	1.6
67	5	693	66	9.8	0.03
67	6	325	6	1.17	3.17
67	7	905	21	0.7	3.17
67	8	106	1	33	3.17
67	9	405	9	30.36	3.17
67	10	492	61	2.38	0.03
67	11	70	50	4.44	0.03
67	12	450	60	14.88	0.03
67	13	638	64	2.46	0.03
67	14	53	0	21.29	3.17
67	15	334	7	1.17	3.17
67	16	919	22	2.52	3.17
67	17	574	13	11.74	3.17
67	18	96	51	16.77	0.03
67	19	949	22	2.52	3.17
67	20	309	6	1.17	3.17
67	21	358	57	2.36	0.03
67	22	247	5	0.91	3.17
67	23	297	6	0.88	3.17
67	24	781	68	14.08	0.03
67	25	346	7	0	3.17
67	26	859	70	10.81	0.03
67	27	343	57	12.39	0.03
67	28	746	67	2.79	0.03
67	29	361	7	9.09	3.17
67	30	666	65	11.67	0.03
67	31	554	62	0	0.03
67	32	50	50	20.35	1.6
67	33	736	67	9.13	0.03
67	34	996	24	33	4.74
67	35	617	64	0	0.03
67	36	592	63	0	0.03
67	37	470	60	0.64	0.03
67	38	367	58	0	0.03
67	39	553	12	11.74	3.17
68	0	57	50	7.57	0.03
68	1	530	62	5.44	0.03
68	2	995	74	24.38	0.03
68	3	322	56	2.61	0.03
68	4	50	50	10.43	1.6
68	5	709	66	16.79	0.03
68	6	319	6	6.05	3.17
68	7	905	21	0	3.17
68	8	77	0	28.71	3.17
68	9	403	8	2.1	3.17
68	10	503	61	11.21	0.03
68	11	75	50	4.64	0.03
68	12	452	60	1.28	0.03
68	13	642	65	3.65	0.03
68	14	51	0	28.71	3.17
68	15	330	7	4.34	3.17
68	16	913	21	6.19	3.17
68	17	574	13	0	3.17
68	18	118	51	21.63	0.03
68	19	949	22	0	3.17
68	20	309	6	0	3.17
68	21	361	57	2.61	0.03
68	22	247	5	0	3.17
68	23	297	6	0	3.17
68	24	799	69	17.85	0.03
68	25	343	7	2.97	3.17
68	26	879	71	20.55	0.03
68	27	345	57	2.61	0.03
68	28	761	68	15.62	0.03
68	29	359	7	2.1	3.17
68	30	683	66	16.79	0.03
68	31	562	63	7.98	0.03
68	32	50	50	10.43	0.03
68	33	752	67	15.62	0.03
68	34	996	24	31.56	3.17
68	35	629	64	12.38	0.03
68	36	599	63	6.98	0.03
68	37	472	60	1.28	0.03
68	38	372	58	4.74	0.03
68	39	551	12	1.47	3.17
69	0	71	50	14.05	0.03
69	1	545	62	14.68	0.03
69	2	995	43	30.47	4.74
69	3	330	57	8.66	0.03
69	4	50	50	5.92	0.03
69	5	725	67	15.27	0.03
69	6	319	6	0	3.17
69	7	896	21	9.46	3.17
69	8	51	0	31.89	3.17
69	9	398	8	5.14	3.17
69	10	515	61	11.95	0.03
69	11	89	51	14.58	0.03
69	12	457	60	4.88	0.03
69	13	644	65	2.44	0.03
69	14	51	5	5.92	1.6
69	15	330	7	0	3.17
69	16	909	21	3.73	3.17
69	17	574	13	0	3.17
69	18	151	52	33	0.03
69	19	937	22	12.15	3.17
69	20	309	6	0	3.17
69	21	367	58	6.09	0.03
69	22	236	4	10.77	3.17
69	23	289	6	8.42	3.17
69	24	808	69	8.91	0.03
69	25	343	7	0	3.17
69	26	910	71	30.53	0.03
69	27	351	57	6.09	0.03
69	28	766	68	4.22	0.03
69	29	359	7	0	3.17
69	30	698	66	15.27	0.03
69	31	577	63	14.74	0.03
69	32	54	50	4.89	0.03
69	33	756	67	4.22	0.03
69	34	984	23	12.15	3.17
69	35	632	64	2.44	0.03
69	36	602	64	2.44	0.03
69	37	477	60	5.36	0.03
69	38	378	58	6.09	0.03
69	39	551	12	0	3.17
70	0	89	50	17.47	0.03
70	1	559	62	14.46	0.03
70	2	996	24	33	4.74
70	3	337	57	6.88	0.03
70	4	50	50	0	0.03
70	5	725	67	0	0.03
70	6	316	6	3	3.17
70	7	874	20	21.93	3.17
70	8	51	0	0	1.6
70	9	397	8	0.84	3.17
70	10	530	62	14.46	0.03
70	11	107	51	17.47	0.03
70	12	463	60	6.54	0.03
70	13	653	65	8.4	0.03
70	14	51	5	0	1.6
70	15	328	7	1.77	3.17
70	16	899	21	9.78	3.17
70	17	574	13	0	3.17
70	18	184	53	33	0.03
70	19	927	22	9.78	3.17
70	20	309	6	0	3.17
70	21	374	58	6.88	0.03
70	22	220	4	16.56	3.17
70	23	271	5	17.89	3.17
70	24	824	69	15.8	0.03
70	25	341	7	1.77	3.17
70	26	936	72	25.83	0.03
70	27	358	57	6.88	0.03
70	28	773	68	7.75	0.03
70	29	351	7	7.42	3.17
70	30	698	66	0	0.03
70	31	581	63	4.3	0.03
70	32	54	50	0	0.03
70	33	756	67	0	0.03
70	34	969	23	14.2	3.17
70	35	635	64	2.82	0.03
70	36	606	64	4.3	0.03
70	37	477	60	0	0.03
70	38	397	58	18.4	0.03
70	39	549	12	2.2	3.17
71	0	109	51	20.92	0.03
71	1	564	63	4.71	0.03
71	2	996	24	23.69	3.17
71	3	338	57	1.1	0.03
71	4	56	50	6.31	0.03
71	5	725	67	0	0.03
71	6	307	6	9.08	3.17
71	7	854	20	19.87	3.17
71	8	51	0	0	1.6
71	9	389	8	8.17	3.17
71	10	535	62	4.71	0.03
71	11	131	52	24.25	0.03
71	12	473	60	10.1	0.03
71	13	653	65	0	0.03
71	14	51	5	0	1.6
71	15	328	7	0	3.17
71	16	884	21	14.98	3.17
71	17	574	13	0	3.17
71	18	212	54	27.93	0.03
71	19	908	21	19.02	3.17
71	20	300	6	9.08	3.17
71	21	382	58	8.35	0.03
71	22	203	3	16.9	3.17
71	23	258	5	13.1	3.17
71	24	851	70	27.33	0.03
71	25	341	7	0	3.17
71	26	952	72	15.83	0.03
71	27	359	57	1.1	0.03
71	28	784	68	10.2	0.03
71	29	351	7	0	3.17
71	30	703	66	4.79	0.03
71	31	593	63	11.53	0.03
71	32	61	50	6.31	0.03
71	33	758	68	2.46	0.03
71	34	950	22	19.78	3.17
71	35	635	64	0	0.03
71	36	609	64	3.62	0.03
71	37	488	61	11.3	0.03
71	38	405	59	8.89	0.03
71	39	547	12	1.83	3.17
72	0	137	52	27.87	0.03
72	1	564	63	0	0.03
72	2	968	23	27.52	3.17
72	3	340	57	1.5	0.03
72	4	64	50	8.61	0.03
72	5	734	67	9.41	0.03
72	6	300	6	7.26	3.17
72	7	833	19	21.25	3.17
72	8	51	0	0	1.6
72	9	381	8	8.26	3.17
72	10	535	62	0.6	0.03
72	11	163	52	32.14	0.03
72	12	477	60	3.8	0.03
72	13	665	65	12.46	0.03
72	14	51	5	0	1.6
72	15	318	6	9.99	3.17
72	16	870	20	14.16	3.17
72	17	564	13	9.92	3.17
72	18	245	54	33	0.03
72	19	894	21	14.16	3.17
72	20	287	6	12.74	3.17
72	21	382	58	0.23	0.03
72	22	196	3	6.92	3.17
72	23	238	4	19.18	3.17
72	24	872	70	21.19	0.03
72	25	330	7	11.54	3.17
72	26	971	73	19.62	0.03
72	27	364	57	4.56	0.03
72	28	799	69	14.96	0.03
72	29	340	7	10.96	3.17
72	30	712	66	9.41	0.03
72	31	606	64	13.43	0.03
72	32	73	50	12.24	0.03
72	33	765	68	6.71	0.03
72	34	926	22	24.06	3.17
72	35	648	65	12.86	0.03
72	36	624	64	14.45	0.03
72	37	505	61	16.81	0.03
72	38	406	59	0.7	0.03
72	39	544	12	3.04	3.17
73	0	170	53	33	0.03
73	1	575	63	11.31	0.03
73	2	950	22	17.95	3.17
73	3	352	57	11.67	0.03
73	4	66	50	1.52	0.03
73	5	735	67	1.4	0.03
73	6	288	6	12.41	3.17
73	7	810	19	23.42	3.17
73	8	51	0	0	1.6
73	9	375	8	6.24	3.17
73	10	535	62	0	0.03
73	11	196	53	33	0.03
73	12	484	61	6.63	0.03
73	13	683	66	17.86	0.03
73	14	51	5	0	1.6
73	15	307	6	10.79	3.17
73	16	853	20	16.96	3.17
73	17	558	12	5.52	3.17
73	18	278	55	33	0.03
73	19	877	21	16.96	3.17
73	20	267	5	20.71	3.17
73	21	388	58	5.92	0.03
73	22	184	3	12.06	3.17
73	23	218	4	20.93	3.17
73	24	886	71	14.1	0.03
73	25	330	7	0	3.17
73	26	993	73	21.68	0.03
73	27	364	57	0	0.03
73	28	809	69	10.33	0.03
73	29	340	7	0	3.17
73	30	714	66	1.4	0.03
73	31	609	64	3.2	0.03
73	32	96	51	23.05	0.03
73	33	766	68	1.4	0.03
73	34	909	21	16.96	3.17
73	35	651	65	3.2	0.03
73	36	627	64	3.2	0.03
73	37	505	61	0	0.03
73	38	417	59	10.76	0.03
73	39	537	12	7.5	3.17
74	0	200	53	29.67	0.03
74	1	575	63	0	0.03
74	2	945	22	5.77	3.17
74	3	359	57	7.22	0.03
74	4	66	50	0	0.03
74	5	747	67	11.55	0.03
74	6	288	6	0	3.17
74	7	794	18	15.47	3.17
74	8	51	0	0	1.6
74	9	375	8	0	3.17
74	10	542	62	6.54	0.03
74	11	229	54	33	0.03
74	12	490	61	6.13	0.03
74	13	683	66	0	0.03
74	14	50	12	6.77	1.6
74	15	307	6	0	3.17
74	16	826	19	27.06	3.17
74	17	545	12	13.24	3.17
74	18	299	56	21.43	0.03
74	19	850	20	27.06	3.17
74	20	251	5	15.89	3.17
74	21	390	58	2.17	0.03
74	22	171	3	12.38	3.17
74	23	205	3	12.38	3.17
74	24	908	71	21.51	0.03
74	25	330	7	0	3.17
74	26	995	74	27.01	0.03
74	27	366	58	2.45	0.03
74	28	825	69	15.65	0.03
74	29	340	7	0	3.17
74	30	714	66	0	0.03
74	31	609	64	0	0.03
74	32	115	51	19.5	0.03
74	33	774	68	7.28	0.03
74	34	889	21	19.9	3.17
74	35	656	65	5.75	0.03
74	36	627	64	0	0.03
74	37	511	61	5.89	0.03
74	38	425	59	8.37	0.03
74	39	524	12	12.97	3.17
75	0	233	54	33	0.03
75	1	575	63	0	0.03
75	2	945	22	0	3.17
75	3	359	57	0	0.03
75	4	66	50	0	0.03
75	5	761	68	14.25	0.03
75	6	280	5	7.76	3.17
75	7	769	18	25.41	3.17
75	8	51	0	0	1.6
75	9	370	8	4.65	3.17
75	10	542	62	0	0.03
75	11	262	55	33	0.03
75	12	499	61	9.18	0.03
75	13	683	66	0	0.03
75	14	50	29	16.6	1.6
75	15	306	6	1.28	3.17
75	16	801	19	25.41	3.17
75	17	525	12	19.97	3.17
75	18	327	57	27.45	0.03
75	19	835	19	15.43	3.17
75	20	236	4	15.02	3.17
75	21	395	58	5.09	0.03
75	22	150	2	21.46	3.17
75	23	189	3	16.28	3.17
75	24	930	72	21.61	0.03
75	25	319	6	10.82	3.17
75	26	995	42	31.6	4.74
75	27	366	58	0	0.03
75	28	836	69	11.5	0.03
75	29	333	7	7.42	3.17
75	30	719	67	5.37	0.03
75	31	613	64	3.96	0.03
75	32	123	51	7.15	0.03
75	33	788	68	14.25	0.03
75	34	866	20	22.31	3.17
75	35	656	65	0	0.03
75	36	627	64	0.03	0.03
75	37	520	61	9.18	0.03
75	38	444	60	19.02	0.03
75	39	504	11	19.97	3.17
76	0	266	55	33	0.03
76	1	576	63	0.53	0.03
76	2	934	22	10.86	3.17
76	3	360	57	1.59	0.03
76	4	66	50	0	0.03
76	5	772	68	10.36	0.03
76	6	267	5	12.98	3.17
76	7	736	17	33	3.17
76	8	51	0	0.56	1.6
76	9	357	7	12.6	3.17
76	10	542	62	0	0.03
76	11	295	56	33	0.03
76	12	499	61	0	0.03
76	13	685	66	1.58	0.03
76	14	50	40	11.47	1.6
76	15	306	6	0	3.17
76	16	771	18	29.9	3.17
76	17	518	11	7.28	3.17
76	18	328	57	1.59	0.03
76	19	821	19	14.14	3.17
76	20	209	4	27.15	3.17
76	21	410	59	14.55	0.03
76	22	117	1	33	3.17
76	23	162	2	27.23	3.17
76	24	942	72	12.13	0.03
76	25	319	6	0	3.17
76	26	996	24	25.38	4.74
76	27	372	58	5.07	0.03
76	28	851	70	15.43	0.03
76	29	330	7	2.32	3.17
76	30	725	67	5.92	0.03
76	31	621	64	7.85	0.03
76	32	124	51	0.93	0.03
76	33	807	69	19.46	0.03
76	34	852	20	14.14	3.17
76	35	659	65	2.18	0.03
76	36	635	64	7.4	0.03
76	37	526	62	5.47	0.03
76	38	465	60	20.31	0.03
76	39	477	10	27.48	3.17
77	0	277	55	11.23	0.03
77	1	576	63	0	0.03
77	2	931	22	2.83	3.17
77	3	369	58	8.27	0.03
77	4	76	50	10.22	0.03
77	5	793	68	21.73	0.03
77	6	252	5	15.26	3.17
77	7	703	16	33	3.17
77	8	51	1	1.06	1.6
77	9	357	7	0	3.17
77	10	549	62	7.28	0.03
77	11	306	56	11.23	0.03
77	12	499	61	0	0.03
77	13	687	66	2.08	0.03
77	14	50	50	15.07	1.6
77	15	306	6	0	3.17
77	16	738	17	33	3.17
77	17	504	11	13.72	3.17
77	18	340	57	11.23	0.03
77	19	804	19	16.97	3.17
77	20	176	3	33	3.17
77	21	419	59	9.6	0.03
77	22	84	0	33	3.17
77	23	135	2	27.04	3.17
77	24	958	73	15.89	0.03
77	25	316	6	3.62	3.17
77	26	996	24	19.4	3.17
77	27	380	58	8.67	0.03
77	28	873	70	21.53	0.03
77	29	330	7	0	3.17
77	30	729	67	4.41	0.03
77	31	626	64	4.54	0.03
77	32	124	51	0	0.03
77	33	819	69	12.06	0.03
77	34	845	20	7.29	3.17
77	35	666	65	6.93	0.03
77	36	639	64	4.54	0.03
77	37	531	62	5.66	0.03
77	38	465	60	0	0.03
77	39	444	9	33	3.17
78	0	283	55	5.57	0.03
78	1	588	63	12.06	0.03
78	2	931	22	0	3.17
78	3	375	58	6.61	0.03
78	4	92	51	15.41	0.03
78	5	809	69	15.48	0.03
78	6	230	4	21.79	3.17
78	7	670	15	33	3.17
78	8	51	1	0	1.6
78	9	351	7	6.78	3.17
78	10	553	62	3.57	0.03
78	11	326	57	20.26	0.03
78	12	499	61	0	0.03
78	13	687	66	0	0.03
78	14	50	50	26.03	0.03
78	15	300	6	6.09	3.17
78	16	705	16	33	3.17
78	17	498	11	5.73	3.17
78	18	355	57	15.7	0.03
78	19	787	18	16.54	3.17
78	20	143	2	33	3.17
78	21	436	59	16.91	0.03
78	22	51	0	33	3.17
78	23	103	1	31.46	3.17
78	24	981	73	23.96	0.03
78	25	309	6	6.09	3.17
78	26	981	23	15.06	3.17
78	27	392	58	12.21	0.03
78	28	901	71	27.66	0.03
78	29	324	6	6.44	3.17
78	30	729	67	0	0.03
78	31	634	64	8.79	0.03
78	32	128	51	4.05	0.03
78	33	835	69	15.48	0.03
78	34	827	19	17.75	3.17
78	35	666	65	0	0.03
78	36	648	65	8.79	0.03
78	37	535	62	3.57	0.03
78	38	465	60	0	0.03
78	39	411	9	33	3.17
79	0	287	56	4.52	0.03
79	1	596	63	8.48	0.03
79	2	929	22	1.42	3.17
79	3	386	58	10.88	0.03
79	4	108	51	16.07	0.03
79	5	822	69	13.59	0.03
79	6	203	3	26.64	3.17
79	7	637	14	33	3.17
79	8	51	1	0	1.6
79	9	340	7	10.52	3.17
79	10	553	62	0	0.03
79	11	337	57	10.88	0.03
79	12	499	61	0	0.03
79	13	699	66	12.26	0.03
79	14	74	50	24.42	0.03
79	15	300	6	0	3.17
79	16	675	15	30.17	3.17
79	17	484	11	14.14	3.17
79	18	366	58	10.88	0.03
79	19	761	18	26.57	3.17
79	20	110	1	32.89	3.17
79	21	446	60	9.34	0.03
79	22	51	0	33	3.17
79	23	70	0	33	3.17
79	24	995	74	33	0.03
79	25	309	6	0	3.17
79	26	979	23	1.42	3.17
79	27	403	58	10.88	0.03
79	28	928	72	27.82	0.03
79	29	324	6	0	3.17
79	30	732	67	2.42	0.03
79	31	641	65	7.04	0.03
79	32	133	52	4.94	0.03
79	33	852	70	17.58	0.03
79	34	811	19	16.05	3.17
79	35	678	65	12	0.03
79	36	662	65	14.51	0.03
79	37	535	62	0	0.03
79	38	474	60	9.34	0.03
79	39	383	8	27.36	3.17
80	0	296	56	8.26	0.03
80	1	611	64	14.43	0.03
80	2	927	22	2.55	3.17
80	3	403	58	16.43	0.03
80	4	118	51	10.02	0.03
80	5	839	70	16.15	0.03
80	6	170	3	33	3.17
80	7	604	14	33	3.17
80	8	50	10	9.03	1.6
80	9	338	7	2.02	3.17
80	10	553	62	0	0.03
80	11	351	57	13.93	0.03
80	12	501	61	2.31	0.03
80	13	714	66	14.52	0.03
80	14	89	51	14.98	0.03
80	15	300	6	0	3.17
80	16	648	15	26.81	3.17
80	17	462	10	21.73	3.17
80	18	369	58	2.8	0.03
80	19	732	17	28.12	3.17
80	20	77	0	32.85	3.17
80	21	452	60	6.01	0.03
80	22	51	9	9.03	1.6
80	23	51	0	33	3.17
80	24	995	41	33	4.74
80	25	309	6	0	3.17
80	26	976	23	3.57	3.17
80	27	422	59	19.09	0.03
80	28	961	73	32.2	0.03
80	29	322	6	2.02	3.17
80	30	745	67	13.35	0.03
80	31	656	65	14.72	0.03
80	32	146	52	13.22	0.03
80	33	858	70	5.92	0.03
80	34	790	18	21.24	3.17
80	35	688	66	10.4	0.03
80	36	673	65	10.4	0.03
80	37	535	62	0	0.03
80	38	480	60	6.01	0.03
80	39	361	7	21.82	3.17
81	0	296	56	0	0.03
81	1	632	64	20.99	0.03
81	2	916	21	11.03	3.17
81	3	417	59	14.13	0.03
81	4	133	52	15.57	0.03
81	5	846	70	7.08	0.03
81	6	149	2	21.35	3.17
81	7	571	13	33	3.17
81	8	50	22	11.37	1.6
81	9	335	7	3.35	3.17
81	10	553	62	0	0.03
81	11	351	57	0	0.03
81	12	510	61	9.07	0.03
81	13	739	67	25.1	0.03
81	14	97	51	7.94	0.03
81	15	300	6	0	3.17
81	16	619	14	28.46	3.17
81	17	437	9	25.43	3.17
81	18	369	58	0	0.03
81	19	702	16	30.78	3.17
81	20	51	0	33	3.17
81	21	464	60	12.51	0.03
81	22	50	20	11.37	1.6
81	23	50	11	11.37	1.6
81	24	996	24	31.11	4.74
81	25	309	6	0.25	3.17
81	26	960	23	15.67	3.17
81	27	442	59	20.09	0.03
81	28	985	73	24.65	0.03
81	29	319	6	3.35	3.17
81	30	769	68	23.81	0.03
81	31	661	65	4.81	0.03
81	32	160	52	13.91	0.03
81	33	865	70	7.08	0.03
81	34	775	18	15.31	3.17
81	35	691	66	3.49	0.03
81	36	676	65	3.49	0.03
81	37	535	62	0	0.03
81	38	480	60	0	0.03
81	39	358	7	3.35	3.17
82	0	298	56	2.53	0.03
82	1	638	64	6.41	0.03
82	2	896	21	20.33	3.17
82	3	417	59	0.43	0.03
82	4	154	52	20.34	0.03
82	5	853	70	7.29	0.03
82	6	116	1	32.71	3.17
82	7	538	12	33	3.17
82	8	50	36	14.01	1.6
82	9	335	7	0	3.17
82	10	553	62	0.9	0.03
82	11	352	57	0.95	0.03
82	12	524	62	13.68	0.03
82	13	769	68	30.47	0.03
82	14	97	51	0	0.03
82	15	290	6	10.09	3.17
82	16	590	13	29.14	3.17
82	17	405	9	31.63	3.17
82	18	372	58	3.18	0.03
82	19	669	15	33	3.17
82	20	50	13	13.55	1.6
82	21	465	60	0.43	0.03
82	22	50	33	13.55	1.6
82	23	50	24	13.55	1.6
82	24	996	24	33	3.17
82	25	305	6	4.12	3.17
82	26	940	22	20.49	3.17
82	27	443	59	0.43	0.03
82	28	995	74	29.96	0.03
82	29	319	6	0	3.17
82	30	799	69	30.47	0.03
82	31	667	65	6.41	0.03
82	32	185	53	25.07	0.03
82	33	865	70	0	0.03
82	34	770	18	4.99	3.17
82	35	702	66	10.35	0.03
82	36	684	66	7.74	0.03
82	37	539	62	3.88	0.03
82	38	480	60	0.43	0.03
82	39	356	7	2.07	3.17
83	0	298	56	0	0.03
83	1	638	64	0	0.03
83	2	872	20	23.81	3.17
83	3	417	59	0.19	0.03
83	4	165	52	11.54	0.03
83	5	853	70	0	0.03
83	6	90	1	26.37	3.17
83	7	505	11	33	3.17
83	8	50	50	25.33	1.6
83	9	334	7	1.17	3.17
83	10	557	62	3.49	0.03
83	11	355	57	3.01	0.03
83	12	528	62	3.49	0.03
83	13	769	68	0	0.03
83	14	97	51	0	0.03
83	15	288	6	1.49	3.17
83	16	557	12	33	3.17
83	17	404	8	1.17	3.17
83	18	373	58	1.16	0.03
83	19	636	14	33	3.17
83	20	50	16	2.49	1.6
83	21	470	60	5.86	0.03
83	22	50	36	2.49	1.6
83	23	50	27	2.49	1.6
83	24	963	23	33	3.17
83	25	305	6	0	3.17
83	26	908	21	31.26	3.17
83	27	443	59	0.19	0.03
83	28	995	41	33	4.74
83	29	317	6	1.17	3.17
83	30	799	69	0	0.03
83	31	667	65	0	0.03
83	32	218	54	33	0.03
83	33	865	70	0	0.03
83	34	768	18	1.33	3.17
83	35	705	66	3.2	0.03
83	36	684	66	0	0.03
83	37	542	62	3.49	0.03
83	38	491	61	10.2	0.03
83	39	355	7	1.17	3.17
84	0	298	56	0	0.03
84	1	638	64	0	0.03
84	2	839	20	33	3.17
84	3	417	59	0	0.03
84	4	187	53	21.58	0.03
84	5	853	70	0	0.03
84	6	60	0	29.84	3.17
84	7	480	10	25.22	3.17
84	8	50	50	33	0.03
84	9	334	7	0	3.17
84	10	568	63	10.63	0.03
84	11	355	57	0	0.03
84	12	533	62	5.69	0.03
84	13	776	68	6.41	0.03
84	14	107	51	10.36	0.03
84	15	275	5	13.52	3.17
84	16	524	12	33	3.17
84	17	394	8	9.87	3.17
84	18	375	58	2.02	0.03
84	19	613	14	22.35	3.17
84	20	50	20	4.59	1.6
84	21	487	61	16.16	0.03
84	22	50	36	0	1.6
84	23	50	27	0	1.6
84	24	930	22	33	3.17
84	25	301	6	3.88	3.17
84	26	875	20	33	3.17
84	27	449	60	6.38	0.03
84	28	996	24	33	4.74
84	29	311	6	6.18	3.17
84	30	801	69	1.31	0.03
84	31	678	65	10.66	0.03
84	32	251	55	33	0.03
84	33	865	70	0	0.03
84	34	768	18	0	3.17
84	35	705	66	0	0.03
84	36	693	66	9.29	0.03
84	37	542	62	0	0.03
84	38	508	61	17.85	0.03
84	39	355	7	0	3.17
85	0	308	56	10.29	0.03
85	1	638	64	0	0.03
85	2	806	19	33	3.17
85	3	417	59	0	0.03
85	4	215	54	28.1	0.03
85	5	856	70	3.2	0.03
85	6	51	0	33	3.17
85	7	458	10	21.89	3.17
85	8	82	50	33	0.03
85	9	325	6	8.39	3.17
85	10	591	63	23.59	0.03
85	11	355	57	0	0.03
85	12	540	62	6.8	0.03
85	13	776	68	0	0.03
85	14	124	51	16.83	0.03
85	15	268	5	6.88	3.17
85	16	491	11	33	3.17
85	17	385	8	9.27	3.17
85	18	380	58	4.32	0.03
85	19	588	13	25.54	3.17
85	20	50	20	0	1.6
85	21	496	61	9.55	0.03
85	22	50	36	0	1.6
85	23	50	27	0	1.6
85	24	897	21	33	3.17
85	25	298	6	2.91	3.17
85	26	842	20	33	3.17
85	27	449	60	0	0.03
85	28	996	24	33	3.17
85	29	311	6	0.7	3.17
85	30	813	69	12.03	0.03
85	31	681	66	2.84	0.03
85	32	261	55	10.29	0.03
85	33	865	70	0	0.03
85	34	762	18	6.65	3.17
85	35	713	66	8.03	0.03
85	36	700	66	7.19	0.03
85	37	549	62	6.8	0.03
85	38	518	61	9.38	0.03
85	39	348	7	7.03	3.17
86	0	327	57	18.67	0.03
86	1	638	64	0	0.03
86	2	781	18	24.26	3.17
86	3	419	59	2.05	0.03
86	4	221	54	5.88	0.03
86	5	862	70	5.6	0.03
86	6	51	0	0	1.6
86	7	431	9	26.23	3.17
86	8	106	51	23.15	0.03
86	9	317	6	8.56	3.17
86	10	612	64	21.05	0.03
86	11	368	58	12.82	0.03
86	12	554	62	13.65	0.03
86	13	778	68	2.67	0.03
86	14	139	52	15.03	0.03
86	15	257	5	11.24	3.17
86	16	468	10	22.75	3.17
86	17	367	8	18.12	3.17
86	18	394	58	14.63	0.03
86	19	567	13	20.38	3.17
86	20	50	20	0	1.6
86	21	509	61	13.25	0.03
86	22	50	36	0	1.6
86	23	50	27	0	1.6
86	24	864	20	33	3.17
86	25	285	5	13.36	3.17
86	26	818	19	24.26	3.17
86	27	449	60	0	0.03
86	28	963	23	33	3.17
86	29	302	6	8.56	3.17
86	30	820	69	7.85	0.03
86	31	681	66	0	0.03
86	32	267	55	5.88	0.03
86	33	878	71	12.02	0.03
86	34	751	17	10.27	3.17
86	35	713	66	0	0.03
86	36	700	66	0	0.03
86	37	563	63	13.65	0.03
86	38	530	62	12.27	0.03
86	39	336	7	11.94	3.17
87	0	333	57	6.46	0.03
87	1	651	65	12.57	0.03
87	2	764	18	17.15	3.17
87	3	429	59	9.79	0.03
87	4	229	54	8.21	0.03
87	5	862	70	0.7	0.03
87	6	51	0	0	1.6
87	7	412	9	19.27	3.17
87	8	117	51	10.98	0.03
87	9	312	6	5.02	3.17
87	10	625	64	13.21	0.03
87	11	374	58	6.46	0.03
87	12	558	62	3.98	0.03
87	13	783	68	4.63	0.03
87	14	150	52	10.98	0.03
87	15	257	5	0	3.17
87	16	442	9	26.28	3.17
87	17	362	7	5.02	3.17
87	18	397	58	2.7	0.03
87	19	542	12	25.35	3.17
87	20	50	20	0	1.6
87	21	514	61	4.28	0.03
87	22	50	36	0	1.6
87	23	50	29	2.1	1.6
87	24	831	19	33	3.17
87	25	280	5	5.02	3.17
87	26	792	18	26.08	3.17
87	27	449	60	0	0.03
87	28	930	22	33	3.17
87	29	297	6	5.02	3.17
87	30	827	69	6.29	0.03
87	31	690	66	8.72	0.03
87	32	267	55	0	0.03
87	33	878	71	0.7	0.03
87	34	734	17	17.15	3.17
87	35	723	67	9.58	0.03
87	36	710	66	10.03	0.03
87	37	567	63	3.98	0.03
87	38	534	62	3.98	0.03
87	39	331	7	5.02	3.17
88	0	348	57	14.49	0.03
88	1	655	65	4.36	0.03
88	2	751	17	13.09	3.17
88	3	432	59	2.8	0.03
88	4	250	55	20.84	0.03
88	5	862	70	0	0.03
88	6	51	1	1.61	1.6
88	7	399	8	13.52	3.17
88	8	134	52	17.12	0.03
88	9	301	6	11.06	3.17
88	10	630	64	4.36	0.03
88	11	376	58	1.58	0.03
88	12	564	63	6.27	0.03
88	13	790	68	6.71	0.03
88	14	168	53	18.19	0.03
88	15	244	4	12.48	3.17
88	16	429	9	13.52	3.17
88	17	350	7	12.19	3.17
88	18	399	58	1.58	0.03
88	19	513	11	29.39	3.17
88	20	50	20	0.16	1.6
88	21	518	61	4.24	0.03
88	22	50	36	0	1.6
88	23	50	29	0	1.6
88	24	818	19	13.09	3.17
88	25	269	5	11.06	3.17
88	26	779	18	13.09	3.17
88	27	452	60	2.8	0.03
88	28	904	21	25.71	3.17
88	29	286	5	11.06	3.17
88	30	835	69	8.63	0.03
88	31	694	66	4.45	0.03
88	32	274	55	7.11	0.03
88	33	890	71	11.54	0.03
88	34	730	17	4.51	3.17
88	35	733	67	10.01	0.03
88	36	720	67	10.01	0.03
88	37	575	63	8.49	0.03
88	38	538	62	4.24	0.03
88	39	320	6	11.13	3.17
89	0	348	57	0	0.03
89	1	655	65	0	0.03
89	2	738	17	13.15	3.17
89	3	432	59	0	0.03
89	4	258	55	8.13	0.03
89	5	874	70	11.41	0.03
89	6	51	5	3.54	1.6
89	7	380	8	18.84	3.17
89	8	159	52	24.98	0.03
89	9	290	6	10.32	3.17
89	10	640	65	10.65	0.03
89	11	376	58	0	0.03
89	12	583	63	18.9	0.03
89	13	802	69	12.1	0.03
89	14	184	53	16.13	0.03
89	15	225	4	19.57	3.17
89	16	428	9	0.62	3.17
89	17	339	7	10.8	3.17
89	18	408	59	9.06	0.03
89	19	480	10	33	3.17
89	20	50	24	3.54	1.6
89	21	518	61	0	0.03
89	22	50	43	6.86	1.6
89	23	50	36	6.86	1.6
89	24	803	19	15.12	3.17
89	25	247	5	21.8	3.17
89	26	777	18	2.09	3.17
89	27	467	60	14.86	0.03
89	28	882	21	21.7	3.17
89	29	268	5	17.97	3.17
89	30	854	70	18.72	0.03
89	31	696	66	1.94	0.03
89	32	282	55	8.13	0.03
89	33	893	71	3.29	0.03
89	34	717	16	13.15	3.17
89	35	740	67	6.92	0.03
89	36	727	67	6.92	0.03
89	37	596	63	20.52	0.03
89	38	555	62	17.01	0.03
89	39	309	6	10.32	3.17
90	0	348	57	0.37	0.03
90	1	667	65	11.69	0.03
90	2	714	16	24.02	3.17
90	3	435	59	3.48	0.03
90	4	258	55	0	0.03
90	5	881	71	7.19	0.03
90	6	50	12	7.57	1.6
90	7	362	7	18.22	3.17
90	8	179	53	20.56	0.03
90	9	280	5	10.59	3.17
90	10	652	65	11.69	0.03
90	11	376	58	0	0.03
90	12	603	64	20.5	0.03
90	13	824	69	21.96	0.03
90	14	205	53	20.56	0.03
90	15	205	3	19.18	3.17
90	16	428	9	0	3.17
90	17	321	6	18.22	3.17
90	18	411	59	3.48	0.03
90	19	480	10	0	3.17
90	20	50	24	0	1.6
90	21	518	61	0	0.03
90	22	50	50	13.48	1.6
90	23	50	36	0	1.6
90	24	787	18	15.46	3.17
90	25	238	4	8.99	3.17
90	26	765	18	12	3.17
90	27	486	61	18.8	0.03
90	28	849	20	33	3.17
90	29	259	5	8.99	3.17
90	30	861	70	7.19	0.03
90	31	704	66	7.77	0.03
90	32	282	55	0	0.03
90	33	900	71	7.19	0.03
90	34	693	16	24.02	3.17
90	35	756	67	16.1	0.03
90	36	744	67	16.1	0.03
90	37	620	64	24.51	0.03
90	38	563	63	7.85	0.03
90	39	301	6	8.19	3.17
