
1	0	466	40	0	3.17
1	1	230	34	0	3.17
1	2	494	61	0	0.03
1	3	142	32	0	3.17
1	4	785	68	8.05	0.03
1	5	680	46	0.45	3.17
1	6	162	32	0	3.17
1	7	718	46	0	3.17
1	8	489	41	0	3.17
1	9	154	32	4.76	3.17
1	10	196	33	1.01	3.17
1	11	83	50	7.47	0.03
1	12	154	52	5.51	0.03
1	13	348	37	0	3.17
1	14	503	61	0	0.03
1	15	515	41	0.4	3.17
1	16	446	60	0	0.03
1	17	600	63	0	0.03
1	18	707	66	3.36	0.03
1	19	91	31	0.75	3.17
1	20	375	38	0	3.17
1	21	893	71	1.21	0.03
1	22	162	52	0	0.03
1	23	455	60	0	0.03
1	24	683	46	2.87	3.17
1	25	228	34	0	3.17
1	26	107	31	6.59	3.17
1	27	581	63	0	0.03
1	28	759	68	5.79	0.03
1	29	412	39	9.88	3.17
1	30	676	65	0.44	0.03
1	31	472	60	0.07	0.03
1	32	135	52	0	0.03
1	33	561	42	8	3.17
1	34	358	37	0	3.17
1	35	78	30	0.75	3.17
1	36	973	53	2.16	3.17
1	37	823	49	9.59	3.17
1	38	908	51	0	3.17
1	39	813	69	1.87	0.03
1	40	401	38	0	3.17
1	41	243	34	0.6	3.17
1	42	228	34	0	3.17
1	43	884	51	0	3.17
1	44	331	37	1.65	3.17
1	45	958	53	0.63	3.17
1	46	895	71	0.6	0.03
1	47	254	35	9.83	3.17
1	48	484	41	1.61	3.17
1	49	468	40	0	3.17
2	0	463	40	3.41	3.17
2	1	229	34	0.47	3.17
2	2	494	61	0.13	0.03
2	3	142	32	0	3.17
2	4	796	68	11.38	0.03
2	5	678	45	1.94	3.17
2	6	162	32	0	3.17
2	7	710	46	7.78	3.17
2	8	489	41	0	3.17
2	9	154	32	0	3.17
2	10	196	33	0	3.17
2	11	92	51	9.41	0.03
2	12	154	52	0	0.03
2	13	339	37	9.14	3.17
2	14	503	61	0.13	0.03
2	15	515	41	0	3.17
2	16	449	60	3.2	0.03
2	17	606	64	5.83	0.03
2	18	714	66	6.76	0.03
2	19	91	31	0	3.17
2	20	371	38	4.31	3.17
2	21	900	71	6.87	0.03
2	22	162	52	0	0.03
2	23	459	60	4.78	0.03
2	24	681	46	1.94	3.17
2	25	222	34	5.31	3.17
2	26	103	31	3.82	3.17
2	27	581	63	0	0.03
2	28	767	68	7.64	0.03
2	29	405	39	6.81	3.17
2	30	684	66	7.68	0.03
2	31	478	60	5.49	0.03
2	32	140	52	5.49	0.03
2	33	558	42	3.12	3.17
2	34	349	37	8.9	3.17
2	35	78	30	0	3.17
2	36	970	53	2.97	3.17
2	37	819	49	3.97	3.17
2	38	908	51	0	3.17
2	39	822	69	9.08	0.03
2	40	394	38	6.81	3.17
2	41	243	34	0.47	3.17
2	42	228	34	0	3.17
2	43	874	50	9.45	3.17
2	44	326	37	5.16	3.17
2	45	955	52	2.97	3.17
2	46	905	71	10.02	0.03
2	47	253	35	0.47	3.17
2	48	484	41	0	3.17
2	49	465	40	3.41	3.17
3	0	463	40	0	3.17
3	1	229	34	0.79	3.17
3	2	494	61	0.12	0.03
3	3	134	32	7.41	3.17
3	4	800	69	3.6	0.03
3	5	669	45	9.5	3.17
3	6	160	32	2.48	3.17
3	7	707	46	2.71	3.17
3	8	489	41	0	3.17
3	9	154	32	0	3.17
3	10	190	33	5.63	3.17
3	11	102	51	9.46	0.03
3	12	156	52	2.41	0.03
3	13	330	37	8.53	3.17
3	14	511	61	7.67	0.03
3	15	515	41	0.34	3.17
3	16	450	60	1.34	0.03
3	17	618	64	11.62	0.03
3	18	725	67	11.34	0.03
3	19	91	31	0	3.17
3	20	364	37	6.76	3.17
3	21	900	71	0	0.03
3	22	167	52	4.47	0.03
3	23	470	60	10.6	0.03
3	24	672	45	9.37	3.17
3	25	218	34	4.58	3.17
3	26	103	31	0	3.17
3	27	590	63	8.63	0.03
3	28	775	68	8.98	0.03
3	29	404	38	1.28	3.17
3	30	700	66	16.12	0.03
3	31	483	61	4.86	0.03
3	32	143	52	2.41	0.03
3	33	546	42	12.14	3.17
3	34	340	37	8.53	3.17
3	35	70	30	8.46	3.17
3	36	962	53	8.34	3.17
3	37	819	49	0	3.17
3	38	901	51	7.84	3.17
3	39	826	69	3.6	0.03
3	40	393	38	1.54	3.17
3	41	242	34	0.79	3.17
3	42	227	34	0.79	3.17
3	43	868	50	5.93	3.17
3	44	317	36	8.53	3.17
3	45	947	52	7.8	3.17
3	46	925	72	19.98	0.03
3	47	252	35	0.79	3.17
3	48	484	41	0	3.17
3	49	465	40	0	3.17
4	0	462	40	1.38	3.17
4	1	223	34	5.52	3.17
4	2	494	61	0	0.03
4	3	123	31	10.73	3.17
4	4	810	69	9.72	0.03
4	5	665	45	3.22	3.17
4	6	160	32	0	3.17
4	7	701	46	6.37	3.17
4	8	482	40	6.38	3.17
4	9	154	32	0	3.17
4	10	182	33	8.39	3.17
4	11	118	51	16.43	0.03
4	12	157	52	0.98	0.03
4	13	321	36	9.5	3.17
4	14	521	61	9.94	0.03
4	15	514	41	0.97	3.17
4	16	450	60	0	0.03
4	17	636	64	18.22	0.03
4	18	745	67	20.26	0.03
4	19	91	31	0	3.17
4	20	362	37	2.58	3.17
4	21	900	71	0	0.03
4	22	167	52	0	0.03
4	23	470	60	0	0.03
4	24	669	45	3.22	3.17
4	25	211	34	6.58	3.17
4	26	103	31	0	3.17
4	27	608	64	17.92	0.03
4	28	775	68	0	0.03
4	29	404	38	0	3.17
4	30	707	66	6.77	0.03
4	31	483	61	0	0.03
4	32	150	52	7.11	0.03
4	33	545	42	0.97	3.17
4	34	339	37	0.86	3.17
4	35	68	30	2.04	3.17
4	36	950	52	12.06	3.17
4	37	812	49	6.48	3.17
4	38	897	51	3.23	3.17
4	39	834	69	8.35	0.03
4	40	393	38	0	3.17
4	41	242	34	0	3.17
4	42	221	34	5.52	3.17
4	43	858	50	10.41	3.17
4	44	308	36	9.26	3.17
4	45	933	52	14.41	3.17
4	46	955	72	29.93	0.03
4	47	252	35	0	3.17
4	48	477	40	7.54	3.17
4	49	464	40	1.38	3.17
5	0	450	40	11.35	3.17
5	1	223	34	0	3.17
5	2	496	61	1.23	0.03
5	3	117	31	6.42	3.17
5	4	826	69	16.47	0.03
5	5	662	45	3.41	3.17
5	6	157	32	2.68	3.17
5	7	688	46	13.24	3.17
5	8	474	40	7.72	3.17
5	9	151	32	2.68	3.17
5	10	177	33	4.27	3.17
5	11	129	52	10.78	0.03
5	12	158	52	0.07	0.03
5	13	313	36	7.73	3.17
5	14	522	62	1.4	0.03
5	15	510	41	4.03	3.17
5	16	450	60	0	0.03
5	17	648	65	12.45	0.03
5	18	757	67	11.9	0.03
5	19	85	30	6.42	3.17
5	20	362	37	0	3.17
5	21	908	71	8.15	0.03
5	22	167	52	0.07	0.03
5	23	470	60	0.15	0.03
5	24	665	45	3.41	3.17
5	25	211	34	0.41	3.17
5	26	96	31	6.42	3.17
5	27	620	64	12.12	0.03
5	28	779	68	3.46	0.03
5	29	404	38	0	3.17
5	30	719	67	12.53	0.03
5	31	485	61	1.84	0.03
5	32	152	52	1.53	0.03
5	33	545	42	0	3.17
5	34	334	37	5.75	3.17
5	35	68	30	0.13	3.17
5	36	939	52	11.13	3.17
5	37	808	49	4.68	3.17
5	38	892	51	5.69	3.17
5	39	846	70	12.2	0.03
5	40	392	38	0.81	3.17
5	41	236	34	6.51	3.17
5	42	221	34	0.41	3.17
5	43	851	50	7.06	3.17
5	44	298	36	10.08	3.17
5	45	922	52	11.13	3.17
5	46	988	73	33	0.03
5	47	246	34	6.51	3.17
5	48	469	40	7.72	3.17
5	49	461	40	2.47	3.17
6	0	435	39	15.57	3.17
6	1	223	34	0	3.17
6	2	507	61	11.17	0.03
6	3	117	31	0	3.17
6	4	842	70	16.28	0.03
6	5	651	45	11.25	3.17
6	6	155	32	2.6	3.17
6	7	680	46	7.76	3.17
6	8	469	40	5.12	3.17
6	9	144	32	7.01	3.17
6	10	169	33	8.89	3.17
6	11	129	52	0	0.03
6	12	158	52	0	0.03
6	13	297	36	15.99	3.17
6	14	525	62	2.57	0.03
6	15	499	41	10.16	3.17
6	16	452	60	1.22	0.03
6	17	664	65	15.54	0.03
6	18	766	68	8.99	0.03
6	19	85	30	0	3.17
6	20	362	37	0	3.17
6	21	918	72	10.21	0.03
6	22	169	53	2.33	0.03
6	23	471	60	1.11	0.03
6	24	658	45	7.76	3.17
6	25	211	34	0	3.17
6	26	96	31	0	3.17
6	27	637	64	17.13	0.03
6	28	781	68	2.42	0.03
6	29	404	38	0.39	3.17
6	30	724	67	4.77	0.03
6	31	489	61	4.83	0.03
6	32	152	52	0	0.03
6	33	545	42	0	3.17
6	34	330	37	4.05	3.17
6	35	68	30	0	3.17
6	36	930	52	8.96	3.17
6	37	808	49	0	3.17
6	38	883	51	8.96	3.17
6	39	862	70	16.28	0.03
6	40	392	38	0	3.17
6	41	236	34	0	3.17
6	42	217	34	3.8	3.17
6	43	835	49	16.07	3.17
6	44	281	35	16.83	3.17
6	45	913	51	8.96	3.17
6	46	995	74	33	0.03
6	47	246	34	0	3.17
6	48	464	40	5.12	3.17
6	49	456	40	5.12	3.17
7	0	424	39	10.34	3.17
7	1	223	34	0	3.17
7	2	516	61	9.16	0.03
7	3	117	31	0	3.17
7	4	864	70	21.16	0.03
7	5	636	44	15.14	3.17
7	6	147	32	7.1	3.17
7	7	678	45	2.11	3.17
7	8	468	40	1.16	3.17
7	9	137	32	7.21	3.17
7	10	161	32	7.1	3.17
7	11	133	52	4.58	0.03
7	12	163	52	5.51	0.03
7	13	297	36	0	3.17
7	14	534	62	9.16	0.03
7	15	499	41	0.23	3.17
7	16	461	60	9.55	0.03
7	17	689	66	24.69	0.03
7	18	769	68	2.55	0.03
7	19	79	30	5.93	3.17
7	20	357	37	4.75	3.17
7	21	932	72	13.53	0.03
7	22	173	53	3.31	0.03
7	23	471	60	0	0.03
7	24	648	45	9.75	3.17
7	25	211	34	0	3.17
7	26	96	31	0	3.17
7	27	663	65	25.72	0.03
7	28	784	68	2.55	0.03
7	29	403	38	1.01	3.17
7	30	730	67	6.12	0.03
7	31	493	61	3.82	0.03
7	32	152	52	0	0.03
7	33	545	42	0	3.17
7	34	321	36	8.34	3.17
7	35	58	30	9.93	3.17
7	36	930	52	0	3.17
7	37	808	49	0	3.17
7	38	880	51	2.73	3.17
7	39	885	71	22.16	0.03
7	40	382	38	9.84	3.17
7	41	236	34	0	3.17
7	42	217	34	0	3.17
7	43	835	49	0	3.17
7	44	281	35	0	3.17
7	45	910	51	2.73	3.17
7	46	995	74	33	4.74
7	47	246	34	0	3.17
7	48	463	40	1.16	3.17
7	49	455	40	1.16	3.17
8	0	415	39	9.72	3.17
8	1	223	34	0	3.17
8	2	523	62	6.83	0.03
8	3	117	31	0	3.17
8	4	878	71	14.06	0.03
8	5	617	44	18.72	3.17
8	6	139	32	8.05	3.17
8	7	673	45	5.17	3.17
8	8	466	40	2.53	3.17
8	9	129	32	8.05	3.17
8	10	161	32	0	3.17
8	11	134	52	0.28	0.03
8	12	167	52	3.75	0.03
8	13	290	36	7.62	3.17
8	14	541	62	6.83	0.03
8	15	492	41	6.78	3.17
8	16	464	60	2.52	0.03
8	17	695	66	6.26	0.03
8	18	769	68	0	0.03
8	19	66	30	13.04	3.17
8	20	357	37	0	3.17
8	21	951	72	19.08	0.03
8	22	176	53	3.75	0.03
8	23	481	60	9.81	0.03
8	24	631	44	16.66	3.17
8	25	208	34	2.61	3.17
8	26	96	31	0	3.17
8	27	669	65	6.26	0.03
8	28	784	68	0	0.03
8	29	403	38	0	3.17
8	30	736	67	6.26	0.03
8	31	506	61	12.53	0.03
8	32	152	52	0.71	0.03
8	33	537	42	7.29	3.17
8	34	314	36	7.62	3.17
8	35	50	30	15.8	3.17
8	36	930	52	0	3.17
8	37	803	49	5.14	3.17
8	38	880	51	0	3.17
8	39	911	71	26.37	0.03
8	40	382	38	0	3.17
8	41	231	34	4.8	3.17
8	42	217	34	0	3.17
8	43	834	49	1.26	3.17
8	44	277	35	4.08	3.17
8	45	910	51	0	3.17
8	46	995	54	26.13	4.74
8	47	246	34	0	3.17
8	48	463	40	0	3.17
8	49	448	40	7.08	3.17
9	0	415	39	0	3.17
9	1	223	34	0	3.17
9	2	532	62	8.86	0.03
9	3	117	31	0	3.17
9	4	897	71	18.95	0.03
9	5	607	44	10.15	3.17
9	6	137	32	2.39	3.17
9	7	662	45	10.01	3.17
9	8	461	40	4.34	3.17
9	9	129	32	0	3.17
9	10	161	32	0	3.17
9	11	134	52	0.67	0.03
9	12	167	52	0	0.03
9	13	283	35	6.34	3.17
9	14	552	62	10.93	0.03
9	15	480	40	12.38	3.17
9	16	472	60	8.26	0.03
9	17	708	66	13.59	0.03
9	18	769	68	0.31	0.03
9	19	52	30	13.63	3.17
9	20	352	37	5.4	3.17
9	21	967	73	16.19	0.03
9	22	176	53	0	0.03
9	23	482	60	0.77	0.03
9	24	621	44	10.15	3.17
9	25	206	33	1.83	3.17
9	26	89	30	7.54	3.17
9	27	683	66	13.73	0.03
9	28	784	68	0	0.03
9	29	403	38	0	3.17
9	30	738	67	2.06	0.03
9	31	515	61	8.86	0.03
9	32	152	52	0	0.03
9	33	529	42	8.21	3.17
9	34	309	36	5.15	3.17
9	35	50	48	18.53	1.6
9	36	930	52	0	3.17
9	37	803	49	0	3.17
9	38	875	50	4.88	3.17
9	39	927	72	16.19	0.03
9	40	382	38	0	3.17
9	41	231	34	0	3.17
9	42	217	34	0	3.17
9	43	828	49	5.94	3.17
9	44	275	35	1.72	3.17
9	45	907	51	2.76	3.17
9	46	995	54	33	3.17
9	47	240	34	5.72	3.17
9	48	459	40	4.34	3.17
9	49	448	40	0	3.17
10	0	415	39	0	3.17
10	1	223	34	0	3.17
10	2	541	62	9.12	0.03
10	3	117	31	0	3.17
10	4	905	71	7.9	0.03
10	5	591	43	15.27	3.17
10	6	137	32	0	3.17
10	7	662	45	0.09	3.17
10	8	459	40	2.48	3.17
10	9	124	31	4.51	3.17
10	10	161	32	0.73	3.17
10	11	143	52	8.66	0.03
10	12	169	53	2.08	0.03
10	13	282	35	1.65	3.17
10	14	561	62	9.24	0.03
10	15	475	40	5.21	3.17
10	16	472	60	0	0.03
10	17	713	66	4.8	0.03
10	18	776	68	6.78	0.03
10	19	50	30	20.52	3.17
10	20	345	37	6.93	3.17
10	21	980	73	12.66	0.03
10	22	180	53	3.36	0.03
10	23	482	60	0	0.03
10	24	617	44	3.68	3.17
10	25	206	33	0	3.17
10	26	74	30	15.21	3.17
10	27	697	66	14.87	0.03
10	28	793	68	8.94	0.03
10	29	403	38	0	3.17
10	30	743	67	5.06	0.03
10	31	524	62	9.12	0.03
10	32	154	52	2.08	0.03
10	33	516	41	13.29	3.17
10	34	302	36	6.06	3.17
10	35	50	50	12.12	1.6
10	36	930	52	0.08	3.17
10	37	793	48	9.74	3.17
10	38	865	50	9.76	3.17
10	39	935	72	7.9	0.03
10	40	379	38	2.99	3.17
10	41	231	34	0	3.17
10	42	217	34	0	3.17
10	43	818	49	10.22	3.17
10	44	266	35	9.51	3.17
10	45	907	51	0	3.17
10	46	995	54	0.08	3.17
10	47	240	34	0	3.17
10	48	452	40	6.55	3.17
10	49	441	39	6.55	3.17
11	0	412	39	2.68	3.17
11	1	223	34	0	3.17
11	2	541	62	0.13	0.03
11	3	117	31	0	3.17
11	4	910	71	5.26	0.03
11	5	575	43	16.28	3.17
11	6	137	32	0	3.17
11	7	662	45	0	3.17
11	8	454	40	5.15	3.17
11	9	124	31	0	3.17
11	10	161	32	0	3.17
11	11	147	52	4.15	0.03
11	12	169	53	0	0.03
11	13	274	35	7.46	3.17
11	14	575	63	13.82	0.03
11	15	465	40	10.17	3.17
11	16	476	60	4.43	0.03
11	17	727	67	14.2	0.03
11	18	788	68	12.3	0.03
11	19	50	42	12.64	1.6
11	20	329	37	15.77	3.17
11	21	984	73	3.83	0.03
11	22	180	53	0	0.03
11	23	488	61	6.47	0.03
11	24	617	44	0.25	3.17
11	25	200	33	6.87	3.17
11	26	64	30	9.96	3.17
11	27	712	66	14.2	0.03
11	28	811	69	17.96	0.03
11	29	396	38	6.25	3.17
11	30	753	67	10.11	0.03
11	31	524	62	0.13	0.03
11	32	158	52	4.15	0.03
11	33	505	41	10.79	3.17
11	34	301	36	1.17	3.17
11	35	50	50	12.64	0.03
11	36	926	52	4.07	3.17
11	37	773	48	19.71	3.17
11	38	853	50	12.05	3.17
11	39	939	72	3.92	0.03
11	40	379	38	0	3.17
11	41	228	34	2.36	3.17
11	42	217	34	0	3.17
11	43	798	49	19.38	3.17
11	44	263	35	2.21	3.17
11	45	906	51	1.94	3.17
11	46	986	53	9	3.17
11	47	238	34	2.21	3.17
11	48	442	39	10.24	3.17
11	49	431	39	10.24	3.17
12	0	412	39	0	3.17
12	1	223	34	0	3.17
12	2	544	62	3.49	0.03
12	3	117	31	0	3.17
12	4	924	72	13.92	0.03
12	5	563	43	12.03	3.17
12	6	136	32	1	3.17
12	7	662	45	0.32	3.17
12	8	449	40	4.77	3.17
12	9	123	31	1.07	3.17
12	10	161	32	0	3.17
12	11	147	52	0	0.03
12	12	169	53	0	0.03
12	13	266	35	8.4	3.17
12	14	593	63	18.24	0.03
12	15	458	40	6.62	3.17
12	16	476	60	0	0.03
12	17	743	67	15.36	0.03
12	18	795	68	7.42	0.03
12	19	50	49	6.67	1.6
12	20	318	36	11.11	3.17
12	21	995	74	13.28	0.03
12	22	185	53	5.47	0.03
12	23	488	61	0	0.03
12	24	611	44	5.75	3.17
12	25	189	33	10.84	3.17
12	26	50	30	14.64	3.17
12	27	723	67	10.91	0.03
12	28	820	69	9.21	0.03
12	29	396	38	0	3.17
12	30	769	68	15.36	0.03
12	31	532	62	7.79	0.03
12	32	158	52	0	0.03
12	33	502	41	3.28	3.17
12	34	294	36	7.09	3.17
12	35	53	50	3.28	0.03
12	36	920	52	5.74	3.17
12	37	749	47	24.15	3.17
12	38	851	50	2.09	3.17
12	39	946	72	7.36	0.03
12	40	379	38	0	3.17
12	41	228	34	0	3.17
12	42	212	34	4.82	3.17
12	43	774	48	24.04	3.17
12	44	252	35	11.21	3.17
12	45	894	51	11.47	3.17
12	46	968	53	17.85	3.17
12	47	238	34	0	3.17
12	48	442	39	0	3.17
12	49	431	39	0	3.17
13	0	407	39	4.57	3.17
13	1	223	34	0	3.17
13	2	548	62	3.47	0.03
13	3	108	31	9.23	3.17
13	4	932	72	8.17	0.03
13	5	547	42	16.43	3.17
13	6	127	31	8.98	3.17
13	7	662	45	0	3.17
13	8	447	40	1.66	3.17
13	9	117	31	6.11	3.17
13	10	153	32	7.47	3.17
13	11	154	52	6.39	0.03
13	12	174	53	5.52	0.03
13	13	262	35	3.27	3.17
13	14	606	64	12.4	0.03
13	15	456	40	1.66	3.17
13	16	486	61	9.29	0.03
13	17	743	67	0	0.03
13	18	795	68	0	0.03
13	19	50	50	8.3	1.6
13	20	305	36	12.75	3.17
13	21	995	74	14.47	4.74
13	22	195	53	10.23	0.03
13	23	498	61	9.98	0.03
13	24	601	43	10.93	3.17
13	25	172	33	16.41	3.17
13	26	50	38	8.3	1.6
13	27	730	67	7.35	0.03
13	28	830	69	10.39	0.03
13	29	396	38	0	3.17
13	30	769	68	0	0.03
13	31	539	62	7.08	0.03
13	32	163	52	4.98	0.03
13	33	494	41	7.93	3.17
13	34	283	35	11.33	3.17
13	35	53	50	0	0.03
13	36	915	51	4.91	3.17
13	37	725	47	24.35	3.17
13	38	851	50	0	3.17
13	39	955	72	8.17	0.03
13	40	379	38	0	3.17
13	41	228	34	0	3.17
13	42	212	34	0	3.17
13	43	750	47	24.35	3.17
13	44	249	35	3.27	3.17
13	45	884	51	10.42	3.17
13	46	950	52	17.98	3.17
13	47	234	34	4.27	3.17
13	48	440	39	1.66	3.17
13	49	424	39	7	3.17
14	0	407	39	0	3.17
14	1	218	34	5.09	3.17
14	2	559	62	11.28	0.03
14	3	103	31	5.26	3.17
14	4	936	72	3.79	0.03
14	5	530	42	16.37	3.17
14	6	123	31	4.15	3.17
14	7	662	45	0	3.17
14	8	447	40	0	3.17
14	9	112	31	5.26	3.17
14	10	149	32	4.15	3.17
14	11	154	52	0	0.03
14	12	187	53	12.89	0.03
14	13	254	35	8.89	3.17
14	14	620	64	14.79	0.03
14	15	456	40	0	3.17
14	16	502	61	16.28	0.03
14	17	748	67	5.32	0.03
14	18	795	68	0	0.03
14	19	50	50	0.19	0.03
14	20	296	36	8.89	3.17
14	21	995	57	16.41	4.74
14	22	202	53	6.72	0.03
14	23	516	61	17.31	0.03
14	24	580	43	20.41	3.17
14	25	168	33	4.15	3.17
14	26	50	39	1.6	1.6
14	27	738	67	7.77	0.03
14	28	842	70	11.74	0.03
14	29	393	38	3.06	3.17
14	30	774	68	4.75	0.03
14	31	543	62	4.7	0.03
14	32	163	52	0	0.03
14	33	479	40	15	3.17
14	34	274	35	8.89	3.17
14	35	58	50	4.99	0.03
14	36	903	51	12.48	3.17
14	37	701	46	23.67	3.17
14	38	850	50	1.12	3.17
14	39	961	73	6.06	0.03
14	40	371	38	7.65	3.17
14	41	223	34	5.09	3.17
14	42	208	34	4.67	3.17
14	43	733	47	16.9	3.17
14	44	244	34	5.17	3.17
14	45	879	51	4.2	3.17
14	46	927	52	23	3.17
14	47	229	34	5.09	3.17
14	48	440	39	0	3.17
14	49	422	39	2.2	3.17
15	0	403	38	4.63	3.17
15	1	206	33	11.83	3.17
15	2	577	63	18.42	0.03
15	3	103	31	0	3.17
15	4	938	72	1.94	0.03
15	5	507	41	23.04	3.17
15	6	123	31	0	3.17
15	7	662	45	0	3.17
15	8	447	40	0	3.17
15	9	112	31	0	3.17
15	10	141	32	7.96	3.17
15	11	154	52	0	0.03
15	12	189	53	1.49	0.03
15	13	251	35	2.17	3.17
15	14	644	65	23.99	0.03
15	15	456	40	0	3.17
15	16	513	61	11.46	0.03
15	17	748	67	0	0.03
15	18	795	68	0	0.03
15	19	50	50	0	0.03
15	20	284	35	11.67	3.17
15	21	995	54	11.38	4.74
15	22	204	53	1.49	0.03
15	23	527	62	11.46	0.03
15	24	555	42	24.72	3.17
15	25	158	32	9.7	3.17
15	26	50	39	0	1.6
15	27	738	67	0	0.03
15	28	864	70	21.45	0.03
15	29	389	38	4.63	3.17
15	30	774	68	0	0.03
15	31	551	62	7.16	0.03
15	32	163	52	0	0.03
15	33	479	40	0	3.17
15	34	272	35	2.17	3.17
15	35	58	50	0	0.03
15	36	897	51	5.25	3.17
15	37	701	46	0	3.17
15	38	850	50	0	3.17
15	39	961	73	0.72	0.03
15	40	359	37	12.06	3.17
15	41	216	34	7.77	3.17
15	42	193	33	14.32	3.17
15	43	726	47	7.18	3.17
15	44	237	34	6.44	3.17
15	45	874	50	5.25	3.17
15	46	922	52	5.25	3.17
15	47	228	34	1.05	3.17
15	48	440	39	0	3.17
15	49	421	39	1.29	3.17
16	0	401	38	1.77	3.17
16	1	203	33	3	3.17
16	2	586	63	8.77	0.03
16	3	95	31	7.21	3.17
16	4	944	72	6.05	0.03
16	5	501	41	6.31	3.17
16	6	120	31	3	3.17
16	7	662	45	0	3.17
16	8	442	39	5.15	3.17
16	9	109	31	3	3.17
16	10	138	32	3	3.17
16	11	154	52	0	0.03
16	12	189	53	0	0.03
16	13	248	35	3.79	3.17
16	14	677	65	33	0.03
16	15	456	40	0.08	3.17
16	16	529	62	15.92	0.03
16	17	755	67	7.36	0.03
16	18	797	68	1.73	0.03
16	19	50	50	0	0.03
16	20	281	35	3.34	3.17
16	21	995	54	13.95	3.17
16	22	204	53	0	0.03
16	23	543	62	15.92	0.03
16	24	549	42	6.31	3.17
16	25	155	32	3	3.17
16	26	50	45	6	1.6
16	27	738	67	0	0.03
16	28	888	71	24.52	0.03
16	29	380	38	9.27	3.17
16	30	774	68	0.36	0.03
16	31	567	63	16.47	0.03
16	32	163	52	0	0.03
16	33	473	40	6.31	3.17
16	34	272	35	0	3.17
16	35	58	50	0	0.03
16	36	889	51	8.75	3.17
16	37	697	46	3.71	3.17
16	38	849	50	0.71	3.17
16	39	961	73	0	0.03
16	40	339	37	20.81	3.17
16	41	213	34	3	3.17
16	42	190	33	3	3.17
16	43	722	47	3.71	3.17
16	44	237	34	0	3.17
16	45	873	50	0.71	3.17
16	46	910	51	11.65	3.17
16	47	227	34	1.06	3.17
16	48	432	39	8.39	3.17
16	49	421	39	0	3.17
17	0	394	38	7.2	3.17
17	1	203	33	0	3.17
17	2	597	63	10.39	0.03
17	3	91	31	4.25	3.17
17	4	945	72	1.13	0.03
17	5	501	41	0.01	3.17
17	6	113	31	7.23	3.17
17	7	655	45	6.82	3.17
17	8	433	39	9.5	3.17
17	9	105	31	3.6	3.17
17	10	132	32	6.52	3.17
17	11	154	52	0	0.03
17	12	189	53	0	0.03
17	13	244	34	3.9	3.17
17	14	706	66	28.54	0.03
17	15	454	40	2.49	3.17
17	16	540	62	10.39	0.03
17	17	758	68	2.94	0.03
17	18	797	68	0	0.03
17	19	50	50	0	0.03
17	20	278	35	2.76	3.17
17	21	989	53	6.47	3.17
17	22	210	54	6.42	0.03
17	23	553	62	10.39	0.03
17	24	535	42	14.61	3.17
17	25	146	32	9.86	3.17
17	26	50	50	13.09	1.6
17	27	744	67	6.26	0.03
17	28	889	71	1.13	0.03
17	29	375	38	4.13	3.17
17	30	777	68	2.94	0.03
17	31	577	63	10.39	0.03
17	32	163	52	0	0.03
17	33	473	40	0	3.17
17	34	262	35	9.51	3.17
17	35	62	50	4.01	0.03
17	36	884	51	4.97	3.17
17	37	689	46	7.97	3.17
17	38	841	50	8.32	3.17
17	39	962	73	1.13	0.03
17	40	309	36	29.59	3.17
17	41	213	34	0	3.17
17	42	190	33	0	3.17
17	43	713	46	9.28	3.17
17	44	233	34	3.9	3.17
17	45	869	50	4.97	3.17
17	46	902	51	8.33	3.17
17	47	227	34	0	3.17
17	48	422	39	9.5	3.17
17	49	412	39	8.78	3.17
18	0	384	38	9.32	3.17
18	1	199	33	3.78	3.17
18	2	598	63	1.03	0.03
18	3	83	30	7.95	3.17
18	4	945	72	0	0.03
18	5	501	41	0	3.17
18	6	112	31	1.12	3.17
18	7	645	45	10.24	3.17
18	8	422	39	10.68	3.17
18	9	100	31	5.3	3.17
18	10	127	31	5.09	3.17
18	11	154	52	0.09	0.03
18	12	197	53	7.81	0.03
18	13	244	34	0	3.17
18	14	706	66	0	0.03
18	15	446	40	7.41	3.17
18	16	541	62	1.03	0.03
18	17	758	68	0	0.03
18	18	798	69	1.35	0.03
18	19	53	50	3.77	0.03
18	20	278	35	0	3.17
18	21	983	53	5.78	3.17
18	22	217	54	7.53	0.03
18	23	554	62	1.03	0.03
18	24	535	42	0	3.17
18	25	144	32	1.89	3.17
18	26	50	50	21.08	0.03
18	27	744	67	0	0.03
18	28	900	71	10.92	0.03
18	29	366	38	9.32	3.17
18	30	778	68	1.35	0.03
18	31	578	63	1.03	0.03
18	32	164	52	0.09	0.03
18	33	473	40	0	3.17
18	34	262	35	0	3.17
18	35	72	50	10.13	0.03
18	36	876	50	7.9	3.17
18	37	671	45	17.8	3.17
18	38	839	50	1.88	3.17
18	39	962	73	0	0.03
18	40	309	36	0	3.17
18	41	213	34	0	3.17
18	42	190	33	0	3.17
18	43	710	46	2.9	3.17
18	44	233	34	0	3.17
18	45	861	50	7.9	3.17
18	46	894	51	7.9	3.17
18	47	225	34	1.39	3.17
18	48	412	39	10.68	3.17
18	49	401	38	10.68	3.17
19	0	378	38	6.54	3.17
19	1	199	33	0	3.17
19	2	598	63	0	0.03
19	3	70	30	13.1	3.17
19	4	947	72	2.72	0.03
19	5	496	41	5.44	3.17
19	6	112	31	0	3.17
19	7	634	44	10.98	3.17
19	8	413	39	8.64	3.17
19	9	94	31	5.76	3.17
19	10	123	31	3.95	3.17
19	11	154	52	0	0.03
19	12	204	53	7.45	0.03
19	13	239	34	4.56	3.17
19	14	706	66	0	0.03
19	15	438	39	8.8	3.17
19	16	545	62	4.25	0.03
19	17	761	68	2.87	0.03
19	18	808	69	9.82	0.03
19	19	58	50	4.27	0.03
19	20	276	35	2.15	3.17
19	21	968	53	14.69	3.17
19	22	227	54	9.88	0.03
19	23	554	62	0	0.03
19	24	526	42	8.65	3.17
19	25	144	32	0	3.17
19	26	54	50	4.27	0.03
19	27	745	67	1.15	0.03
19	28	905	71	4.94	0.03
19	29	358	37	8.14	3.17
19	30	778	68	0	0.03
19	31	578	63	0	0.03
19	32	164	52	0	0.03
19	33	467	40	5.23	3.17
19	34	262	35	0	3.17
19	35	87	50	15.43	0.03
19	36	874	50	1.38	3.17
19	37	661	45	10.98	3.17
19	38	836	49	3.34	3.17
19	39	967	73	4.08	0.03
19	40	304	36	5.36	3.17
19	41	213	34	0	3.17
19	42	190	33	0	3.17
19	43	698	46	11.99	3.17
19	44	233	34	0	3.17
19	45	859	50	1.38	3.17
19	46	894	51	0	3.17
19	47	224	34	1.5	3.17
19	48	403	38	8.64	3.17
19	49	392	38	8.64	3.17
20	0	366	38	12.38	3.17
20	1	195	33	4.21	3.17
20	2	598	63	0	0.03
20	3	56	30	14.35	3.17
20	4	949	72	1.93	0.03
20	5	486	41	9.6	3.17
20	6	112	31	0	3.17
20	7	622	44	12.11	3.17
20	8	413	39	0	3.17
20	9	94	31	0	3.17
20	10	118	31	4.68	3.17
20	11	161	52	7.09	0.03
20	12	204	53	0	0.03
20	13	239	34	0	3.17
20	14	707	66	1.68	0.03
20	15	438	39	0	3.17
20	16	545	62	0	0.03
20	17	771	68	10.27	0.03
20	18	823	69	14.97	0.03
20	19	64	50	6.78	0.03
20	20	273	35	3.35	3.17
20	21	946	52	22.27	3.17
20	22	243	54	15.46	0.03
20	23	554	62	0	0.03
20	24	513	41	12.98	3.17
20	25	140	32	3.58	3.17
20	26	61	50	6.78	0.03
20	27	747	67	1.83	0.03
20	28	911	71	6.26	0.03
20	29	345	37	13.35	3.17
20	30	786	68	8.15	0.03
20	31	580	63	1.73	0.03
20	32	168	53	4.92	0.03
20	33	460	40	7.82	3.17
20	34	259	35	3.35	3.17
20	35	94	51	6.37	0.03
20	36	868	50	6.87	3.17
20	37	654	45	6.2	3.17
20	38	824	49	12.04	3.17
20	39	969	73	2.45	0.03
20	40	297	36	6.53	3.17
20	41	213	34	0	3.17
20	42	188	33	2.5	3.17
20	43	680	45	18.16	3.17
20	44	233	34	0	3.17
20	45	849	50	10.56	3.17
20	46	888	51	5.87	3.17
20	47	224	34	0	3.17
20	48	403	38	0	3.17
20	49	392	38	0	3.17
21	0	348	37	17.07	3.17
21	1	191	33	4.6	3.17
21	2	600	63	2.8	0.03
21	3	50	30	16.92	3.17
21	4	952	72	2.18	0.03
21	5	486	41	0.3	3.17
21	6	109	31	2.91	3.17
21	7	614	44	7.88	3.17
21	8	409	39	4.11	3.17
21	9	94	31	0	3.17
21	10	115	31	2.91	3.17
21	11	161	52	0	0.03
21	12	207	54	3.42	0.03
21	13	239	34	0.44	3.17
21	14	712	66	4.34	0.03
21	15	438	39	0	3.17
21	16	545	62	0	0.03
21	17	774	68	2.32	0.03
21	18	830	69	7.09	0.03
21	19	67	50	2.53	0.03
21	20	272	35	0.44	3.17
21	21	923	52	22.53	3.17
21	22	257	55	14.62	0.03
21	23	557	62	2.28	0.03
21	24	513	41	0.3	3.17
21	25	137	32	3.54	3.17
21	26	63	50	2.53	0.03
21	27	758	67	10.7	0.03
21	28	924	72	12.71	0.03
21	29	323	36	21.88	3.17
21	30	789	68	2.32	0.03
21	31	584	63	4.2	0.03
21	32	168	53	0	0.03
21	33	459	40	0.3	3.17
21	34	259	35	0.44	3.17
21	35	102	51	8.64	0.03
21	36	866	50	1.07	3.17
21	37	654	45	0	3.17
21	38	808	49	15.33	3.17
21	39	981	73	12.38	0.03
21	40	297	36	0.44	3.17
21	41	208	34	4.83	3.17
21	42	181	33	6.62	3.17
21	43	680	45	0	3.17
21	44	233	34	0	3.17
21	45	837	49	11.93	3.17
21	46	887	51	1.07	3.17
21	47	224	34	0	3.17
21	48	399	38	4.11	3.17
21	49	392	38	0.24	3.17
22	0	341	37	7.25	3.17
22	1	183	33	7.87	3.17
22	2	608	64	7.53	0.03
22	3	50	50	20.53	1.6
22	4	952	72	0	0.03
22	5	478	40	7.78	3.17
22	6	109	31	0	3.17
22	7	605	44	9.37	3.17
22	8	409	39	0	3.17
22	9	94	31	0	3.17
22	10	115	31	0	3.17
22	11	163	52	2.42	0.03
22	12	217	54	9.61	0.03
22	13	235	34	4.03	3.17
22	14	724	67	12.44	0.03
22	15	438	39	0	3.17
22	16	549	62	3.58	0.03
22	17	774	68	0	0.03
22	18	834	69	3.25	0.03
22	19	79	50	11.99	0.03
22	20	272	35	0	3.17
22	21	914	51	8.98	3.17
22	22	280	55	22.51	0.03
22	23	557	62	0	0.03
22	24	509	41	3.62	3.17
22	25	137	32	0	3.17
22	26	70	50	7.36	0.03
22	27	762	68	4.16	0.03
22	28	929	72	5.34	0.03
22	29	319	36	3.7	3.17
22	30	794	68	5.26	0.03
22	31	595	63	10.72	0.03
22	32	171	53	2.64	0.03
22	33	458	40	0.79	3.17
22	34	250	35	8.39	3.17
22	35	105	51	3.1	0.03
22	36	866	50	0	3.17
22	37	648	45	6.8	3.17
22	38	792	48	16.41	3.17
22	39	995	74	21.03	0.03
22	40	293	36	3.7	3.17
22	41	198	33	9.94	3.17
22	42	170	33	10.82	3.17
22	43	680	45	0	3.17
22	44	230	34	3.65	3.17
22	45	824	49	13	3.17
22	46	878	51	8.98	3.17
22	47	216	34	7.23	3.17
22	48	396	38	2.67	3.17
22	49	390	38	2.67	3.17
23	0	339	37	1.73	3.17
23	1	171	33	12	3.17
23	2	614	64	6.4	0.03
23	3	50	50	20.66	0.03
23	4	956	73	4.91	0.03
23	5	476	40	1.78	3.17
23	6	108	31	0.37	3.17
23	7	598	43	6.68	3.17
23	8	405	39	3.77	3.17
23	9	94	31	0	3.17
23	10	115	31	0	3.17
23	11	167	52	4.22	0.03
23	12	228	54	10.73	0.03
23	13	235	34	0	3.17
23	14	724	67	0	0.03
23	15	433	39	5.03	3.17
23	16	555	62	6.97	0.03
23	17	774	68	0	0.03
23	18	837	69	3.34	0.03
23	19	83	50	4.56	0.03
23	20	272	35	0	3.17
23	21	904	51	10.08	3.17
23	22	304	56	24.07	0.03
23	23	564	63	6.97	0.03
23	24	498	41	10.57	3.17
23	25	137	32	0	3.17
23	26	75	50	4.56	0.03
23	27	762	68	0	0.03
23	28	935	72	6.09	0.03
23	29	306	36	13.16	3.17
23	30	794	68	0	0.03
23	31	602	64	6.4	0.03
23	32	180	53	9.28	0.03
23	33	449	40	9.34	3.17
23	34	250	35	0	3.17
23	35	110	51	4.56	0.03
23	36	859	50	7.31	3.17
23	37	643	45	4.51	3.17
23	38	767	48	25.15	3.17
23	39	995	74	17.24	4.74
23	40	287	36	5.67	3.17
23	41	186	33	12	3.17
23	42	158	32	12.57	3.17
23	43	680	45	0	3.17
23	44	222	34	7.61	3.17
23	45	821	49	3.03	3.17
23	46	871	50	7.31	3.17
23	47	207	34	8.94	3.17
23	48	396	38	0	3.17
23	49	390	38	0	3.17
24	0	335	37	4.81	3.17
24	1	171	33	0	3.17
24	2	623	64	8.5	0.03
24	3	60	50	10.8	0.03
24	4	956	73	0	0.03
24	5	470	40	6.06	3.17
24	6	102	31	6.49	3.17
24	7	582	43	15.8	3.17
24	8	405	39	0	3.17
24	9	93	31	1.75	3.17
24	10	110	31	4.52	3.17
24	11	173	53	5.72	0.03
24	12	240	54	11.83	0.03
24	13	225	34	9.38	3.17
24	14	724	67	0	0.03
24	15	425	39	7.16	3.17
24	16	555	62	0	0.03
24	17	774	68	0	0.03
24	18	849	70	12.18	0.03
24	19	94	51	10.8	0.03
24	20	272	35	0	3.17
24	21	892	51	12.14	3.17
24	22	336	57	32.14	0.03
24	23	564	63	0	0.03
24	24	490	41	7.92	3.17
24	25	137	32	0	3.17
24	26	86	50	10.8	0.03
24	27	762	68	0	0.03
24	28	940	72	4.76	0.03
24	29	306	36	0	3.17
24	30	801	69	6.83	0.03
24	31	609	64	7.42	0.03
24	32	194	53	13.94	0.03
24	33	447	40	2.6	3.17
24	34	250	35	0	3.17
24	35	114	51	4.15	0.03
24	36	851	50	7.88	3.17
24	37	632	44	11.09	3.17
24	38	750	47	16.94	3.17
24	39	995	62	11.16	4.74
24	40	287	36	0	3.17
24	41	186	33	0	3.17
24	42	158	32	0	3.17
24	43	674	45	6	3.17
24	44	211	34	11.21	3.17
24	45	818	49	2.72	3.17
24	46	863	50	7.88	3.17
24	47	200	33	7.87	3.17
24	48	396	38	0	3.17
24	49	387	38	2.38	3.17
25	0	329	37	5.34	3.17
25	1	171	33	0	3.17
25	2	633	64	10.21	0.03
25	3	60	50	0	0.03
25	4	962	73	5.57	0.03
25	5	465	40	4.89	3.17
25	6	94	31	8.13	3.17
25	7	564	43	18.45	3.17
25	8	405	39	0	3.17
25	9	84	30	8.13	3.17
25	10	107	31	3.08	3.17
25	11	173	53	0	0.03
25	12	260	55	19.99	0.03
25	13	219	34	6.63	3.17
25	14	724	67	0	0.03
25	15	425	39	0	3.17
25	16	558	62	2.93	0.03
25	17	778	68	3.98	0.03
25	18	869	70	20.07	0.03
25	19	94	51	0	0.03
25	20	272	35	0	3.17
25	21	890	51	2.48	3.17
25	22	363	57	27.01	0.03
25	23	570	63	6.61	0.03
25	24	486	41	4.74	3.17
25	25	134	32	2.89	3.17
25	26	86	50	0	0.03
25	27	765	68	3.4	0.03
25	28	941	72	1.23	0.03
25	29	306	36	0	3.17
25	30	804	69	2.73	0.03
25	31	613	64	3.87	0.03
25	32	209	54	14.59	0.03
25	33	442	39	4.18	3.17
25	34	246	34	4.13	3.17
25	35	114	51	0	0.03
25	36	849	50	2.48	3.17
25	37	614	44	18	3.17
25	38	732	47	17.99	3.17
25	39	995	55	7.1	4.74
25	40	283	35	3.97	3.17
25	41	186	33	0	3.17
25	42	158	32	0	3.17
25	43	659	45	14.46	3.17
25	44	204	33	6.63	3.17
25	45	809	49	8.71	3.17
25	46	860	50	2.48	3.17
25	47	197	33	2.14	3.17
25	48	393	38	3.46	3.17
25	49	378	38	9.13	3.17
26	0	323	36	6.18	3.17
26	1	164	32	6.38	3.17
26	2	634	64	1	0.03
26	3	67	50	6.98	0.03
26	4	965	73	3.01	0.03
26	5	458	40	6.87	3.17
26	6	84	30	9.81	3.17
26	7	536	42	27.91	3.17
26	8	401	38	4.09	3.17
26	9	75	30	9.81	3.17
26	10	107	31	0	3.17
26	11	179	53	5.73	0.03
26	12	280	55	20.31	0.03
26	13	215	34	3.65	3.17
26	14	732	67	7.45	0.03
26	15	420	39	5.42	3.17
26	16	558	62	0	0.03
26	17	784	68	6.55	0.03
26	18	892	71	22.81	0.03
26	19	94	51	0	0.03
26	20	272	35	0	3.17
26	21	882	51	8.05	3.17
26	22	396	58	33	0.03
26	23	571	63	1.16	0.03
26	24	473	40	13.02	3.17
26	25	127	31	6.86	3.17
26	26	90	51	4.07	0.03
26	27	770	68	4.71	0.03
26	28	948	72	6.25	0.03
26	29	298	36	7.63	3.17
26	30	812	69	8.33	0.03
26	31	622	64	8.96	0.03
26	32	233	54	23.68	0.03
26	33	435	39	7.66	3.17
26	34	246	34	0	3.17
26	35	119	51	4.47	0.03
26	36	838	50	11.03	3.17
26	37	594	43	19.66	3.17
26	38	711	46	21.16	3.17
26	39	995	54	9.08	4.74
26	40	283	35	0	3.17
26	41	177	33	8.83	3.17
26	42	154	32	3.7	3.17
26	43	654	45	5.61	3.17
26	44	202	33	2.44	3.17
26	45	803	49	6.14	3.17
26	46	857	50	3.24	3.17
26	47	197	33	0	3.17
26	48	380	38	12.94	3.17
26	49	367	38	11.36	3.17
27	0	323	36	0	3.17
27	1	164	32	0	3.17
27	2	640	64	6.03	0.03
27	3	67	50	0	0.03
27	4	972	73	6.65	0.03
27	5	451	40	7.44	3.17
27	6	82	30	2.1	3.17
27	7	503	41	33	3.17
27	8	401	38	0.44	3.17
27	9	73	30	2.1	3.17
27	10	107	31	0	3.17
27	11	188	53	9.32	0.03
27	12	301	56	21.47	0.03
27	13	212	34	3.17	3.17
27	14	744	67	12.17	0.03
27	15	420	39	0.44	3.17
27	16	560	62	2.04	0.03
27	17	790	68	5.97	0.03
27	18	919	72	26.86	0.03
27	19	94	51	0	0.03
27	20	272	35	0	3.17
27	21	866	50	15.25	3.17
27	22	426	59	30.21	0.03
27	23	573	63	1.78	0.03
27	24	467	40	5.5	3.17
27	25	127	31	0	3.17
27	26	90	51	0	0.03
27	27	779	68	8.76	0.03
27	28	954	72	6.65	0.03
27	29	298	36	0	3.17
27	30	823	69	11.57	0.03
27	31	628	64	6.03	0.03
27	32	254	55	21.93	0.03
27	33	434	39	0.44	3.17
27	34	246	34	0	3.17
27	35	125	51	6.6	0.03
27	36	820	49	17.87	3.17
27	37	572	43	22.11	3.17
27	38	686	46	25.31	3.17
27	39	995	54	16.35	3.17
27	40	283	35	0	3.17
27	41	177	33	0	3.17
27	42	153	32	0.69	3.17
27	43	646	45	7.73	3.17
27	44	202	33	0	3.17
27	45	796	48	7.23	3.17
27	46	845	50	12.05	3.17
27	47	197	33	0	3.17
27	48	375	38	4.7	3.17
27	49	349	37	18.1	3.17
28	0	313	36	9.96	3.17
28	1	164	32	0	3.17
28	2	654	65	14.43	0.03
28	3	69	50	1.92	0.03
28	4	972	73	0	0.03
28	5	451	40	0	3.17
28	6	82	30	0	3.17
28	7	503	41	0	3.17
28	8	401	38	0	3.17
28	9	73	30	0	3.17
28	10	107	31	0	3.17
28	11	207	53	18.85	0.03
28	12	332	57	30.87	0.03
28	13	208	34	4.02	3.17
28	14	746	67	1.66	0.03
28	15	420	39	0	3.17
28	16	560	62	0	0.03
28	17	790	68	0	0.03
28	18	919	72	0	0.03
28	19	94	51	0	0.03
28	20	263	35	9.87	3.17
28	21	852	50	14.19	3.17
28	22	459	60	33	0.03
28	23	581	63	7.83	0.03
28	24	467	40	0	3.17
28	25	117	31	9.58	3.17
28	26	90	51	0	0.03
28	27	780	68	1.66	0.03
28	28	954	72	0	0.03
28	29	298	36	0	3.17
28	30	838	70	14.69	0.03
28	31	641	65	13.12	0.03
28	32	286	55	31.29	0.03
28	33	434	39	0	3.17
28	34	245	34	0.7	3.17
28	35	141	52	16.02	0.03
28	36	807	49	12.5	3.17
28	37	552	42	20.44	3.17
28	38	675	45	10.25	3.17
28	39	970	53	25.01	3.17
28	40	278	35	4.85	3.17
28	41	176	33	0.52	3.17
28	42	144	32	9.86	3.17
28	43	636	44	10.25	3.17
28	44	202	33	0	3.17
28	45	787	48	9.15	3.17
28	46	831	49	14.19	3.17
28	47	197	33	0	3.17
28	48	369	38	6.05	3.17
28	49	339	37	9.96	3.17
29	0	312	36	1.37	3.17
29	1	164	32	0	3.17
29	2	670	65	15.17	0.03
29	3	75	50	5.76	0.03
29	4	981	73	8.82	0.03
29	5	444	40	7.05	3.17
29	6	81	30	0.5	3.17
29	7	503	41	0.14	3.17
29	8	401	38	0	3.17
29	9	72	30	0.5	3.17
29	10	107	31	0	3.17
29	11	234	54	26.88	0.03
29	12	365	58	33	0.03
29	13	208	34	0	3.17
29	14	750	67	4.82	0.03
29	15	420	39	0	3.17
29	16	563	63	2.31	0.03
29	17	796	68	5.47	0.03
29	18	919	72	0	0.03
29	19	103	51	8.65	0.03
29	20	257	35	5.2	3.17
29	21	836	49	15.87	3.17
29	22	492	61	33	0.03
29	23	590	63	8.98	0.03
29	24	462	40	5.01	3.17
29	25	117	31	0	3.17
29	26	90	51	0	0.03
29	27	786	68	5.47	0.03
29	28	954	72	0	0.03
29	29	297	36	1.37	3.17
29	30	858	70	19.52	0.03
29	31	652	65	11.32	0.03
29	32	319	56	33	0.03
29	33	430	39	4.24	3.17
29	34	240	34	5.2	3.17
29	35	150	52	9.08	0.03
29	36	798	48	9.76	3.17
29	37	552	42	0.14	3.17
29	38	659	45	16.04	3.17
29	39	938	52	32.14	3.17
29	40	273	35	5.2	3.17
29	41	176	33	0.84	3.17
29	42	144	32	0	3.17
29	43	619	44	16.79	3.17
29	44	202	33	0	3.17
29	45	777	48	9.76	3.17
29	46	815	49	15.87	3.17
29	47	189	33	8.18	3.17
29	48	369	38	0	3.17
29	49	337	37	1.37	3.17
30	0	312	36	0	3.17
30	1	162	32	2.21	3.17
30	2	691	66	20.99	0.03
30	3	75	50	0	0.03
30	4	991	73	10.12	0.03
30	5	443	39	0.4	3.17
30	6	72	30	9.41	3.17
30	7	497	41	5.62	3.17
30	8	401	38	0	3.17
30	9	63	30	9.41	3.17
30	10	103	31	4.89	3.17
30	11	267	55	33	0.03
30	12	398	58	33	0.03
30	13	208	34	0	3.17
30	14	750	67	0	0.03
30	15	420	39	0	3.17
30	16	570	63	7.34	0.03
30	17	799	69	3.12	0.03
30	18	927	72	8.65	0.03
30	19	103	51	0	0.03
30	20	251	35	6.12	3.17
30	21	836	49	0	3.17
30	22	525	62	33	0.03
30	23	599	63	8.91	0.03
30	24	462	40	0.4	3.17
30	25	117	31	0	3.17
30	26	93	51	3.1	0.03
30	27	789	68	3.12	0.03
30	28	955	73	0.86	0.03
30	29	290	36	7.27	3.17
30	30	881	71	22.93	0.03
30	31	662	65	10.08	0.03
30	32	352	57	33	0.03
30	33	430	39	0.4	3.17
30	34	236	34	4.34	3.17
30	35	158	52	7.88	0.03
30	36	798	48	0	3.17
30	37	542	42	10.07	3.17
30	38	641	45	18.05	3.17
30	39	909	51	28.67	3.17
30	40	269	35	4.36	3.17
30	41	170	33	5.5	3.17
30	42	142	32	1.18	3.17
30	43	607	44	12.29	3.17
30	44	202	33	0	3.17
30	45	777	48	0	3.17
30	46	815	49	0	3.17
30	47	184	33	5.5	3.17
30	48	365	38	3.75	3.17
30	49	337	37	0	3.17
31	0	304	36	7.67	3.17
31	1	162	32	0	3.17
31	2	708	66	16.97	0.03
31	3	75	50	0	0.03
31	4	995	74	14.72	0.03
31	5	443	39	0.36	3.17
31	6	72	30	0.28	3.17
31	7	488	41	9.41	3.17
31	8	401	38	0	3.17
31	9	51	30	11.52	3.17
31	10	96	31	6.26	3.17
31	11	300	56	33	0.03
31	12	431	59	33	0.03
31	13	208	34	0	3.17
31	14	760	68	9.9	0.03
31	15	420	39	0	3.17
31	16	583	63	12.9	0.03
31	17	805	69	6.62	0.03
31	18	942	72	14.47	0.03
31	19	113	51	9.89	0.03
31	20	244	34	7.33	3.17
31	21	833	49	3.15	3.17
31	22	538	62	12.9	0.03
31	23	616	64	17.43	0.03
31	24	458	40	3.5	3.17
31	25	112	31	5.03	3.17
31	26	103	51	9.89	0.03
31	27	793	68	4.25	0.03
31	28	965	73	10.1	0.03
31	29	283	35	6.29	3.17
31	30	895	71	14.47	0.03
31	31	680	66	17.57	0.03
31	32	385	58	33	0.03
31	33	430	39	0	3.17
31	34	230	34	5.79	3.17
31	35	173	53	14.52	0.03
31	36	789	48	8.81	3.17
31	37	530	42	11.49	3.17
31	38	629	44	12.42	3.17
31	39	876	50	33	3.17
31	40	263	35	6.29	3.17
31	41	170	33	0	3.17
31	42	134	32	8.8	3.17
31	43	594	43	12.42	3.17
31	44	198	33	3.6	3.17
31	45	770	48	7.2	3.17
31	46	815	49	0	3.17
31	47	184	33	0	3.17
31	48	365	38	0	3.17
31	49	337	37	0	3.17
32	0	301	36	2.79	3.17
32	1	155	32	7.41	3.17
32	2	734	67	26.61	0.03
32	3	75	50	0	0.03
32	4	995	74	18.61	4.74
32	5	441	39	1.91	3.17
32	6	63	30	8.3	3.17
32	7	481	40	7.1	3.17
32	8	399	38	2.39	3.17
32	9	50	30	6.49	3.17
32	10	82	30	13.92	3.17
32	11	333	57	33	0.03
32	12	464	60	33	0.03
32	13	207	34	0.4	3.17
32	14	777	68	16.58	0.03
32	15	420	39	0	3.17
32	16	601	64	18.05	0.03
32	17	818	69	12.76	0.03
32	18	962	73	20.05	0.03
32	19	122	51	9.61	0.03
32	20	232	34	12.33	3.17
32	21	826	49	7.14	3.17
32	22	558	62	19.8	0.03
32	23	633	64	16.96	0.03
32	24	456	40	1.91	3.17
32	25	99	31	13.32	3.17
32	26	112	51	9.61	0.03
32	27	796	68	2.48	0.03
32	28	983	73	17.7	0.03
32	29	281	35	2.79	3.17
32	30	901	71	6.4	0.03
32	31	698	66	18.43	0.03
32	32	411	59	26.4	0.03
32	33	430	39	0	3.17
32	34	219	34	10.77	3.17
32	35	194	53	21.59	0.03
32	36	781	48	8.31	3.17
32	37	510	41	20.11	3.17
32	38	610	44	19.11	3.17
32	39	869	50	7.14	3.17
32	40	263	35	0	3.17
32	41	163	32	7.41	3.17
32	42	128	31	5.35	3.17
32	43	579	43	15.53	3.17
32	44	198	33	0	3.17
32	45	763	48	7.27	3.17
32	46	809	49	6.38	3.17
32	47	184	33	0	3.17
32	48	364	37	1.69	3.17
32	49	337	37	0	3.17
33	0	301	36	0	3.17
33	1	149	32	6.24	3.17
33	2	746	67	11.44	0.03
33	3	75	50	0	0.03
33	4	995	56	17.73	4.74
33	5	441	39	0	3.17
33	6	59	30	4.29	3.17
33	7	470	40	11.01	3.17
33	8	393	38	5.18	3.17
33	9	50	34	4.29	1.6
33	10	76	30	6.12	3.17
33	11	366	58	33	0.03
33	12	497	61	33	0.03
33	13	207	34	0	3.17
33	14	788	68	11.44	0.03
33	15	411	39	8.26	3.17
33	16	621	64	19.7	0.03
33	17	831	69	12.67	0.03
33	18	981	73	19.49	0.03
33	19	127	51	5.15	0.03
33	20	227	34	5.02	3.17
33	21	823	49	2.53	3.17
33	22	568	63	10.5	0.03
33	23	652	65	18.48	0.03
33	24	456	40	0	3.17
33	25	88	30	10.9	3.17
33	26	120	51	7.5	0.03
33	27	807	69	11.44	0.03
33	28	995	74	19.49	0.03
33	29	281	35	0	3.17
33	30	906	71	5.11	0.03
33	31	710	66	11.44	0.03
33	32	443	59	31.55	0.03
33	33	427	39	2.32	3.17
33	34	219	34	0	3.17
33	35	218	54	24.04	0.03
33	36	774	48	6.53	3.17
33	37	497	41	13.36	3.17
33	38	591	43	18.35	3.17
33	39	860	50	9.31	3.17
33	40	263	35	0	3.17
33	41	156	32	6.24	3.17
33	42	114	31	14.69	3.17
33	43	567	43	11.85	3.17
33	44	198	33	0	3.17
33	45	763	48	0	3.17
33	46	806	49	2.94	3.17
33	47	180	33	3.66	3.17
33	48	354	37	9.15	3.17
33	49	337	37	0	3.17
34	0	294	36	7.45	3.17
34	1	149	32	0	3.17
34	2	762	68	15.97	0.03
34	3	75	50	0	0.03
34	4	995	54	13.48	4.74
34	5	435	39	6.36	3.17
34	6	50	30	10.92	3.17
34	7	462	40	7.59	3.17
34	8	381	38	12.67	3.17
34	9	50	39	5	1.6
34	10	76	30	0	3.17
34	11	399	58	33	0.03
34	12	523	62	25.98	0.03
34	13	207	34	0	3.17
34	14	802	69	13.27	0.03
34	15	406	39	4.78	3.17
34	16	631	64	10.09	0.03
34	17	845	70	14.33	0.03
34	18	995	74	17.91	0.03
34	19	127	51	0	0.03
34	20	223	34	3.86	3.17
34	21	821	49	2.71	3.17
34	22	581	63	12.28	0.03
34	23	670	65	18.13	0.03
34	24	449	40	7.59	3.17
34	25	86	30	2.52	3.17
34	26	120	51	0	0.03
34	27	819	69	12.02	0.03
34	28	995	74	25.85	4.74
34	29	281	35	0	3.17
34	30	917	72	10.19	0.03
34	31	714	66	3.8	0.03
34	32	476	60	33	0.03
34	33	422	39	5.23	3.17
34	34	215	34	3.86	3.17
34	35	236	54	17.7	0.03
34	36	767	48	7.37	3.17
34	37	492	41	4.67	3.17
34	38	576	43	15.43	3.17
34	39	847	50	12.44	3.17
34	40	253	35	9.2	3.17
34	41	156	32	0	3.17
34	42	111	31	2.52	3.17
34	43	551	42	15.43	3.17
34	44	192	33	5.95	3.17
34	45	756	47	6.28	3.17
34	46	801	49	5.15	3.17
34	47	180	33	0	3.17
34	48	345	37	8.93	3.17
34	49	328	37	8.93	3.17
35	0	294	36	0	3.17
35	1	143	32	5.56	3.17
35	2	787	68	25.19	0.03
35	3	75	50	0	0.03
35	4	995	54	14.31	3.17
35	5	435	39	0	3.17
35	6	50	41	11.54	1.6
35	7	461	40	0.83	3.17
35	8	370	38	10.68	3.17
35	9	50	50	11.54	1.6
35	10	72	30	3.74	3.17
35	11	428	59	28.85	0.03
35	12	556	62	33	0.03
35	13	204	33	3.33	3.17
35	14	820	69	18.95	0.03
35	15	397	38	9.33	3.17
35	16	639	64	8.02	0.03
35	17	863	70	17.68	0.03
35	18	995	74	12.94	4.74
35	19	128	51	0.75	0.03
35	20	223	34	0	3.17
35	21	809	49	11.39	3.17
35	22	601	64	20.05	0.03
35	23	690	66	20.43	0.03
35	24	449	40	0	3.17
35	25	82	30	3.74	3.17
35	26	120	51	0	0.03
35	27	839	70	19.86	0.03
35	28	995	59	14.31	4.74
35	29	281	35	0	3.17
35	30	933	72	15.88	0.03
35	31	715	66	1.02	0.03
35	32	509	61	33	0.03
35	33	422	39	0	3.17
35	34	212	34	3.76	3.17
35	35	247	55	10.89	0.03
35	36	767	48	0	3.17
35	37	486	41	6.13	3.17
35	38	559	42	16.59	3.17
35	39	836	49	11.39	3.17
35	40	253	35	0	3.17
35	41	155	32	1.19	3.17
35	42	102	31	8.69	3.17
35	43	530	42	21.21	3.17
35	44	186	33	6.82	3.17
35	45	756	47	0	3.17
35	46	793	48	7.49	3.17
35	47	173	33	6.82	3.17
35	48	330	37	15.77	3.17
35	49	313	36	15.77	3.17
36	0	294	36	0	3.17
36	1	128	31	14.51	3.17
36	2	803	69	16.68	0.03
36	3	75	50	0	0.03
36	4	979	53	16.42	3.17
36	5	435	39	0	3.17
36	6	50	50	12.55	1.6
36	7	458	40	3.47	3.17
36	8	365	38	4.76	3.17
36	9	50	50	17.64	0.03
36	10	70	30	2.7	3.17
36	11	454	60	26.69	0.03
36	12	570	63	13.52	0.03
36	13	200	33	3.75	3.17
36	14	837	70	16.68	0.03
36	15	394	38	3.22	3.17
36	16	641	65	1.7	0.03
36	17	881	71	18.06	0.03
36	18	995	68	5.95	4.74
36	19	133	52	5.18	0.03
36	20	221	34	1.65	3.17
36	21	805	49	4.36	3.17
36	22	614	64	13.52	0.03
36	23	697	66	6.89	0.03
36	24	448	40	0.81	3.17
36	25	79	30	2.7	3.17
36	26	126	51	5.96	0.03
36	27	857	70	18.06	0.03
36	28	995	54	20.86	4.74
36	29	276	35	4.45	3.17
36	30	953	72	20.65	0.03
36	31	721	67	6.89	0.03
36	32	522	62	13.52	0.03
36	33	415	39	7.49	3.17
36	34	212	34	0	3.17
36	35	257	55	10.2	0.03
36	36	762	48	4.36	3.17
36	37	484	41	2.15	3.17
36	38	535	42	23.94	3.17
36	39	832	49	4.36	3.17
36	40	253	35	0	3.17
36	41	155	32	0	3.17
36	42	93	31	9.74	3.17
36	43	509	41	21.41	3.17
36	44	181	33	4.17	3.17
36	45	752	47	3.86	3.17
36	46	789	48	4.36	3.17
36	47	169	33	4.17	3.17
36	48	330	37	0	3.17
36	49	313	36	0	3.17
37	0	294	36	0	3.17
37	1	125	31	3.4	3.17
37	2	829	69	25.88	0.03
37	3	83	50	7.59	0.03
37	4	957	53	21.71	3.17
37	5	435	39	0	3.17
37	6	50	50	14.09	0.03
37	7	457	40	0.34	3.17
37	8	357	37	8.6	3.17
37	9	57	50	7.59	0.03
37	10	61	30	8.94	3.17
37	11	476	60	21.38	0.03
37	12	580	63	10.02	0.03
37	13	200	33	0	3.17
37	14	859	70	21.95	0.03
37	15	381	38	12.47	3.17
37	16	649	65	8.62	0.03
37	17	903	71	21.98	0.03
37	18	995	68	0	4.74
37	19	144	52	10.15	0.03
37	20	221	34	0.2	3.17
37	21	799	49	6.08	3.17
37	22	623	64	8.62	0.03
37	23	714	66	16.53	0.03
37	24	448	40	0.34	3.17
37	25	76	30	3.4	3.17
37	26	127	51	1.47	0.03
37	27	879	71	21.98	0.03
37	28	995	54	23.33	3.17
37	29	270	35	5.6	3.17
37	30	981	73	27.78	0.03
37	31	731	67	9.85	0.03
37	32	538	62	15.61	0.03
37	33	401	38	13.83	3.17
37	34	211	34	0.89	3.17
37	35	276	55	18.71	0.03
37	36	762	48	0	3.17
37	37	480	40	3.61	3.17
37	38	532	42	3.61	3.17
37	39	820	49	11.92	3.17
37	40	247	35	6.15	3.17
37	41	155	32	0	3.17
37	42	89	31	3.4	3.17
37	43	505	41	3.61	3.17
37	44	176	33	5.57	3.17
37	45	741	47	11.4	3.17
37	46	785	48	3.55	3.17
37	47	165	32	4.17	3.17
37	48	330	37	0	3.17
37	49	313	36	0	3.17
38	0	292	36	1.57	3.17
38	1	118	31	7.2	3.17
38	2	854	70	24.23	0.03
38	3	98	51	15.36	0.03
38	4	943	52	14.24	3.17
38	5	427	39	8.13	3.17
38	6	53	50	3.15	0.03
38	7	457	40	0	3.17
38	8	356	37	0.86	3.17
38	9	60	50	3.15	0.03
38	10	50	30	16.2	3.17
38	11	496	61	20.34	0.03
38	12	592	63	11.89	0.03
38	13	197	33	3.75	3.17
38	14	879	71	19.67	0.03
38	15	370	38	11.05	3.17
38	16	661	65	12.29	0.03
38	17	922	72	18.89	0.03
38	18	995	64	3.43	4.74
38	19	162	52	18.36	0.03
38	20	220	34	0.94	3.17
38	21	791	48	7.85	3.17
38	22	641	65	18.52	0.03
38	23	725	67	11.18	0.03
38	24	440	39	7.48	3.17
38	25	64	30	11.35	3.17
38	26	134	52	6.17	0.03
38	27	899	71	19.67	0.03
38	28	981	53	14.24	3.17
38	29	270	35	0	3.17
38	30	995	74	33	0.03
38	31	742	67	11.18	0.03
38	32	551	62	12.94	0.03
38	33	390	38	11.05	3.17
38	34	208	34	2.27	3.17
38	35	295	56	18.88	0.03
38	36	760	48	2.74	3.17
38	37	472	40	7.75	3.17
38	38	522	41	10.15	3.17
38	39	812	49	7.85	3.17
38	40	247	35	0	3.17
38	41	153	32	2.26	3.17
38	42	80	30	8.93	3.17
38	43	497	41	8.23	3.17
38	44	174	33	2.26	3.17
38	45	726	47	15.22	3.17
38	46	780	48	5.19	3.17
38	47	163	32	2.26	3.17
38	48	320	36	9.53	3.17
38	49	310	36	2.66	3.17
39	0	292	36	0	3.17
39	1	106	31	12.26	3.17
39	2	863	70	9.43	0.03
39	3	113	51	15.58	0.03
39	4	923	52	19.63	3.17
39	5	424	39	2.45	3.17
39	6	53	50	0	0.03
39	7	451	40	5.96	3.17
39	8	356	37	0	3.17
39	9	65	50	5.03	0.03
39	10	50	46	16.52	1.6
39	11	520	61	23.91	0.03
39	12	603	64	11.55	0.03
39	13	197	33	0	3.17
39	14	888	71	9.43	0.03
39	15	370	38	0	3.17
39	16	667	65	5.83	0.03
39	17	931	72	9.43	0.03
39	18	995	57	7.42	4.74
39	19	182	53	19.85	0.03
39	20	215	34	5.27	3.17
39	21	783	48	7.95	3.17
39	22	652	65	10.49	0.03
39	23	729	67	4.16	0.03
39	24	438	39	2.45	3.17
39	25	50	30	14.05	3.17
39	26	134	52	0.05	0.03
39	27	908	71	9.43	0.03
39	28	961	53	19.83	3.17
39	29	267	35	3.18	3.17
39	30	995	74	33	4.74
39	31	747	67	4.16	0.03
39	32	557	62	6.39	0.03
39	33	390	38	0	3.17
39	34	208	34	0.07	3.17
39	35	321	56	26	0.03
39	36	756	47	3.55	3.17
39	37	465	40	6.93	3.17
39	38	520	41	1.34	3.17
39	39	804	49	8.03	3.17
39	40	247	35	0	3.17
39	41	147	32	5.96	3.17
39	42	71	30	9.39	3.17
39	43	482	40	15.11	3.17
39	44	170	33	3.41	3.17
39	45	718	46	8.13	3.17
39	46	772	48	7.95	3.17
39	47	156	32	6.77	3.17
39	48	313	36	7.09	3.17
39	49	303	36	7.09	3.17
40	0	292	36	0	3.17
40	1	95	31	10.93	3.17
40	2	866	70	2.66	0.03
40	3	121	51	8.03	0.03
40	4	906	51	17.13	3.17
40	5	419	39	5.75	3.17
40	6	58	50	5.39	0.03
40	7	443	39	8.52	3.17
40	8	355	37	0.42	3.17
40	9	77	50	11.73	0.03
40	10	50	50	10.09	1.6
40	11	527	62	7.17	0.03
40	12	610	64	7.04	0.03
40	13	195	33	1.91	3.17
40	14	898	71	10.01	0.03
40	15	369	38	1.51	3.17
40	16	674	65	6.62	0.03
40	17	944	72	12.74	0.03
40	18	995	54	10.34	4.74
40	19	199	53	17.05	0.03
40	20	215	34	0	3.17
40	21	783	48	0	3.17
40	22	663	65	10.98	0.03
40	23	742	67	12.73	0.03
40	24	434	39	3.92	3.17
40	25	50	30	20.07	3.17
40	26	142	52	8.03	0.03
40	27	921	72	13.24	0.03
40	28	937	52	24.27	3.17
40	29	267	35	0	3.17
40	30	995	63	10.34	4.74
40	31	759	68	11.97	0.03
40	32	564	63	7.17	0.03
40	33	390	38	0	3.17
40	34	208	34	0	3.17
40	35	348	57	26.92	0.03
40	36	756	47	0	3.17
40	37	457	40	8.52	3.17
40	38	514	41	6.07	3.17
40	39	804	49	0	3.17
40	40	247	35	0.49	3.17
40	41	133	32	13.63	3.17
40	42	56	30	15.02	3.17
40	43	473	40	8.52	3.17
40	44	157	32	12.77	3.17
40	45	707	46	10.91	3.17
40	46	772	48	0	3.17
40	47	142	32	13.63	3.17
40	48	313	36	0	3.17
40	49	303	36	0	3.17
41	0	292	36	0	3.17
41	1	78	30	16.78	3.17
41	2	874	70	7.98	0.03
41	3	124	51	2.08	0.03
41	4	889	51	17.32	3.17
41	5	409	39	9.48	3.17
41	6	66	50	8.34	0.03
41	7	438	39	5.13	3.17
41	8	353	37	2.18	3.17
41	9	82	50	5.1	0.03
41	10	50	50	2.59	0.03
41	11	538	62	11.35	0.03
41	12	622	64	11.47	0.03
41	13	191	33	3.25	3.17
41	14	915	71	16.99	0.03
41	15	367	38	2.18	3.17
41	16	681	66	7.37	0.03
41	17	957	73	13.46	0.03
41	18	995	54	1.43	3.17
41	19	217	54	17.94	0.03
41	20	214	34	1.16	3.17
41	21	776	48	6.8	3.17
41	22	670	65	7.37	0.03
41	23	747	67	5.1	0.03
41	24	429	39	5.13	3.17
41	25	50	32	2.59	1.6
41	26	158	52	16.35	0.03
41	27	935	72	13.46	0.03
41	28	919	52	17.32	3.17
41	29	258	35	9.03	3.17
41	30	995	62	1.43	4.74
41	31	765	68	6.46	0.03
41	32	574	63	10	0.03
41	33	385	38	4.21	3.17
41	34	204	33	4.52	3.17
41	35	374	58	26.76	0.03
41	36	754	47	2.43	3.17
41	37	452	40	5.13	3.17
41	38	514	41	0	3.17
41	39	796	48	7.95	3.17
41	40	239	34	8.27	3.17
41	41	129	32	4.46	3.17
41	42	50	30	12.11	3.17
41	43	468	40	5.13	3.17
41	44	149	32	8.22	3.17
41	45	690	46	16.82	3.17
41	46	766	48	6.17	3.17
41	47	138	32	4.46	3.17
41	48	308	36	5.38	3.17
41	49	299	36	3.99	3.17
42	0	289	36	3.35	3.17
42	1	65	30	12.88	3.17
42	2	876	70	2.07	0.03
42	3	130	52	6.75	0.03
42	4	870	50	18.46	3.17
42	5	407	39	1.72	3.17
42	6	66	50	0	0.03
42	7	429	39	8.67	3.17
42	8	353	37	0.15	3.17
42	9	95	51	12.95	0.03
42	10	50	50	0	0.03
42	11	555	62	16.17	0.03
42	12	627	64	4.93	0.03
42	13	180	33	11.85	3.17
42	14	926	72	10.38	0.03
42	15	362	37	4.52	3.17
42	16	694	66	13.04	0.03
42	17	976	73	18.82	0.03
42	18	985	53	9.77	3.17
42	19	242	54	25.68	0.03
42	20	210	34	3.38	3.17
42	21	770	48	6.2	3.17
42	22	670	65	0	0.03
42	23	747	67	0	0.03
42	24	420	39	8.54	3.17
42	25	50	35	3.3	1.6
42	26	168	53	10.18	0.03
42	27	949	72	14.64	0.03
42	28	904	51	15.24	3.17
42	29	247	35	10.88	3.17
42	30	995	55	6.66	4.74
42	31	765	68	0	0.03
42	32	578	63	3.51	0.03
42	33	375	38	10.75	3.17
42	34	204	33	0	3.17
42	35	404	58	29.28	0.03
42	36	752	47	1.41	3.17
42	37	442	39	9.44	3.17
42	38	509	41	5.05	3.17
42	39	783	48	12.46	3.17
42	40	228	34	10.88	3.17
42	41	115	31	13.81	3.17
42	42	50	33	3.3	1.6
42	43	467	40	1.44	3.17
42	44	141	32	7.8	3.17
42	45	675	45	15.35	3.17
42	46	760	48	6.2	3.17
42	47	128	31	9.61	3.17
42	48	308	36	0	3.17
42	49	299	36	0	3.17
43	0	283	35	6.42	3.17
43	1	50	30	19.46	3.17
43	2	883	71	7.07	0.03
43	3	142	52	11.46	0.03
43	4	851	50	19.19	3.17
43	5	396	38	10.93	3.17
43	6	74	50	7.37	0.03
43	7	429	39	0	3.17
43	8	350	37	3.44	3.17
43	9	114	51	19.3	0.03
43	10	50	50	0	0.03
43	11	569	63	14.78	0.03
43	12	641	65	14.12	0.03
43	13	173	33	6.96	3.17
43	14	938	72	12.49	0.03
43	15	362	37	0.39	3.17
43	16	717	66	22.68	0.03
43	17	985	73	9.02	0.03
43	18	972	53	13.11	3.17
43	19	275	55	33	0.03
43	20	209	34	1.04	3.17
43	21	770	48	0	3.17
43	22	670	65	0	0.03
43	23	747	67	0	0.03
43	24	409	39	10.93	3.17
43	25	50	38	2.43	1.6
43	26	187	53	18.97	0.03
43	27	967	73	17.86	0.03
43	28	889	51	15.02	3.17
43	29	246	34	1.04	3.17
43	30	995	54	11.21	4.74
43	31	765	68	0.11	0.03
43	32	587	63	8.83	0.03
43	33	370	38	5.05	3.17
43	34	198	33	5.5	3.17
43	35	425	59	21.51	0.03
43	36	752	47	0	3.17
43	37	442	39	0	3.17
43	38	500	41	9.47	3.17
43	39	783	48	0	3.17
43	40	227	34	1.04	3.17
43	41	97	31	17.67	3.17
43	42	50	35	2.43	1.6
43	43	467	40	0	3.17
43	44	134	32	6.93	3.17
43	45	658	45	17.11	3.17
43	46	760	48	0	3.17
43	47	116	31	12.5	3.17
43	48	308	36	0	3.17
43	49	299	36	0	3.17
44	0	268	35	14.96	3.17
44	1	50	36	6.2	1.6
44	2	894	71	11.64	0.03
44	3	158	52	16.53	0.03
44	4	825	49	25.97	3.17
44	5	396	38	0	3.17
44	6	84	50	9.9	0.03
44	7	425	39	4.21	3.17
44	8	350	37	0	3.17
44	9	136	52	21.74	0.03
44	10	50	50	0	0.03
44	11	585	63	15.92	0.03
44	12	641	65	0	0.03
44	13	163	32	9.33	3.17
44	14	948	72	9.63	0.03
44	15	362	37	0	3.17
44	16	717	66	0	0.03
44	17	995	74	12.82	0.03
44	18	953	52	19.3	3.17
44	19	308	56	33	0.03
44	20	205	33	4.15	3.17
44	21	770	48	0	3.17
44	22	670	65	0	0.03
44	23	747	67	0	0.03
44	24	409	39	0	3.17
44	25	50	44	6.2	1.6
44	26	214	54	27.01	0.03
44	27	980	73	12.82	0.03
44	28	870	50	18.9	3.17
44	29	246	34	0	3.17
44	30	995	54	11.28	3.17
44	31	775	68	9.52	0.03
44	32	602	64	15.92	0.03
44	33	370	38	0	3.17
44	34	191	33	7.11	3.17
44	35	446	60	20.64	0.03
44	36	752	47	0	3.17
44	37	442	39	0	3.17
44	38	480	40	19.45	3.17
44	39	783	48	0	3.17
44	40	221	34	5.47	3.17
44	41	84	30	13.67	3.17
44	42	50	41	6.2	1.6
44	43	458	40	9.11	3.17
44	44	129	32	5.48	3.17
44	45	631	44	26.58	3.17
44	46	760	48	0	3.17
44	47	110	31	5.48	3.17
44	48	303	36	4.27	3.17
44	49	295	36	4.27	3.17
45	0	264	35	3.98	3.17
45	1	50	36	0	1.6
45	2	913	71	18.4	0.03
45	3	184	53	26.19	0.03
45	4	825	49	0	3.17
45	5	396	38	0	3.17
45	6	94	51	10.02	0.03
45	7	415	39	9.88	3.17
45	8	341	37	8.38	3.17
45	9	160	52	24.09	0.03
45	10	50	50	0.21	0.03
45	11	600	63	14.41	0.03
45	12	646	65	5	0.03
45	13	149	32	14.66	3.17
45	14	966	73	18.59	0.03
45	15	359	37	2.93	3.17
45	16	717	66	0	0.03
45	17	995	74	14.41	4.74
45	18	929	52	23.87	3.17
45	19	341	57	33	0.03
45	20	201	33	4.25	3.17
45	21	770	48	0	3.17
45	22	670	65	0	0.03
45	23	755	67	8.13	0.03
45	24	403	38	5.77	3.17
45	25	50	50	5.59	1.6
45	26	247	55	33	0.03
45	27	994	73	14.41	0.03
45	28	856	50	14.59	3.17
45	29	242	34	3.98	3.17
45	30	984	53	11.22	3.17
45	31	775	68	0	0.03
45	32	624	64	21.46	0.03
45	33	367	38	2.93	3.17
45	34	177	33	13.87	3.17
45	35	464	60	18.23	0.03
45	36	752	47	0	3.17
45	37	442	39	0	3.17
45	38	469	40	11.11	3.17
45	39	783	48	0	3.17
45	40	220	34	0.91	3.17
45	41	79	30	4.81	3.17
45	42	50	47	5.59	1.6
45	43	458	40	0	3.17
45	44	122	31	6.98	3.17
45	45	598	43	33	3.17
45	46	760	48	0	3.17
45	47	98	31	11.94	3.17
45	48	296	36	7.86	3.17
45	49	287	36	7.86	3.17
46	0	264	35	0	3.17
46	1	50	36	0	1.6
46	2	936	72	23.06	0.03
46	3	217	54	33	0.03
46	4	823	49	2.43	3.17
46	5	394	38	2.62	3.17
46	6	102	51	8.78	0.03
46	7	414	39	1.17	3.17
46	8	323	36	17.77	3.17
46	9	187	53	26.47	0.03
46	10	50	50	0	0.03
46	11	600	63	0	0.03
46	12	646	65	0	0.03
46	13	134	32	14.66	3.17
46	14	985	73	18.84	0.03
46	15	349	37	9.62	3.17
46	16	719	67	2.33	0.03
46	17	995	56	17.91	4.74
46	18	915	51	14.22	3.17
46	19	374	58	33	0.03
46	20	193	33	8.13	3.17
46	21	770	48	0.27	3.17
46	22	670	65	0	0.03
46	23	764	68	9.04	0.03
46	24	402	38	1.17	3.17
46	25	50	50	5.69	0.03
46	26	280	55	33	0.03
46	27	995	74	18.84	0.03
46	28	849	50	6.19	3.17
46	29	232	34	10.45	3.17
46	30	976	53	7.75	3.17
46	31	784	68	9.04	0.03
46	32	624	64	0	0.03
46	33	357	37	9.62	3.17
46	34	160	32	17.83	3.17
46	35	487	61	22.93	0.03
46	36	752	47	0	3.17
46	37	434	39	8.65	3.17
46	38	467	40	2.36	3.17
46	39	780	48	2.94	3.17
46	40	214	34	6.17	3.17
46	41	68	30	11.23	3.17
46	42	50	47	0	1.6
46	43	455	40	2.36	3.17
46	44	113	31	8.89	3.17
46	45	565	43	33	3.17
46	46	759	48	0.27	3.17
46	47	87	30	11.23	3.17
46	48	290	36	5.78	3.17
46	49	281	35	5.78	3.17
47	0	254	35	9.57	3.17
47	1	50	36	0	1.6
47	2	945	72	9.11	0.03
47	3	244	54	26.27	0.03
47	4	820	49	3	3.17
47	5	394	38	0	3.17
47	6	121	51	18.69	0.03
47	7	414	39	0	3.17
47	8	323	36	0	3.17
47	9	205	53	18.54	0.03
47	10	53	50	3.25	0.03
47	11	606	64	6.54	0.03
47	12	646	65	0	0.03
47	13	134	32	0	3.17
47	14	994	73	9.11	0.03
47	15	349	37	0	3.17
47	16	726	67	6.59	0.03
47	17	995	54	11.21	4.74
47	18	892	51	23.13	3.17
47	19	398	58	23.31	0.03
47	20	193	33	0	3.17
47	21	766	48	3.42	3.17
47	22	670	65	0	0.03
47	23	775	68	11.28	0.03
47	24	402	38	0	3.17
47	25	53	50	3.25	0.03
47	26	313	56	33	0.03
47	27	995	74	12.51	4.74
47	28	841	50	8.69	3.17
47	29	223	34	8.93	3.17
47	30	970	53	6.18	3.17
47	31	787	68	3.13	0.03
47	32	624	64	0	0.03
47	33	357	37	0	3.17
47	34	160	32	0	3.17
47	35	518	61	31.04	0.03
47	36	749	47	3.42	3.17
47	37	427	39	6.63	3.17
47	38	467	40	0	3.17
47	39	777	48	3.42	3.17
47	40	205	33	8.93	3.17
47	41	66	30	1.53	3.17
47	42	50	47	0	1.6
47	43	450	40	5.36	3.17
47	44	113	31	0	3.17
47	45	535	42	30.04	3.17
47	46	756	47	3.42	3.17
47	47	86	30	1.53	3.17
47	48	290	36	0	3.17
47	49	281	35	0	3.17
48	0	252	35	2.55	3.17
48	1	50	36	0	1.6
48	2	963	73	17.99	0.03
48	3	276	55	32.12	0.03
48	4	807	49	12.69	3.17
48	5	386	38	7.41	3.17
48	6	147	52	25.94	0.03
48	7	414	39	0	3.17
48	8	319	36	4.55	3.17
48	9	232	54	26.38	0.03
48	10	53	50	0	0.03
48	11	606	64	0	0.03
48	12	646	65	0	0.03
48	13	134	32	0	3.17
48	14	995	74	6.82	0.03
48	15	341	37	8	3.17
48	16	726	67	0.37	0.03
48	17	995	54	15.15	3.17
48	18	876	50	15.47	3.17
48	19	414	59	16.36	0.03
48	20	193	33	0	3.17
48	21	766	48	0	3.17
48	22	674	65	3.36	0.03
48	23	785	68	9.43	0.03
48	24	402	38	0	3.17
48	25	53	50	0	0.03
48	26	346	57	33	0.03
48	27	995	62	11.82	4.74
48	28	839	50	1.46	3.17
48	29	223	34	0	3.17
48	30	957	53	12.98	3.17
48	31	796	68	9.43	0.03
48	32	628	64	4.44	0.03
48	33	349	37	8	3.17
48	34	152	32	7.57	3.17
48	35	551	62	33	0.03
48	36	737	47	12.03	3.17
48	37	427	39	0	3.17
48	38	466	40	1.28	3.17
48	39	777	48	0	3.17
48	40	205	33	0	3.17
48	41	63	30	2.96	3.17
48	42	50	47	0	1.6
48	43	450	40	0	3.17
48	44	113	31	0	3.17
48	45	502	41	33	3.17
48	46	752	47	4.35	3.17
48	47	86	30	0	3.17
48	48	290	36	0	3.17
48	49	281	35	0	3.17
49	0	239	34	12.46	3.17
49	1	50	43	7.52	1.6
49	2	977	73	13.81	0.03
49	3	309	56	33	0.03
49	4	798	49	8.74	3.17
49	5	378	38	7.96	3.17
49	6	163	52	16.27	0.03
49	7	413	39	0.98	3.17
49	8	310	36	8.56	3.17
49	9	254	55	22.06	0.03
49	10	60	50	7.23	0.03
49	11	606	64	0	0.03
49	12	646	65	0	0.03
49	13	126	31	7.63	3.17
49	14	995	74	13.81	4.74
49	15	341	37	0	3.17
49	16	732	67	6.2	0.03
49	17	978	53	17.08	3.17
49	18	876	50	0	3.17
49	19	432	59	18.38	0.03
49	20	190	33	2.71	3.17
49	21	765	48	1.9	3.17
49	22	685	66	11.56	0.03
49	23	793	68	8.03	0.03
49	24	398	38	4.45	3.17
49	25	55	50	2.3	0.03
49	26	379	58	33	0.03
49	27	995	54	15.95	4.74
49	28	839	50	0	3.17
49	29	223	34	0	3.17
49	30	935	52	22.28	3.17
49	31	815	69	18.39	0.03
49	32	634	64	5.16	0.03
49	33	349	37	0	3.17
49	34	152	32	0.45	3.17
49	35	551	62	0	0.03
49	36	720	47	16.45	3.17
49	37	427	39	0	3.17
49	38	464	40	1.38	3.17
49	39	774	48	2.74	3.17
49	40	205	33	0	3.17
49	41	57	30	6.51	3.17
49	42	50	50	8.83	1.6
49	43	450	40	0	3.17
49	44	108	31	5.18	3.17
49	45	501	41	1.38	3.17
49	46	748	47	3.68	3.17
49	47	84	30	1.93	3.17
49	48	290	36	0	3.17
49	49	281	35	0	3.17
50	0	232	34	7.54	3.17
50	1	50	43	0	1.6
50	2	995	74	20.76	0.03
50	3	342	57	33	0.03
50	4	798	49	0	3.17
50	5	367	38	11.45	3.17
50	6	184	53	20.35	0.03
50	7	411	39	2.01	3.17
50	8	310	36	0.43	3.17
50	9	269	55	15.37	0.03
50	10	77	50	16.66	0.03
50	11	616	64	9.44	0.03
50	12	646	65	0.87	0.03
50	13	123	31	3.68	3.17
50	14	995	60	13.63	4.74
50	15	334	37	7.74	3.17
50	16	742	67	9.63	0.03
50	17	953	52	25.19	3.17
50	18	869	50	7.13	3.17
50	19	459	60	26.19	0.03
50	20	184	33	5.74	3.17
50	21	762	48	2.68	3.17
50	22	702	66	16.98	0.03
50	23	795	68	2.07	0.03
50	24	390	38	8.17	3.17
50	25	55	50	0	0.03
50	26	405	59	26.18	0.03
50	27	995	54	13.63	3.17
50	28	839	50	0	3.17
50	29	220	34	3.39	3.17
50	30	921	52	13.53	3.17
50	31	832	69	17.11	0.03
50	32	634	64	0	0.03
50	33	342	37	6.88	3.17
50	34	148	32	3.68	3.17
50	35	551	62	0	0.03
50	36	698	46	22.34	3.17
50	37	424	39	2.59	3.17
50	38	464	40	0.32	3.17
50	39	774	48	0	3.17
50	40	205	33	0	3.17
50	41	51	30	5.62	3.17
50	42	50	50	1.78	0.03
50	43	450	40	0.32	3.17
50	44	99	31	8.77	3.17
50	45	501	41	0	3.17
50	46	744	47	4.25	3.17
50	47	73	30	10.94	3.17
50	48	282	35	7.41	3.17
50	49	273	35	7.8	3.17
51	0	231	34	0.88	3.17
51	1	50	46	3.02	1.6
51	2	995	74	24.05	4.74
51	3	373	58	30.98	0.03
51	4	793	48	5.55	3.17
51	5	355	37	12.12	3.17
51	6	208	54	24.84	0.03
51	7	407	39	3.96	3.17
51	8	308	36	1.58	3.17
51	9	285	55	16.24	0.03
51	10	84	50	7.25	0.03
51	11	616	64	0	0.03
51	12	646	65	0	0.03
51	13	123	31	0	3.17
51	14	995	54	17.13	4.74
51	15	332	37	1.58	3.17
51	16	753	67	10.65	0.03
51	17	931	52	21.44	3.17
51	18	864	50	4.93	3.17
51	19	480	60	21.73	0.03
51	20	169	33	15.45	3.17
51	21	760	48	1.75	3.17
51	22	710	66	7.81	0.03
51	23	796	68	0.83	0.03
51	24	378	38	12.12	3.17
51	25	63	50	8.14	0.03
51	26	438	59	33	0.03
51	27	980	53	14.87	3.17
51	28	836	49	3.49	3.17
51	29	219	34	0.2	3.17
51	30	900	51	21.44	3.17
51	31	852	70	19.99	0.03
51	32	634	64	0	0.03
51	33	341	37	1.58	3.17
51	34	148	32	0	3.17
51	35	551	62	0	0.03
51	36	685	46	12.75	3.17
51	37	420	39	3.96	3.17
51	38	456	40	7.6	3.17
51	39	774	48	0	3.17
51	40	204	33	1.33	3.17
51	41	50	30	2.35	3.17
51	42	50	50	0.47	0.03
51	43	445	40	4.7	3.17
51	44	93	31	5.72	3.17
51	45	501	41	0	3.17
51	46	730	47	13.32	3.17
51	47	70	30	2.35	3.17
51	48	274	35	8.62	3.17
51	49	265	35	8.62	3.17
52	0	223	34	7.44	3.17
52	1	50	50	8.92	1.6
52	2	995	59	14.53	4.74
52	3	406	59	33	0.03
52	4	790	48	2.34	3.17
52	5	351	37	3.79	3.17
52	6	240	54	31.87	0.03
52	7	393	38	13.75	3.17
52	8	308	36	0	3.17
52	9	308	56	22.48	0.03
52	10	95	51	11.01	0.03
52	11	616	64	0	0.03
52	12	655	65	8.02	0.03
52	13	118	31	5	3.17
52	14	995	54	14.53	3.17
52	15	323	36	8.55	3.17
52	16	766	68	13.29	0.03
52	17	919	52	12.35	3.17
52	18	850	50	14.5	3.17
52	19	504	61	23.91	0.03
52	20	165	32	4.08	3.17
52	21	752	47	8.22	3.17
52	22	712	66	2.22	0.03
52	23	796	68	0	0.03
52	24	374	38	3.79	3.17
52	25	63	50	0	0.03
52	26	462	60	23.91	0.03
52	27	972	53	7.82	3.17
52	28	823	49	12.52	3.17
52	29	209	34	10.02	3.17
52	30	885	51	14.5	3.17
52	31	875	70	23.37	0.03
52	32	642	65	8.47	0.03
52	33	337	37	3.79	3.17
52	34	144	32	4.08	3.17
52	35	555	62	4.33	0.03
52	36	677	45	7.96	3.17
52	37	417	39	3.52	3.17
52	38	448	40	8.08	3.17
52	39	767	48	6.86	3.17
52	40	193	33	11.26	3.17
52	41	50	39	9.82	1.6
52	42	52	50	1.86	0.03
52	43	431	39	13.63	3.17
52	44	93	31	0	3.17
52	45	501	41	0	3.17
52	46	711	46	19.53	3.17
52	47	63	30	7.43	3.17
52	48	266	35	7.84	3.17
52	49	248	35	16.85	3.17
53	0	219	34	3.99	3.17
53	1	50	50	17.7	0.03
53	2	995	54	4.9	4.74
53	3	439	59	33	0.03
53	4	790	48	0.44	3.17
53	5	342	37	8.79	3.17
53	6	273	55	33	0.03
53	7	387	38	6.18	3.17
53	8	305	36	3.34	3.17
53	9	322	56	13.94	0.03
53	10	109	51	14.32	0.03
53	11	616	64	0	0.03
53	12	666	65	11.1	0.03
53	13	103	31	14.44	3.17
53	14	995	54	0	3.17
53	15	320	36	3.34	3.17
53	16	767	68	0.63	0.03
53	17	899	51	20.27	3.17
53	18	849	50	0.44	3.17
53	19	530	62	26.16	0.03
53	20	163	32	1.55	3.17
53	21	737	47	15.03	3.17
53	22	716	66	3.41	0.03
53	23	796	68	0.63	0.03
53	24	360	37	13.63	3.17
53	25	64	50	0.35	0.03
53	26	491	61	28.92	0.03
53	27	972	53	0	3.17
53	28	823	49	0.44	3.17
53	29	205	33	4.76	3.17
53	30	870	50	15.39	3.17
53	31	894	71	19.24	0.03
53	32	653	65	11.1	0.03
53	33	331	37	6.19	3.17
53	34	133	32	11.27	3.17
53	35	563	63	7.57	0.03
53	36	663	45	13.79	3.17
53	37	404	38	13.31	3.17
53	38	439	39	9.14	3.17
53	39	753	47	14.25	3.17
53	40	191	33	1.55	3.17
53	41	50	49	9.42	1.6
53	42	52	50	0.35	0.03
53	43	425	39	6.45	3.17
53	44	88	30	5.79	3.17
53	45	501	41	0	3.17
53	46	697	46	13.79	3.17
53	47	55	30	7.96	3.17
53	48	255	35	10.68	3.17
53	49	244	34	3.99	3.17
54	0	213	34	6.39	3.17
54	1	56	50	6.87	0.03
54	2	995	54	12.08	4.74
54	3	439	59	0	0.03
54	4	789	48	0.57	3.17
54	5	335	37	7.02	3.17
54	6	284	55	10.93	0.03
54	7	379	38	7.87	3.17
54	8	295	36	9.57	3.17
54	9	333	57	10.93	0.03
54	10	128	51	18.72	0.03
54	11	616	64	0	0.03
54	12	685	66	19.07	0.03
54	13	100	31	3.73	3.17
54	14	985	53	9.81	3.17
54	15	313	36	7.02	3.17
54	16	768	68	1.21	0.03
54	17	898	51	1.08	3.17
54	18	848	50	1.08	3.17
54	19	530	62	0	0.03
54	20	160	32	2.89	3.17
54	21	729	47	7.4	3.17
54	22	721	67	5	0.03
54	23	796	68	0	0.03
54	24	353	37	7.02	3.17
54	25	66	50	2.5	0.03
54	26	491	61	0	0.03
54	27	972	53	0.48	3.17
54	28	816	49	7.03	3.17
54	29	197	33	8.13	3.17
54	30	869	50	1.08	3.17
54	31	923	72	28.87	0.03
54	32	667	65	13.94	0.03
54	33	324	36	7.02	3.17
54	34	117	31	15.85	3.17
54	35	563	63	0	0.03
54	36	649	45	14.7	3.17
54	37	396	38	7.87	3.17
54	38	436	39	3.55	3.17
54	39	746	47	7.4	3.17
54	40	183	33	8.13	3.17
54	41	50	50	14.04	1.6
54	42	59	50	6.87	0.03
54	43	421	39	3.55	3.17
54	44	84	30	3.73	3.17
54	45	501	41	0	3.17
54	46	688	46	9.25	3.17
54	47	50	30	10.02	3.17
54	48	243	34	12.35	3.17
54	49	231	34	12.35	3.17
55	0	213	34	0	3.17
55	1	56	50	0	0.03
55	2	995	54	17.87	3.17
55	3	440	59	1.21	0.03
55	4	789	48	0	3.17
55	5	330	37	5.33	3.17
55	6	291	56	6.41	0.03
55	7	379	38	0.01	3.17
55	8	290	36	5.33	3.17
55	9	353	57	20.04	0.03
55	10	141	52	12.83	0.03
55	11	620	64	4.38	0.03
55	12	685	66	0	0.03
55	13	88	30	11.7	3.17
55	14	985	53	0.48	3.17
55	15	308	36	5.33	3.17
55	16	771	68	3.13	0.03
55	17	894	51	3.19	3.17
55	18	845	50	3.06	3.17
55	19	530	62	0	0.03
55	20	153	32	6.81	3.17
55	21	714	46	15.98	3.17
55	22	721	67	0	0.03
55	23	804	69	7.92	0.03
55	24	343	37	10.08	3.17
55	25	70	50	4.3	0.03
55	26	491	61	0	0.03
55	27	971	53	0.48	3.17
55	28	816	49	0	3.17
55	29	197	33	0	3.17
55	30	864	50	4.59	3.17
55	31	953	72	30.12	0.03
55	32	667	65	0	0.03
55	33	318	36	5.33	3.17
55	34	105	31	11.7	3.17
55	35	567	63	4.69	0.03
55	36	637	44	11.58	3.17
55	37	395	38	0.55	3.17
55	38	435	39	0.99	3.17
55	39	733	47	13.19	3.17
55	40	181	33	1.47	3.17
55	41	50	50	22.8	0.03
55	42	63	50	4.3	0.03
55	43	420	39	0.99	3.17
55	44	76	30	8.34	3.17
55	45	501	41	0	3.17
55	46	675	45	12.58	3.17
55	47	50	44	14.48	1.6
55	48	243	34	0	3.17
55	49	231	34	0	3.17
56	0	213	34	0	3.17
56	1	56	50	0	0.03
56	2	989	53	5.7	3.17
56	3	445	60	4.66	0.03
56	4	784	48	5.63	3.17
56	5	324	36	6.02	3.17
56	6	293	56	2.63	0.03
56	7	371	38	7.72	3.17
56	8	289	36	0.85	3.17
56	9	378	58	25.08	0.03
56	10	159	52	18.22	0.03
56	11	625	64	4.69	0.03
56	12	694	66	9.64	0.03
56	13	87	30	1.23	3.17
56	14	979	53	5.7	3.17
56	15	304	36	4.02	3.17
56	16	773	68	2.06	0.03
56	17	893	51	1.39	3.17
56	18	845	50	0	3.17
56	19	530	62	0	0.03
56	20	139	32	14.59	3.17
56	21	690	46	23.23	3.17
56	22	726	67	5.4	0.03
56	23	805	69	1.08	0.03
56	24	337	37	6.02	3.17
56	25	82	50	11.77	0.03
56	26	491	61	0	0.03
56	27	971	53	0	3.17
56	28	807	49	8.69	3.17
56	29	195	33	1.57	3.17
56	30	856	50	8.06	3.17
56	31	979	73	25.8	0.03
56	32	668	65	1.35	0.03
56	33	312	36	6.02	3.17
56	34	104	31	1.23	3.17
56	35	570	63	2.51	0.03
56	36	620	44	17.07	3.17
56	37	393	38	2.41	3.17
56	38	424	39	10.92	3.17
56	39	714	46	18.58	3.17
56	40	181	33	0	3.17
56	41	50	50	0	0.03
56	42	70	50	6.27	0.03
56	43	411	39	8.97	3.17
56	44	74	30	1.23	3.17
56	45	501	41	0	3.17
56	46	655	45	20.24	3.17
56	47	50	50	18.7	1.6
56	48	243	34	0.23	3.17
56	49	231	34	0	3.17
57	0	207	33	6.13	3.17
57	1	56	50	0	0.03
57	2	985	53	4.46	3.17
57	3	458	60	12.94	0.03
57	4	770	48	13.45	3.17
57	5	322	36	2.09	3.17
57	6	297	56	4.01	0.03
57	7	354	37	17.18	3.17
57	8	289	36	0	3.17
57	9	408	59	30.1	0.03
57	10	175	53	16.3	0.03
57	11	636	64	11.34	0.03
57	12	710	66	15.3	0.03
57	13	87	30	0	3.17
57	14	975	53	4.46	3.17
57	15	304	36	0	3.17
57	16	773	68	0	0.03
57	17	893	51	0	3.17
57	18	845	50	0	3.17
57	19	533	62	2.31	0.03
57	20	125	31	13.41	3.17
57	21	668	45	22.67	3.17
57	22	736	67	9.83	0.03
57	23	805	69	0	0.03
57	24	335	37	2.09	3.17
57	25	103	51	20.84	0.03
57	26	491	61	0	0.03
57	27	967	53	4.46	3.17
57	28	789	48	18.42	3.17
57	29	195	33	0	3.17
57	30	856	50	0	3.17
57	31	995	74	32.51	0.03
57	32	676	65	7.58	0.03
57	33	310	36	2.09	3.17
57	34	104	31	0	3.17
57	35	573	63	2.9	0.03
57	36	610	44	9.65	3.17
57	37	393	38	0	3.17
57	38	424	39	0	3.17
57	39	694	46	20.01	3.17
57	40	173	33	8.37	3.17
57	41	50	50	0	0.03
57	42	83	50	13.56	0.03
57	43	411	39	0	3.17
57	44	74	30	0	3.17
57	45	501	41	0	3.17
57	46	634	44	21.28	3.17
57	47	50	50	12.22	0.03
57	48	237	34	5.47	3.17
57	49	230	34	1.2	3.17
58	0	198	33	8.83	3.17
58	1	56	50	0	0.03
58	2	985	53	0	3.17
58	3	472	60	14.92	0.03
58	4	749	47	21.19	3.17
58	5	322	36	0	3.17
58	6	302	56	5.03	0.03
58	7	351	37	3.59	3.17
58	8	289	36	0	3.17
58	9	432	59	24.2	0.03
58	10	193	53	17.21	0.03
58	11	647	65	11.31	0.03
58	12	716	66	5.92	0.03
58	13	87	30	0	3.17
58	14	975	53	0	3.17
58	15	304	36	0	3.17
58	16	781	68	7.47	0.03
58	17	890	51	3.39	3.17
58	18	838	50	6.99	3.17
58	19	535	62	2.38	0.03
58	20	125	31	0	3.17
58	21	656	45	11.66	3.17
58	22	752	67	15.74	0.03
58	23	813	69	7.55	0.03
58	24	331	37	3.59	3.17
58	25	118	51	15.35	0.03
58	26	491	61	0	0.03
58	27	967	53	0	3.17
58	28	768	48	21.19	3.17
58	29	186	33	8.83	3.17
58	30	856	50	0	3.17
58	31	995	74	33	4.74
58	32	677	65	1.45	0.03
58	33	310	36	0	3.17
58	34	104	31	0	3.17
58	35	573	63	0	0.03
58	36	599	43	11.66	3.17
58	37	393	38	0	3.17
58	38	424	39	0	3.17
58	39	682	46	11.66	3.17
58	40	173	33	0	3.17
58	41	50	50	0	0.03
58	42	95	51	11.36	0.03
58	43	411	39	0	3.17
58	44	68	30	6.24	3.17
58	45	493	41	7.64	3.17
58	46	622	44	11.66	3.17
58	47	50	50	0	0.03
58	48	233	34	3.73	3.17
58	49	221	34	9.16	3.17
59	0	191	33	6.9	3.17
59	1	59	50	2.7	0.03
59	2	982	53	3.24	3.17
59	3	473	60	0.07	0.03
59	4	728	47	20.84	3.17
59	5	319	36	3.09	3.17
59	6	309	56	6.24	0.03
59	7	341	37	9.51	3.17
59	8	289	36	0	3.17
59	9	432	59	0.07	0.03
59	10	215	54	22.58	0.03
59	11	660	65	13.13	0.03
59	12	716	66	0	0.03
59	13	78	30	8.72	3.17
59	14	975	53	0	3.17
59	15	304	36	0	3.17
59	16	796	68	15.82	0.03
59	17	889	51	0.68	3.17
59	18	835	49	3.43	3.17
59	19	546	62	10.59	0.03
59	20	123	31	2.46	3.17
59	21	635	44	20.58	3.17
59	22	772	68	20.82	0.03
59	23	823	69	10.15	0.03
59	24	327	37	4.3	3.17
59	25	137	52	18.3	0.03
59	26	491	61	0.07	0.03
59	27	967	53	0	3.17
59	28	747	47	20.84	3.17
59	29	179	33	6.9	3.17
59	30	856	50	0	3.17
59	31	995	54	33	4.74
59	32	685	66	8.07	0.03
59	33	310	36	0	3.17
59	34	104	31	0	3.17
59	35	579	63	6.2	0.03
59	36	584	43	14.3	3.17
59	37	393	38	0	3.17
59	38	424	39	0	3.17
59	39	670	45	12.37	3.17
59	40	169	33	3.9	3.17
59	41	50	50	0	0.03
59	42	107	51	12.64	0.03
59	43	407	39	3.94	3.17
59	44	54	30	13.68	3.17
59	45	489	41	3.6	3.17
59	46	612	44	10.17	3.17
59	47	50	50	0	0.03
59	48	231	34	2.21	3.17
59	49	210	34	11.44	3.17
60	0	185	33	6.02	3.17
60	1	59	50	0	0.03
60	2	981	53	0.89	3.17
60	3	481	60	8.68	0.03
60	4	706	46	21.84	3.17
60	5	319	36	0	3.17
60	6	314	56	5.64	0.03
60	7	341	37	0	3.17
60	8	287	36	1.83	3.17
60	9	432	59	0	0.03
60	10	231	54	15.71	0.03
60	11	667	65	6.45	0.03
60	12	716	66	0	0.03
60	13	68	30	10.13	3.17
60	14	975	53	0	3.17
60	15	304	36	0	3.17
60	16	803	69	6.64	0.03
60	17	889	51	0	3.17
60	18	834	49	0.77	3.17
60	19	561	62	15.29	0.03
60	20	117	31	5.97	3.17
60	21	631	44	4.04	3.17
60	22	779	68	6.64	0.03
60	23	830	69	6.64	0.03
60	24	327	37	0	3.17
60	25	164	52	27.73	0.03
60	26	491	61	0	0.03
60	27	962	53	5.39	3.17
60	28	725	47	21.84	3.17
60	29	173	33	6.02	3.17
60	30	849	50	7.41	3.17
60	31	995	54	33	3.17
60	32	692	66	6.45	0.03
60	33	310	36	0	3.17
60	34	100	31	4.22	3.17
60	35	582	63	3.15	0.03
60	36	563	43	21.01	3.17
60	37	393	38	0.25	3.17
60	38	424	39	0	3.17
60	39	652	45	18.32	3.17
60	40	165	32	4.09	3.17
60	41	50	50	0	0.03
60	42	126	51	18.74	0.03
60	43	407	39	0.25	3.17
60	44	50	30	17.27	3.17
60	45	478	40	10.93	3.17
60	46	608	44	4.04	3.17
60	47	50	50	0	0.03
60	48	227	34	3.89	3.17
60	49	204	33	6.02	3.17
61	0	177	33	7.64	3.17
61	1	68	50	9.25	0.03
61	2	981	53	0	3.17
61	3	487	61	5.63	0.03
61	4	693	46	13.36	3.17
61	5	316	36	2.68	3.17
61	6	330	57	15.45	0.03
61	7	339	37	1.7	3.17
61	8	276	35	11.75	3.17
61	9	438	59	5.68	0.03
61	10	255	55	24.32	0.03
61	11	667	65	0	0.03
61	12	719	67	3.65	0.03
61	13	59	30	8.42	3.17
61	14	966	53	8.5	3.17
61	15	294	36	9.94	3.17
61	16	811	69	8.04	0.03
61	17	889	51	0	3.17
61	18	834	49	0	3.17
61	19	569	63	8.61	0.03
61	20	109	31	8.32	3.17
61	21	624	44	7.5	3.17
61	22	789	68	9.76	0.03
61	23	842	70	12.35	0.03
61	24	327	37	0	3.17
61	25	185	53	20.59	0.03
61	26	497	61	5.63	0.03
61	27	953	52	8.21	3.17
61	28	711	46	13.42	3.17
61	29	162	32	11.12	3.17
61	30	849	50	0	3.17
61	31	995	54	0	3.17
61	32	700	66	7.81	0.03
61	33	303	36	7.77	3.17
61	34	99	31	0.65	3.17
61	35	584	63	1.42	0.03
61	36	544	42	19.94	3.17
61	37	385	38	7.74	3.17
61	38	418	39	5.84	3.17
61	39	644	45	7.5	3.17
61	40	154	32	11.12	3.17
61	41	56	50	6.43	0.03
61	42	150	52	23.78	0.03
61	43	402	38	5.08	3.17
61	44	50	38	8.42	1.6
61	45	467	40	11.04	3.17
61	46	604	44	3.73	3.17
61	47	54	50	4.39	0.03
61	48	219	34	8.09	3.17
61	49	204	33	0	3.17
62	0	172	33	4.92	3.17
62	1	83	50	14.35	0.03
62	2	980	53	0.99	3.17
62	3	493	61	6.31	0.03
62	4	678	45	15.08	3.17
62	5	311	36	4.79	3.17
62	6	335	57	5.69	0.03
62	7	339	37	0	3.17
62	8	267	35	8.21	3.17
62	9	451	60	12.93	0.03
62	10	281	55	25.6	0.03
62	11	669	65	2.33	0.03
62	12	728	67	8.5	0.03
62	13	51	30	8.29	3.17
62	14	955	53	10.62	3.17
62	15	290	36	4.14	3.17
62	16	821	69	9.66	0.03
62	17	882	51	6.59	3.17
62	18	834	49	0	3.17
62	19	572	63	2.86	0.03
62	20	105	31	3.89	3.17
62	21	624	44	0	3.17
62	22	800	69	11.26	0.03
62	23	864	70	21.69	0.03
62	24	322	36	4.79	3.17
62	25	215	54	29.72	0.03
62	26	508	61	11.04	0.03
62	27	943	52	10.62	3.17
62	28	707	46	4.72	3.17
62	29	157	32	4.92	3.17
62	30	849	50	0	3.17
62	31	994	53	0.99	3.17
62	32	712	66	12.32	0.03
62	33	298	36	4.14	3.17
62	34	95	31	3.89	3.17
62	35	586	63	2.86	0.03
62	36	520	41	23.13	3.17
62	37	367	38	17.43	3.17
62	38	410	39	8.24	3.17
62	39	644	45	0	3.17
62	40	149	32	4.92	3.17
62	41	63	50	7.13	0.03
62	42	170	53	19.87	0.03
62	43	401	38	0.91	3.17
62	44	50	50	11.97	1.6
62	45	454	40	13.83	3.17
62	46	604	44	0	3.17
62	47	57	50	3.25	0.03
62	48	208	34	10.93	3.17
62	49	194	33	9.27	3.17
63	0	172	33	0	3.17
63	1	100	51	16.89	0.03
63	2	969	53	10.3	3.17
63	3	506	61	12.52	0.03
63	4	672	45	5.54	3.17
63	5	311	36	0	3.17
63	6	346	57	11.09	0.03
63	7	336	37	3.44	3.17
63	8	253	35	14.04	3.17
63	9	456	60	5.79	0.03
63	10	305	56	24	0.03
63	11	672	65	3.14	0.03
63	12	729	67	1.55	0.03
63	13	50	30	17.69	3.17
63	14	942	52	13.01	3.17
63	15	279	35	11.09	3.17
63	16	840	70	19.4	0.03
63	17	867	50	15.76	3.17
63	18	834	49	0	3.17
63	19	575	63	2.92	0.03
63	20	98	31	6.9	3.17
63	21	624	44	0	3.17
63	22	812	69	12.41	0.03
63	23	883	71	19.01	0.03
63	24	322	36	0	3.17
63	25	246	54	31.65	0.03
63	26	528	62	20.49	0.03
63	27	927	52	15.79	3.17
63	28	700	46	6.32	3.17
63	29	157	32	0	3.17
63	30	849	50	0	3.17
63	31	994	53	0	3.17
63	32	714	66	1.55	0.03
63	33	298	36	0	3.17
63	34	88	30	6.9	3.17
63	35	589	63	2.17	0.03
63	36	488	41	32.67	3.17
63	37	364	37	3.44	3.17
63	38	403	38	6.48	3.17
63	39	644	45	0	3.17
63	40	142	32	7.51	3.17
63	41	64	50	0.85	0.03
63	42	197	53	27.18	0.03
63	43	395	38	6.48	3.17
63	44	50	50	12.62	0.03
63	45	449	40	4.14	3.17
63	46	599	43	5.13	3.17
63	47	58	50	0.82	0.03
63	48	206	33	2.47	3.17
63	49	192	33	2.47	3.17
64	0	172	33	0	3.17
64	1	123	51	23.52	0.03
64	2	965	53	4.58	3.17
64	3	521	61	15.29	0.03
64	4	661	45	11.87	3.17
64	5	307	36	4.25	3.17
64	6	353	57	6.08	0.03
64	7	331	37	5.14	3.17
64	8	245	34	8.29	3.17
64	9	469	60	13	0.03
64	10	311	56	6.08	0.03
64	11	672	65	0.1	0.03
64	12	729	67	0	0.03
64	13	50	42	12.24	1.6
64	14	938	52	4.58	3.17
64	15	270	35	8.29	3.17
64	16	853	70	12.56	0.03
64	17	861	50	5.99	3.17
64	18	829	49	4.46	3.17
64	19	578	63	2.5	0.03
64	20	92	31	5.85	3.17
64	21	619	44	4.52	3.17
64	22	825	69	12.56	0.03
64	23	892	71	9.37	0.03
64	24	318	36	4.25	3.17
64	25	252	55	6.08	0.03
64	26	551	62	22.98	0.03
64	27	907	51	19.53	3.17
64	28	688	46	12.31	3.17
64	29	157	32	0	3.17
64	30	848	50	0.16	3.17
64	31	994	53	0.09	3.17
64	32	714	66	0	0.03
64	33	298	36	0	3.17
64	34	71	30	16.89	3.17
64	35	596	63	7.48	0.03
64	36	481	40	7.12	3.17
64	37	352	37	12.04	3.17
64	38	398	38	4.9	3.17
64	39	636	44	7.95	3.17
64	40	139	32	2.64	3.17
64	41	70	50	6.31	0.03
64	42	203	53	6.08	0.03
64	43	390	38	4.9	3.17
64	44	56	50	6.31	0.03
64	45	442	39	7.12	3.17
64	46	595	43	4.22	3.17
64	47	64	50	6.31	0.03
64	48	196	33	9.85	3.17
64	49	185	33	7.27	3.17
65	0	172	33	0.89	3.17
65	1	150	52	26.82	0.03
65	2	953	52	12.15	3.17
65	3	524	62	2.55	0.03
65	4	655	45	5.31	3.17
65	5	303	36	3.5	3.17
65	6	359	57	6.45	0.03
65	7	328	37	2.95	3.17
65	8	232	34	12.75	3.17
65	9	477	60	7.73	0.03
65	10	325	57	14.27	0.03
65	11	672	65	0	0.03
65	12	736	67	6.45	0.03
65	13	50	50	19.09	1.6
65	14	936	52	2.28	3.17
65	15	257	35	13.23	3.17
65	16	861	70	8.22	0.03
65	17	852	50	9	3.17
65	18	828	49	1.55	3.17
65	19	580	63	2.55	0.03
65	20	80	30	12.18	3.17
65	21	619	44	0	3.17
65	22	839	70	13.72	0.03
65	23	902	71	10.19	0.03
65	24	315	36	2.95	3.17
65	25	260	55	7.36	0.03
65	26	554	62	2.55	0.03
65	27	895	51	12.11	3.17
65	28	680	46	8.26	3.17
65	29	157	32	0	3.17
65	30	840	50	8.78	3.17
65	31	994	53	0	3.17
65	32	721	67	7.66	0.03
65	33	295	36	3.5	3.17
65	34	50	30	24.43	3.17
65	35	606	64	9.39	0.03
65	36	474	40	6.18	3.17
65	37	349	37	2.95	3.17
65	38	389	38	8.69	3.17
65	39	636	44	0	3.17
65	40	134	32	4.8	3.17
65	41	83	50	12.5	0.03
65	42	203	53	0	0.03
65	43	376	38	13.65	3.17
65	44	64	50	8.29	0.03
65	45	433	39	9.06	3.17
65	46	590	43	5.14	3.17
65	47	77	50	12.5	0.03
65	48	195	33	0.89	3.17
65	49	184	33	0.89	3.17
66	0	172	33	0	3.17
66	1	176	53	25.78	0.03
66	2	946	52	6.82	3.17
66	3	525	62	1.35	0.03
66	4	647	45	7.95	3.17
66	5	299	36	4.82	3.17
66	6	360	57	1.31	0.03
66	7	324	36	3.71	3.17
66	8	212	34	20.42	3.17
66	9	482	60	4.85	0.03
66	10	333	57	8.16	0.03
66	11	681	66	8.33	0.03
66	12	746	67	10.13	0.03
66	13	50	50	19.99	0.03
66	14	930	52	5.25	3.17
66	15	237	34	20.42	3.17
66	16	865	70	4.63	0.03
66	17	846	50	5.42	3.17
66	18	817	49	10.95	3.17
66	19	580	63	0	0.03
66	20	68	30	12.28	3.17
66	21	619	44	0	3.17
66	22	843	70	4.63	0.03
66	23	914	71	12.34	0.03
66	24	315	36	0	3.17
66	25	275	55	15.47	0.03
66	26	554	62	0	0.03
66	27	879	51	16.59	3.17
66	28	672	45	7.95	3.17
66	29	155	32	2.43	3.17
66	30	829	49	10.95	3.17
66	31	991	53	2.59	3.17
66	32	724	67	3.23	0.03
66	33	283	35	12.03	3.17
66	34	50	49	19.99	1.6
66	35	607	64	1.43	0.03
66	36	472	40	2.05	3.17
66	37	346	37	3	3.17
66	38	386	38	3	3.17
66	39	632	44	3.8	3.17
66	40	123	31	10.95	3.17
66	41	94	51	10.84	0.03
66	42	203	53	0	0.03
66	43	373	38	3	3.17
66	44	67	50	3.06	0.03
66	45	418	39	15.34	3.17
66	46	588	43	1.34	3.17
66	47	80	50	3.06	0.03
66	48	190	33	5.58	3.17
66	49	184	33	0	3.17
67	0	172	33	0	3.17
67	1	178	53	2.44	0.03
67	2	946	52	0	3.17
67	3	525	62	0	0.03
67	4	647	45	0.08	3.17
67	5	287	36	11.46	3.17
67	6	368	58	7.39	0.03
67	7	318	36	6.66	3.17
67	8	212	34	0.11	3.17
67	9	486	61	4.31	0.03
67	10	337	57	3.29	0.03
67	11	681	66	0	0.03
67	12	756	67	10.63	0.03
67	13	52	50	2.99	0.03
67	14	930	52	0	3.17
67	15	237	34	0.11	3.17
67	16	865	70	0	0.03
67	17	837	49	9.69	3.17
67	18	802	49	14.99	3.17
67	19	580	63	0	0.03
67	20	55	30	12.37	3.17
67	21	614	44	5.64	3.17
67	22	843	70	0	0.03
67	23	937	72	22.34	0.03
67	24	309	36	6.43	3.17
67	25	297	56	21.76	0.03
67	26	560	62	6.02	0.03
67	27	869	50	9.69	3.17
67	28	660	45	11.95	3.17
67	29	152	32	2.99	3.17
67	30	816	49	13.01	3.17
67	31	989	53	2.61	3.17
67	32	734	67	9.09	0.03
67	33	264	35	19.04	3.17
67	34	50	50	22.3	1.6
67	35	612	64	5.45	0.03
67	36	472	40	0	3.17
67	37	335	37	10.51	3.17
67	38	384	38	2.46	3.17
67	39	626	44	6.09	3.17
67	40	105	31	17.65	3.17
67	41	109	51	15.01	0.03
67	42	205	53	2.44	0.03
67	43	373	38	0.31	3.17
67	44	70	50	2.99	0.03
67	45	415	39	2.46	3.17
67	46	584	43	4.31	3.17
67	47	80	50	0	0.03
67	48	189	33	0.11	3.17
67	49	181	33	2.19	3.17
68	0	172	33	0	3.17
68	1	178	53	0	0.03
68	2	939	52	6.62	3.17
68	3	527	62	1.86	0.03
68	4	647	45	0	3.17
68	5	283	35	3.76	3.17
68	6	384	58	16.12	0.03
68	7	309	36	8.14	3.17
68	8	208	34	3.99	3.17
68	9	495	61	8.4	0.03
68	10	347	57	10.11	0.03
68	11	684	66	3.28	0.03
68	12	776	68	19.12	0.03
68	13	58	50	5.45	0.03
68	14	923	52	7.65	3.17
68	15	230	34	6.38	3.17
68	16	872	70	7	0.03
68	17	825	49	11.87	3.17
68	18	778	48	24.32	3.17
68	19	582	63	1.69	0.03
68	20	50	30	13.64	3.17
68	21	613	44	0.45	3.17
68	22	848	70	4.9	0.03
68	23	965	73	27.84	0.03
68	24	301	36	8.14	3.17
68	25	314	56	17.43	0.03
68	26	561	63	1.69	0.03
68	27	859	50	10.22	3.17
68	28	654	45	5.49	3.17
68	29	147	32	4.81	3.17
68	30	812	49	4.04	3.17
68	31	989	53	0	3.17
68	32	740	67	6.22	0.03
68	33	257	35	6.38	3.17
68	34	50	50	18.06	0.03
68	35	622	64	9.51	0.03
68	36	472	40	0	3.17
68	37	327	37	8.14	3.17
68	38	381	38	3.26	3.17
68	39	626	44	0	3.17
68	40	82	30	23.58	3.17
68	41	130	52	21.23	0.03
68	42	205	53	0	0.03
68	43	364	37	9.16	3.17
68	44	75	50	4.48	0.03
68	45	415	39	0	3.17
68	46	584	43	0	3.17
68	47	89	50	8.91	0.03
68	48	189	33	0	3.17
68	49	181	33	0	3.17
69	0	164	32	7.41	3.17
69	1	178	53	0	0.03
69	2	925	52	14.47	3.17
69	3	532	62	5.56	0.03
69	4	647	45	0	3.17
69	5	272	35	11.85	3.17
69	6	410	59	26.04	0.03
69	7	306	36	3.36	3.17
69	8	208	34	0	3.17
69	9	501	61	6.86	0.03
69	10	350	57	3.29	0.03
69	11	684	66	0	0.03
69	12	804	69	28.64	0.03
69	13	68	50	9.7	0.03
69	14	907	51	15.2	3.17
69	15	230	34	0	3.17
69	16	888	71	15.19	0.03
69	17	811	49	13.76	3.17
69	18	747	47	31.09	3.17
69	19	591	63	9.01	0.03
69	20	50	50	21.83	1.6
69	21	613	44	0	3.17
69	22	856	70	8.29	0.03
69	23	987	73	21.94	0.03
69	24	290	36	10.55	3.17
69	25	318	56	3.29	0.03
69	26	569	63	7.19	0.03
69	27	840	50	18.52	3.17
69	28	654	45	0	3.17
69	29	143	32	3.73	3.17
69	30	798	49	13.76	3.17
69	31	986	53	2.5	3.17
69	32	755	67	15.24	0.03
69	33	255	35	2.89	3.17
69	34	59	50	9.7	0.03
69	35	641	65	19.23	0.03
69	36	466	40	6.24	3.17
69	37	318	36	9.67	3.17
69	38	371	38	9.72	3.17
69	39	620	44	6.24	3.17
69	40	60	30	21.83	3.17
69	41	130	52	0	0.03
69	42	212	54	7.23	0.03
69	43	353	37	11.09	3.17
69	44	85	50	10.51	0.03
69	45	406	39	9.16	3.17
69	46	575	43	8.87	3.17
69	47	99	51	10.51	0.03
69	48	188	33	1.7	3.17
69	49	181	33	0	3.17
70	0	153	32	11.41	3.17
70	1	182	53	4.43	0.03
70	2	915	51	9.43	3.17
70	3	545	62	13.05	0.03
70	4	647	45	0	3.17
70	5	267	35	5.05	3.17
70	6	437	59	27.37	0.03
70	7	300	36	6.29	3.17
70	8	207	34	0.57	3.17
70	9	513	61	11.52	0.03
70	10	363	57	12.53	0.03
70	11	687	66	3.16	0.03
70	12	834	69	30.06	0.03
70	13	71	50	2.89	0.03
70	14	898	51	9.43	3.17
70	15	224	34	5.71	3.17
70	16	912	71	24.11	0.03
70	17	802	49	9.41	3.17
70	18	714	46	33	3.17
70	19	608	64	17.38	0.03
70	20	50	50	28.27	0.03
70	21	613	44	0	3.17
70	22	866	70	9.98	0.03
70	23	995	74	30.8	0.03
70	24	285	35	5.05	3.17
70	25	330	57	12.25	0.03
70	26	569	63	0	0.03
70	27	831	49	9.41	3.17
70	28	654	45	0	3.17
70	29	132	32	11.41	3.17
70	30	789	48	9.41	3.17
70	31	986	53	0.62	3.17
70	32	764	68	8.72	0.03
70	33	249	35	5.05	3.17
70	34	62	50	2.89	0.03
70	35	644	65	3.16	0.03
70	36	456	40	9.84	3.17
70	37	311	36	6.29	3.17
70	38	368	38	3.51	3.17
70	39	620	44	0	3.17
70	40	50	30	27.43	3.17
70	41	130	52	0	0.03
70	42	221	54	8.13	0.03
70	43	349	37	3.51	3.17
70	44	88	50	2.89	0.03
70	45	404	38	2.66	3.17
70	46	567	43	8.48	3.17
70	47	102	51	2.89	0.03
70	48	188	33	0	3.17
70	49	181	33	0.24	3.17
71	0	146	32	6.52	3.17
71	1	195	53	12.29	0.03
71	2	908	51	7.6	3.17
71	3	545	62	0	0.03
71	4	647	45	0.08	3.17
71	5	267	35	0	3.17
71	6	468	60	30.71	0.03
71	7	294	36	6.09	3.17
71	8	207	34	0	3.17
71	9	515	61	1.97	0.03
71	10	381	58	18.95	0.03
71	11	698	66	10.28	0.03
71	12	846	70	12.21	0.03
71	13	71	50	0	0.03
71	14	886	51	11.66	3.17
71	15	216	34	8.3	3.17
71	16	938	72	26.07	0.03
71	17	798	49	3.21	3.17
71	18	714	46	0	3.17
71	19	608	64	0	0.03
71	20	50	50	0	0.03
71	21	607	44	6.6	3.17
71	22	879	71	12.21	0.03
71	23	995	74	33	4.74
71	24	279	35	6.09	3.17
71	25	333	57	3.5	0.03
71	26	569	63	0	0.03
71	27	818	49	13	3.17
71	28	654	45	0	3.17
71	29	122	31	9.84	3.17
71	30	785	48	3.21	3.17
71	31	985	53	1.04	3.17
71	32	781	68	17.73	0.03
71	33	249	35	0	3.17
71	34	62	50	0	0.03
71	35	644	65	0	0.03
71	36	449	40	7.77	3.17
71	37	305	36	6.71	3.17
71	38	359	37	8.49	3.17
71	39	614	44	6.6	3.17
71	40	50	50	21.9	1.6
71	41	135	52	5.65	0.03
71	42	230	54	9.86	0.03
71	43	344	37	4.95	3.17
71	44	88	50	0	0.03
71	45	392	38	11.77	3.17
71	46	564	43	2.7	3.17
71	47	113	51	10.99	0.03
71	48	188	33	0	3.17
71	49	171	33	9.97	3.17
72	0	132	32	14.05	3.17
72	1	203	53	7.76	0.03
72	2	906	51	1.64	3.17
72	3	548	62	2.64	0.03
72	4	640	44	7.08	3.17
72	5	258	35	8.15	3.17
72	6	469	60	1.26	0.03
72	7	290	36	3.59	3.17
72	8	207	34	0	3.17
72	9	516	61	1.26	0.03
72	10	391	58	9.34	0.03
72	11	704	66	6.37	0.03
72	12	856	70	10.01	0.03
72	13	71	50	0	0.03
72	14	872	50	14.21	3.17
72	15	216	34	0	3.17
72	16	969	73	31.52	0.03
72	17	798	49	0	3.17
72	18	707	46	6.12	3.17
72	19	610	64	1.86	0.03
72	20	51	50	1.77	0.03
72	21	606	44	0.72	3.17
72	22	894	71	14.86	0.03
72	23	995	54	33	4.74
72	24	271	35	7.69	3.17
72	25	341	57	7.3	0.03
72	26	579	63	9.89	0.03
72	27	818	49	0	3.17
72	28	654	45	0.86	3.17
72	29	110	31	12.42	3.17
72	30	772	48	12.96	3.17
72	31	977	53	7.08	3.17
72	32	800	69	18.06	0.03
72	33	249	35	0	3.17
72	34	66	50	3.62	0.03
72	35	644	65	0	0.03
72	36	437	39	11.87	3.17
72	37	298	36	6.98	3.17
72	38	353	37	6.02	3.17
72	39	613	44	0.72	3.17
72	40	50	50	20.61	0.03
72	41	135	52	0	0.03
72	42	238	54	7.76	0.03
72	43	344	37	0	3.17
72	44	96	51	8.08	0.03
72	45	388	38	3.81	3.17
72	46	555	42	9.21	3.17
72	47	113	51	0	0.03
72	48	188	33	0	3.17
72	49	160	32	11.48	3.17
73	0	112	31	19.75	3.17
73	1	216	54	13.94	0.03
73	2	897	51	9.18	3.17
73	3	551	62	2.64	0.03
73	4	636	44	3.55	3.17
73	5	257	35	1.67	3.17
73	6	469	60	0	0.03
73	7	286	36	3.72	3.17
73	8	199	33	8.06	3.17
73	9	527	62	10.3	0.03
73	10	398	58	7.62	0.03
73	11	706	66	1.93	0.03
73	12	858	70	1.58	0.03
73	13	71	50	0.69	0.03
73	14	856	50	15.96	3.17
73	15	216	34	0	3.17
73	16	995	74	33	0.03
73	17	798	49	0	3.17
73	18	691	46	15.97	3.17
73	19	620	64	10.06	0.03
73	20	51	50	0	0.03
73	21	596	43	10.18	3.17
73	22	916	72	22.66	0.03
73	23	995	54	33	3.17
73	24	265	35	6	3.17
73	25	350	57	9.87	0.03
73	26	589	63	10.73	0.03
73	27	815	49	3.12	3.17
73	28	654	45	0	3.17
73	29	92	31	18.05	3.17
73	30	765	48	7.02	3.17
73	31	966	53	11.7	3.17
73	32	824	69	24.73	0.03
73	33	248	35	1.67	3.17
73	34	66	50	0	0.03
73	35	652	65	7.49	0.03
73	36	425	39	11.48	3.17
73	37	296	36	1.68	3.17
73	38	347	37	6.03	3.17
73	39	613	44	0	3.17
73	40	50	50	0	0.03
73	41	138	52	3.07	0.03
73	42	239	54	1.05	0.03
73	43	338	37	6.03	3.17
73	44	96	51	0.14	0.03
73	45	385	38	3.52	3.17
73	46	536	42	18.8	3.17
73	47	116	51	2.89	0.03
73	48	188	33	0	3.17
73	49	143	32	16.94	3.17
74	0	101	31	11.77	3.17
74	1	227	54	10.55	0.03
74	2	882	51	15.17	3.17
74	3	562	63	11.15	0.03
74	4	626	44	10.81	3.17
74	5	251	35	5.32	3.17
74	6	477	60	8.11	0.03
74	7	280	35	6.26	3.17
74	8	195	33	4.11	3.17
74	9	540	62	13.25	0.03
74	10	406	59	7.06	0.03
74	11	713	66	6.76	0.03
74	12	858	70	0	0.03
74	13	75	50	4.15	0.03
74	14	837	49	19.37	3.17
74	15	212	34	3.84	3.17
74	16	995	74	26.35	4.74
74	17	798	49	0	3.17
74	18	690	46	1.62	3.17
74	19	621	64	0.34	0.03
74	20	56	50	5.17	0.03
74	21	583	43	12.49	3.17
74	22	949	72	32.44	0.03
74	23	974	53	21.23	3.17
74	24	260	35	5.57	3.17
74	25	357	57	6.81	0.03
74	26	590	63	0.34	0.03
74	27	809	49	5.86	3.17
74	28	652	45	1.62	3.17
74	29	80	30	11.77	3.17
74	30	748	47	16.96	3.17
74	31	945	52	21.23	3.17
74	32	824	69	0	0.03
74	33	245	34	3.15	3.17
74	34	70	50	4.27	0.03
74	35	652	65	0.34	0.03
74	36	414	39	11.13	3.17
74	37	296	36	0	3.17
74	38	344	37	3.23	3.17
74	39	604	44	8.68	3.17
74	40	51	50	1.72	0.03
74	41	147	52	8.27	0.03
74	42	250	55	10.55	0.03
74	43	337	37	0.63	3.17
74	44	104	51	7.97	0.03
74	45	376	38	8.24	3.17
74	46	511	41	24.83	3.17
74	47	123	51	6.78	0.03
74	48	184	33	4.11	3.17
74	49	131	32	11.77	3.17
75	0	89	31	11.26	3.17
75	1	231	54	3.74	0.03
75	2	865	50	16.7	3.17
75	3	576	63	14.16	0.03
75	4	615	44	10.81	3.17
75	5	248	35	3.27	3.17
75	6	485	61	8.2	0.03
75	7	277	35	3.56	3.17
75	8	189	33	6.61	3.17
75	9	546	62	6.39	0.03
75	10	409	59	3.67	0.03
75	11	726	67	13.64	0.03
75	12	867	70	8.58	0.03
75	13	89	50	13.31	0.03
75	14	837	49	0	3.17
75	15	204	33	8.62	3.17
75	16	995	54	22.1	4.74
75	17	796	48	2.15	3.17
75	18	682	46	7.5	3.17
75	19	628	64	7.39	0.03
75	20	60	50	3.42	0.03
75	21	574	43	9.78	3.17
75	22	982	73	33	0.03
75	23	956	53	18.22	3.17
75	24	256	35	3.27	3.17
75	25	373	58	15.29	0.03
75	26	594	63	4.85	0.03
75	27	809	49	0	3.17
75	28	652	45	0	3.17
75	29	60	30	20.11	3.17
75	30	722	47	26.04	3.17
75	31	926	52	18.22	3.17
75	32	832	69	7.48	0.03
75	33	238	34	6.41	3.17
75	34	80	50	9.84	0.03
75	35	652	65	0	0.03
75	36	412	39	2.23	3.17
75	37	289	36	7.05	3.17
75	38	338	37	5.85	3.17
75	39	590	43	14.02	3.17
75	40	55	50	3.42	0.03
75	41	164	52	17.58	0.03
75	42	269	55	18.87	0.03
75	43	332	37	5.85	3.17
75	44	105	51	0.85	0.03
75	45	363	37	13.05	3.17
75	46	485	41	25.99	3.17
75	47	124	51	0.85	0.03
75	48	173	33	11.09	3.17
75	49	113	31	18.48	3.17
76	0	75	30	14.57	3.17
76	1	235	54	4.51	0.03
76	2	852	50	13.16	3.17
76	3	580	63	4.38	0.03
76	4	608	44	6.42	3.17
76	5	248	35	0	3.17
76	6	500	61	14.94	0.03
76	7	277	35	0	3.17
76	8	184	33	4.74	3.17
76	9	546	62	0	0.03
76	10	417	59	7.42	0.03
76	11	736	67	10.16	0.03
76	12	867	70	0	0.03
76	13	92	51	3.26	0.03
76	14	837	49	0	3.17
76	15	204	33	0	3.17
76	16	995	54	23.87	3.17
76	17	788	48	8.4	3.17
76	18	671	45	10.9	3.17
76	19	630	64	1.52	0.03
76	20	69	50	9.09	0.03
76	21	561	42	12.44	3.17
76	22	995	74	28.99	0.03
76	23	939	52	16.84	3.17
76	24	256	35	0	3.17
76	25	381	58	8.72	0.03
76	26	599	63	4.38	0.03
76	27	800	49	8.85	3.17
76	28	644	45	8.34	3.17
76	29	50	30	13.36	3.17
76	30	711	46	10.9	3.17
76	31	910	51	16.84	3.17
76	32	844	70	12.65	0.03
76	33	224	34	14.12	3.17
76	34	83	50	3.26	0.03
76	35	654	65	1.52	0.03
76	36	409	39	3.02	3.17
76	37	289	36	0	3.17
76	38	330	37	8.29	3.17
76	39	578	43	12.44	3.17
76	40	61	50	5.97	0.03
76	41	189	53	24.63	0.03
76	42	296	56	27.79	0.03
76	43	323	36	8.38	3.17
76	44	108	51	3.26	0.03
76	45	355	37	8.51	3.17
76	46	458	40	27.64	3.17
76	47	127	51	3.01	0.03
76	48	158	32	14.25	3.17
76	49	98	31	14.99	3.17
77	0	58	30	16.58	3.17
77	1	243	54	7.5	0.03
77	2	848	50	3.84	3.17
77	3	588	63	7.99	0.03
77	4	598	43	10.16	3.17
77	5	240	34	7.85	3.17
77	6	517	61	16.65	0.03
77	7	277	35	0	3.17
77	8	176	33	8.22	3.17
77	9	546	62	0	0.03
77	10	433	59	16.88	0.03
77	11	741	67	4.15	0.03
77	12	867	70	0	0.03
77	13	98	51	6.07	0.03
77	14	837	49	0.36	3.17
77	15	204	33	0	3.17
77	16	969	53	26.49	3.17
77	17	783	48	5.25	3.17
77	18	663	45	8.93	3.17
77	19	630	64	0.45	0.03
77	20	70	50	0.94	0.03
77	21	556	42	4.61	3.17
77	22	995	74	22.81	4.74
77	23	916	52	22.68	3.17
77	24	256	35	0	3.17
77	25	391	58	9.77	0.03
77	26	599	63	0.58	0.03
77	27	795	48	5.25	3.17
77	28	644	45	0	3.17
77	29	50	50	20.89	1.6
77	30	691	46	20.68	3.17
77	31	885	51	24.93	3.17
77	32	844	70	0	0.03
77	33	224	34	0	3.17
77	34	89	50	5.46	0.03
77	35	663	65	9.32	0.03
77	36	397	38	11.42	3.17
77	37	287	36	1.59	3.17
77	38	322	36	7.98	3.17
77	39	572	43	5.89	3.17
77	40	62	50	0.94	0.03
77	41	196	53	7.5	0.03
77	42	314	56	18.04	0.03
77	43	312	36	10.83	3.17
77	44	108	51	0	0.03
77	45	345	37	9.93	3.17
77	46	446	40	11.42	3.17
77	47	127	51	0	0.03
77	48	139	32	19.73	3.17
77	49	81	30	16.58	3.17
78	0	50	30	10.56	3.17
78	1	250	55	7.4	0.03
78	2	848	50	0	3.17
78	3	590	63	1.25	0.03
78	4	584	43	14.1	3.17
78	5	236	34	4.02	3.17
78	6	524	62	6.68	0.03
78	7	277	35	0	3.17
78	8	164	32	11.86	3.17
78	9	553	62	6.68	0.03
78	10	459	60	25.46	0.03
78	11	748	67	7.21	0.03
78	12	867	70	0	0.03
78	13	105	51	6.86	0.03
78	14	837	49	0	3.17
78	15	196	33	7.92	3.17
78	16	956	53	12.86	3.17
78	17	783	48	0	3.17
78	18	663	45	0	3.17
78	19	631	64	0.87	0.03
78	20	70	50	0	0.03
78	21	550	42	6.18	3.17
78	22	995	54	23.95	4.74
78	23	903	51	12.86	3.17
78	24	255	35	1.5	3.17
78	25	406	59	14.94	0.03
78	26	601	63	1.25	0.03
78	27	789	48	5.8	3.17
78	28	644	45	0	3.17
78	29	50	50	14.39	0.03
78	30	691	46	0	3.17
78	31	885	51	0	3.17
78	32	852	70	7.53	0.03
78	33	224	34	0	3.17
78	34	97	51	7.97	0.03
78	35	668	65	5.08	0.03
78	36	383	38	14.06	3.17
78	37	287	36	0	3.17
78	38	322	36	0	3.17
78	39	566	43	6.18	3.17
78	40	63	50	1.16	0.03
78	41	196	53	0	0.03
78	42	330	57	15.34	0.03
78	43	312	36	0	3.17
78	44	115	51	6.86	0.03
78	45	341	37	4.1	3.17
78	46	427	39	18.95	3.17
78	47	132	52	5.65	0.03
78	48	116	31	23.09	3.17
78	49	70	30	10.56	3.17
79	0	50	33	3.72	1.6
79	1	264	55	13.78	0.03
79	2	842	50	5.62	3.17
79	3	591	63	1.53	0.03
79	4	580	43	4.12	3.17
79	5	233	34	3.22	3.17
79	6	533	62	9.6	0.03
79	7	272	35	5.04	3.17
79	8	159	32	4.72	3.17
79	9	567	63	13.91	0.03
79	10	490	61	30.63	0.03
79	11	751	67	3.49	0.03
79	12	871	70	4.19	0.03
79	13	105	51	0	0.03
79	14	829	49	7.29	3.17
79	15	187	33	8.45	3.17
79	16	945	52	10.25	3.17
79	17	783	48	0	3.17
79	18	663	45	0	3.17
79	19	636	64	5.36	0.03
79	20	78	50	8.6	0.03
79	21	546	42	4.12	3.17
79	22	995	54	31.51	3.17
79	23	895	51	8.67	3.17
79	24	246	34	8.56	3.17
79	25	426	59	19.6	0.03
79	26	603	64	2.76	0.03
79	27	789	48	0	3.17
79	28	639	44	4.71	3.17
79	29	54	50	4.47	0.03
79	30	689	46	2.03	3.17
79	31	876	50	8.25	3.17
79	32	859	70	7.3	0.03
79	33	224	34	0	3.17
79	34	97	51	0	0.03
79	35	678	65	10.18	0.03
79	36	360	37	23.15	3.17
79	37	282	35	5.04	3.17
79	38	322	36	0	3.17
79	39	562	42	4.12	3.17
79	40	67	50	4.47	0.03
79	41	196	53	0	0.03
79	42	350	57	20.02	0.03
79	43	306	36	6.89	3.17
79	44	115	51	0	0.03
79	45	334	37	6.88	3.17
79	46	405	39	22.5	3.17
79	47	140	52	7.52	0.03
79	48	98	31	17.44	3.17
79	49	67	30	3.72	3.17
80	0	50	37	3.87	1.6
80	1	286	56	22.13	0.03
80	2	839	50	3.36	3.17
80	3	593	63	2.37	0.03
80	4	576	43	3.62	3.17
80	5	225	34	7.61	3.17
80	6	547	62	13.58	0.03
80	7	272	35	0	3.17
80	8	147	32	11.79	3.17
80	9	569	63	2.37	0.03
80	10	503	61	13.58	0.03
80	11	760	68	9.08	0.03
80	12	874	70	3.48	0.03
80	13	109	51	3.99	0.03
80	14	813	49	15.84	3.17
80	15	183	33	4.37	3.17
80	16	932	52	13.07	3.17
80	17	778	48	4.96	3.17
80	18	653	45	10	3.17
80	19	636	64	0	0.03
80	20	83	50	4.38	0.03
80	21	546	42	0	3.17
80	22	982	53	13.07	3.17
80	23	892	51	2.49	3.17
80	24	238	34	8.65	3.17
80	25	452	60	26.69	0.03
80	26	605	64	1.14	0.03
80	27	784	48	4.96	3.17
80	28	625	44	14.1	3.17
80	29	58	50	4.38	0.03
80	30	689	46	0	3.17
80	31	864	50	11.94	3.17
80	32	863	70	3.48	0.03
80	33	217	34	7.61	3.17
80	34	101	51	4.38	0.03
80	35	686	66	8.26	0.03
80	36	358	37	2.62	3.17
80	37	282	35	0	3.17
80	38	319	36	2.62	3.17
80	39	557	42	4.86	3.17
80	40	72	50	4.38	0.03
80	41	196	53	0	0.03
80	42	375	58	25.15	0.03
80	43	299	36	6.67	3.17
80	44	125	51	9.68	0.03
80	45	331	37	2.62	3.17
80	46	402	38	2.62	3.17
80	47	140	52	0	0.03
80	48	91	31	7.17	3.17
80	49	60	30	7.17	3.17
81	0	50	42	4.63	1.6
81	1	314	56	28.05	0.03
81	2	839	50	0	3.17
81	3	593	63	0	0.03
81	4	569	43	7.67	3.17
81	5	221	34	4.68	3.17
81	6	561	62	14.14	0.03
81	7	272	35	0	3.17
81	8	127	31	20.52	3.17
81	9	577	63	7.56	0.03
81	10	522	61	18.59	0.03
81	11	774	68	13.27	0.03
81	12	885	71	10.54	0.03
81	13	109	51	0	0.03
81	14	813	49	0	3.17
81	15	170	33	13.29	3.17
81	16	931	52	1.73	3.17
81	17	778	48	0	3.17
81	18	640	44	12.34	3.17
81	19	636	64	0	0.03
81	20	89	50	5.86	0.03
81	21	546	42	0	3.17
81	22	959	53	22.73	3.17
81	23	890	51	1.73	3.17
81	24	233	34	4.68	3.17
81	25	484	61	31.94	0.03
81	26	613	64	8.47	0.03
81	27	784	48	0	3.17
81	28	609	44	16.09	3.17
81	29	61	50	2.69	0.03
81	30	682	46	6.42	3.17
81	31	864	50	0	3.17
81	32	873	70	10.54	0.03
81	33	212	34	4.68	3.17
81	34	101	51	0	0.03
81	35	696	66	9.32	0.03
81	36	352	37	6.07	3.17
81	37	279	35	3.26	3.17
81	38	319	36	0	3.17
81	39	557	42	0	3.17
81	40	72	50	0	0.03
81	41	196	53	0	0.03
81	42	394	58	18.56	0.03
81	43	299	36	0	3.17
81	44	125	51	0	0.03
81	45	327	37	4.57	3.17
81	46	396	38	6.39	3.17
81	47	140	52	0	0.03
81	48	88	30	2.79	3.17
81	49	56	30	3.73	3.17
82	0	50	50	14.12	1.6
82	1	338	57	23.8	0.03
82	2	839	50	0	3.17
82	3	597	63	3.45	0.03
82	4	560	42	8.43	3.17
82	5	221	34	0	3.17
82	6	566	63	5.02	0.03
82	7	266	35	5.81	3.17
82	8	104	31	23.11	3.17
82	9	586	63	9.17	0.03
82	10	541	62	19.68	0.03
82	11	794	68	20.87	0.03
82	12	899	71	14.41	0.03
82	13	113	51	3.77	0.03
82	14	809	49	4.66	3.17
82	15	158	32	12.04	3.17
82	16	926	52	4.56	3.17
82	17	778	48	0	3.17
82	18	636	44	3.86	3.17
82	19	636	64	0	0.03
82	20	93	51	4.63	0.03
82	21	537	42	9.43	3.17
82	22	955	52	4.56	3.17
82	23	888	51	2.47	3.17
82	24	233	34	0	3.17
82	25	504	61	19.68	0.03
82	26	613	64	0	0.03
82	27	783	48	0.88	3.17
82	28	600	43	8.73	3.17
82	29	64	50	2.64	0.03
82	30	681	46	1.23	3.17
82	31	857	50	7.62	3.17
82	32	876	71	3.26	0.03
82	33	204	33	7.62	3.17
82	34	105	51	3.77	0.03
82	35	703	66	7.6	0.03
82	36	352	37	0	3.17
82	37	273	35	5.81	3.17
82	38	319	36	0	3.17
82	39	547	42	9.4	3.17
82	40	74	50	2.64	0.03
82	41	199	53	2.66	0.03
82	42	412	59	18.26	0.03
82	43	290	36	8.72	3.17
82	44	125	51	0	0.03
82	45	327	37	0	3.17
82	46	391	38	4.69	3.17
82	47	149	52	9.65	0.03
82	48	78	30	10.61	3.17
82	49	50	30	5.6	3.17
83	0	50	50	4.32	0.03
83	1	358	57	19.72	0.03
83	2	830	49	9.6	3.17
83	3	597	63	0	0.03
83	4	553	42	6.99	3.17
83	5	216	34	4.7	3.17
83	6	566	63	0	0.03
83	7	258	35	7.83	3.17
83	8	100	31	3.65	3.17
83	9	586	63	0	0.03
83	10	541	62	0	0.03
83	11	822	69	27.19	0.03
83	12	920	72	21.28	0.03
83	13	116	51	3.61	0.03
83	14	797	48	11.68	3.17
83	15	155	32	2.65	3.17
83	16	923	52	3.26	3.17
83	17	778	48	0	3.17
83	18	636	44	0	3.17
83	19	636	64	0	0.03
83	20	94	51	0.45	0.03
83	21	530	42	6.99	3.17
83	22	955	52	0.04	3.17
83	23	887	51	0.81	3.17
83	24	233	34	0	3.17
83	25	521	61	17.49	0.03
83	26	619	64	5.82	0.03
83	27	783	48	0	3.17
83	28	600	43	0	3.17
83	29	66	50	2.69	0.03
83	30	677	45	4.43	3.17
83	31	850	50	7.03	3.17
83	32	879	71	2.05	0.03
83	33	197	33	7.39	3.17
83	34	108	51	3.61	0.03
83	35	718	66	15.1	0.03
83	36	352	37	0	3.17
83	37	265	35	7.83	3.17
83	38	312	36	7.52	3.17
83	39	540	42	6.99	3.17
83	40	82	50	7.98	0.03
83	41	205	53	6.09	0.03
83	42	421	59	9.58	0.03
83	43	282	35	7.83	3.17
83	44	125	51	0	0.03
83	45	323	36	3.21	3.17
83	46	385	38	5.74	3.17
83	47	165	52	15.11	0.03
83	48	74	30	3.65	3.17
83	49	50	30	3.65	3.17
84	0	50	50	0	0.03
84	1	375	58	17.16	0.03
84	2	819	49	10.55	3.17
84	3	602	64	4.8	0.03
84	4	541	42	12.79	3.17
84	5	208	34	7.79	3.17
84	6	574	63	7.86	0.03
84	7	245	34	12.98	3.17
84	8	93	31	7.1	3.17
84	9	593	63	7.6	0.03
84	10	549	62	7.53	0.03
84	11	823	69	1.74	0.03
84	12	946	72	25.07	0.03
84	13	116	51	0	0.03
84	14	794	48	2.78	3.17
84	15	151	32	3.53	3.17
84	16	920	52	3.3	3.17
84	17	778	48	0	3.17
84	18	634	44	2	3.17
84	19	640	65	4.12	0.03
84	20	100	51	6.01	0.03
84	21	517	41	12.79	3.17
84	22	953	52	1.94	3.17
84	23	880	51	7.4	3.17
84	24	232	34	1.02	3.17
84	25	529	62	8	0.03
84	26	621	64	1.75	0.03
84	27	781	48	2.66	3.17
84	28	600	43	0.31	3.17
84	29	66	50	0	0.03
84	30	663	45	14	3.17
84	31	839	50	10.47	3.17
84	32	880	71	1.74	0.03
84	33	193	33	3.38	3.17
84	34	108	51	0	0.03
84	35	736	67	17.72	0.03
84	36	352	37	0	3.17
84	37	257	35	8.03	3.17
84	38	309	36	2.78	3.17
84	39	527	42	12.79	3.17
84	40	88	50	6.01	0.03
84	41	216	54	10.63	0.03
84	42	431	59	9.39	0.03
84	43	274	35	8.03	3.17
84	44	125	51	0	0.03
84	45	321	36	2.78	3.17
84	46	376	38	9.19	3.17
84	47	177	53	12.31	0.03
84	48	63	30	11.25	3.17
84	49	50	31	1.62	1.6
85	0	57	50	7.68	0.03
85	1	391	58	15.83	0.03
85	2	817	49	2.28	3.17
85	3	610	64	8.14	0.03
85	4	533	42	7.73	3.17
85	5	208	34	0.39	3.17
85	6	583	63	9.6	0.03
85	7	238	34	6.87	3.17
85	8	80	30	12.57	3.17
85	9	602	64	8.14	0.03
85	10	550	62	0.86	0.03
85	11	825	69	1.53	0.03
85	12	968	73	22.16	0.03
85	13	116	51	0	0.03
85	14	792	48	1.95	3.17
85	15	146	32	5.71	3.17
85	16	920	52	0	3.17
85	17	776	48	1.95	3.17
85	18	627	44	7.4	3.17
85	19	646	65	5.25	0.03
85	20	100	51	0	0.03
85	21	499	41	18.19	3.17
85	22	953	52	0	3.17
85	23	867	50	12.41	3.17
85	24	225	34	6.87	3.17
85	25	530	62	0.86	0.03
85	26	628	64	7.01	0.03
85	27	779	48	1.95	3.17
85	28	595	43	4.41	3.17
85	29	68	50	1.36	0.03
85	30	650	45	12.25	3.17
85	31	831	49	7.86	3.17
85	32	887	71	6.44	0.03
85	33	193	33	0.39	3.17
85	34	108	51	0	0.03
85	35	761	68	24.6	0.03
85	36	348	37	3.43	3.17
85	37	251	35	6.87	3.17
85	38	302	36	6.98	3.17
85	39	513	41	14.68	3.17
85	40	89	51	1.24	0.03
85	41	217	54	0.7	0.03
85	42	448	60	17.48	0.03
85	43	267	35	6.87	3.17
85	44	129	52	4.49	0.03
85	45	321	36	0	3.17
85	46	369	38	6.66	3.17
85	47	178	53	0.7	0.03
85	48	50	30	19.29	3.17
85	49	50	36	4.66	1.6
86	0	66	50	8.71	0.03
86	1	406	59	15.48	0.03
86	2	808	49	8.84	3.17
86	3	620	64	10.66	0.03
86	4	522	41	11.17	3.17
86	5	208	34	0	3.17
86	6	590	63	6.55	0.03
86	7	238	34	0	3.17
86	8	67	30	13.16	3.17
86	9	608	64	6.55	0.03
86	10	554	62	3.73	0.03
86	11	834	69	8.74	0.03
86	12	992	73	24.26	0.03
86	13	116	51	0	0.03
86	14	786	48	6.72	3.17
86	15	143	32	2.62	3.17
86	16	917	52	2.62	3.17
86	17	770	48	5.36	3.17
86	18	621	44	5.65	3.17
86	19	646	65	0	0.03
86	20	104	51	4.16	0.03
86	21	477	40	21.57	3.17
86	22	953	52	0	3.17
86	23	846	50	21.59	3.17
86	24	225	34	0	3.17
86	25	539	62	8.75	0.03
86	26	635	64	7.22	0.03
86	27	779	48	0	3.17
86	28	585	43	10.63	3.17
86	29	78	50	9.87	0.03
86	30	645	45	5.65	3.17
86	31	820	49	11.31	3.17
86	32	899	71	12.21	0.03
86	33	193	33	0	3.17
86	34	108	51	0	0.03
86	35	782	68	21.56	0.03
86	36	345	37	3.46	3.17
86	37	251	35	0	3.17
86	38	285	35	16.59	3.17
86	39	501	41	11.59	3.17
86	40	90	51	0.5	0.03
86	41	217	54	0.74	0.03
86	42	471	60	22.68	0.03
86	43	267	35	0	3.17
86	44	129	52	0	0.03
86	45	316	36	4.42	3.17
86	46	361	37	8.65	3.17
86	47	178	53	0	0.03
86	48	50	39	9.45	1.6
86	49	50	45	9.45	1.6
87	0	66	50	0	0.03
87	1	423	59	17.28	0.03
87	2	799	49	8.95	3.17
87	3	630	64	9.8	0.03
87	4	516	41	6.07	3.17
87	5	202	33	6.14	3.17
87	6	593	63	2.52	0.03
87	7	237	34	0.71	3.17
87	8	55	30	11.7	3.17
87	9	614	64	5.56	0.03
87	10	564	63	10.49	0.03
87	11	848	70	14.32	0.03
87	12	995	74	33	0.03
87	13	116	51	0	0.03
87	14	783	48	2.66	3.17
87	15	139	32	4.49	3.17
87	16	910	51	7.08	3.17
87	17	770	48	0	3.17
87	18	614	44	7.14	3.17
87	19	655	65	9.8	0.03
87	20	104	51	0	0.03
87	21	450	40	27.49	3.17
87	22	947	52	5.65	3.17
87	23	837	49	8.95	3.17
87	24	225	34	0	3.17
87	25	540	62	0.95	0.03
87	26	645	65	9.8	0.03
87	27	777	48	1.88	3.17
87	28	568	43	17.08	3.17
87	29	78	50	0	0.03
87	30	645	45	0	3.17
87	31	811	49	8.95	3.17
87	32	919	72	20.57	0.03
87	33	186	33	6.78	3.17
87	34	108	51	0	0.03
87	35	801	69	19.01	0.03
87	36	338	37	6.61	3.17
87	37	246	34	4.29	3.17
87	38	277	35	8.21	3.17
87	39	484	41	17.57	3.17
87	40	90	51	0	0.03
87	41	226	54	8.86	0.03
87	42	487	61	15.73	0.03
87	43	259	35	8.21	3.17
87	44	135	52	5.53	0.03
87	45	310	36	6.31	3.17
87	46	360	37	0.82	3.17
87	47	178	53	0	0.03
87	48	50	50	17.64	1.6
87	49	50	50	17.92	1.6
88	0	66	50	0	0.03
88	1	444	60	21.11	0.03
88	2	799	49	0	3.17
88	3	640	65	9.99	0.03
88	4	505	41	10.64	3.17
88	5	195	33	7.25	3.17
88	6	596	63	3.76	0.03
88	7	237	34	0	3.17
88	8	50	30	13.39	3.17
88	9	625	64	10.97	0.03
88	10	568	63	3.76	0.03
88	11	853	70	5.49	0.03
88	12	995	74	25.69	4.74
88	13	122	51	6.17	0.03
88	14	783	48	0	3.17
88	15	135	32	3.59	3.17
88	16	905	51	5.31	3.17
88	17	770	48	0	3.17
88	18	598	43	16.4	3.17
88	19	665	65	9.99	0.03
88	20	104	51	0	0.03
88	21	417	39	33	3.17
88	22	935	52	12.32	3.17
88	23	837	49	0	3.17
88	24	221	34	3.9	3.17
88	25	548	62	8.11	0.03
88	26	655	65	9.99	0.03
88	27	777	48	0	3.17
88	28	544	42	23.34	3.17
88	29	80	50	2.48	0.03
88	30	644	45	0.43	3.17
88	31	811	49	0	3.17
88	32	943	72	23.76	0.03
88	33	179	33	7.25	3.17
88	34	108	51	0	0.03
88	35	807	69	5.49	0.03
88	36	325	36	13.22	3.17
88	37	246	34	0	3.17
88	38	277	35	0	3.17
88	39	468	40	15.49	3.17
88	40	90	51	0	0.03
88	41	227	54	0.95	0.03
88	42	506	61	19.23	0.03
88	43	259	35	0	3.17
88	44	135	52	0	0.03
88	45	297	36	13.03	3.17
88	46	352	37	7.79	3.17
88	47	182	53	4.9	0.03
88	48	50	50	24.26	0.03
88	49	50	50	15.57	0.03
89	0	67	50	0.71	0.03
89	1	472	60	27.6	0.03
89	2	799	49	0.22	3.17
89	3	645	65	4.97	0.03
89	4	490	41	14.55	3.17
89	5	187	33	7.48	3.17
89	6	605	64	8.8	0.03
89	7	230	34	7.38	3.17
89	8	50	38	8.3	1.6
89	9	630	64	4.97	0.03
89	10	580	63	12.42	0.03
89	11	853	70	0	0.03
89	12	995	54	26.2	4.74
89	13	127	51	5.06	0.03
89	14	782	48	0.61	3.17
89	15	127	31	7.68	3.17
89	16	890	51	14.89	3.17
89	17	766	48	3.77	3.17
89	18	586	43	12.26	3.17
89	19	670	65	4.97	0.03
89	20	106	51	1.67	0.03
89	21	384	38	33	3.17
89	22	926	52	8.82	3.17
89	23	828	49	8.56	3.17
89	24	208	34	13.04	3.17
89	25	548	62	0	0.03
89	26	660	65	4.97	0.03
89	27	777	48	0	3.17
89	28	530	42	14.55	3.17
89	29	84	50	3.67	0.03
89	30	644	45	0	3.17
89	31	807	49	4.55	3.17
89	32	968	73	24.46	0.03
89	33	172	33	7.48	3.17
89	34	117	51	8.41	0.03
89	35	813	69	5.84	0.03
89	36	311	36	13.74	3.17
89	37	246	34	0	3.17
89	38	273	35	4.1	3.17
89	39	446	40	22.41	3.17
89	40	95	51	5.01	0.03
89	41	231	54	4.35	0.03
89	42	518	61	12.12	0.03
89	43	259	35	0	3.17
89	44	135	52	0	0.03
89	45	293	36	4.1	3.17
89	46	342	37	10.52	3.17
89	47	182	53	0	0.03
89	48	50	50	0.71	0.03
89	49	50	50	0.71	0.03
90	0	67	50	0	0.03
90	1	489	61	16.72	0.03
90	2	796	48	2.87	3.17
90	3	652	65	6.69	0.03
90	4	471	40	19.74	3.17
90	5	172	33	14.75	3.17
90	6	620	64	15.19	0.03
90	7	218	34	11.87	3.17
90	8	50	41	2.79	1.6
90	9	637	64	7.26	0.03
90	10	584	63	3.38	0.03
90	11	853	70	0	0.03
90	12	995	54	27.53	3.17
90	13	127	51	0	0.03
90	14	782	48	0	3.17
90	15	126	31	1.06	3.17
90	16	874	50	15.61	3.17
90	17	759	48	7.05	3.17
90	18	566	43	19.8	3.17
90	19	673	65	2.85	0.03
90	20	106	51	0	0.03
90	21	374	38	9.34	3.17
90	22	921	52	4.44	3.17
90	23	824	49	4.58	3.17
90	24	193	33	14.75	3.17
90	25	556	62	7.53	0.03
90	26	665	65	5.2	0.03
90	27	777	48	0	3.17
90	28	513	41	17.23	3.17
90	29	84	50	0	0.03
90	30	644	45	0	3.17
90	31	807	49	0	3.17
90	32	995	74	30.23	0.03
90	33	156	32	15.71	3.17
90	34	117	51	0	0.03
90	35	814	69	1.76	0.03
90	36	302	36	9.34	3.17
90	37	246	34	0	3.17
90	38	266	35	6.71	3.17
90	39	421	39	24.57	3.17
90	40	95	51	0	0.03
90	41	242	54	10.58	0.03
90	42	535	62	16.72	0.03
90	43	259	35	0	3.17
90	44	135	52	0	0.03
90	45	284	35	9.34	3.17
90	46	332	37	9.34	3.17
90	47	182	53	0	0.03
90	48	50	50	0	0.03
90	49	50	50	0	0.03
