
1	0	140	281	1.62	3.46	0	true
1	1	161	303	1.63	3.51	0	false
1	2	141	272	1.62	3.48	0	false
1	3	157	256	1.56	3.68	0	false
1	4	142	276	1.7	3.42	0	false
1	5	165	293	1.7	3.74	0	false
1	6	117	295	0.47	0.32	1	true
1	7	116	284	0.46	0.58	1	false
1	8	123	275	0.46	0.18	1	false
1	9	114	282	0.49	0.56	1	false
1	10	116	296	0.47	0.31	1	false
1	11	121	293	0.47	0.2	1	false
1	12	337	347	9.95	3.46	2	true
1	13	370	380	9.57	3.5	2	false
1	14	351	366	9.94	3.4	2	false
1	15	364	377	9.88	3.27	2	false
1	16	341	355	9.73	3.22	2	false
1	17	356	362	10.19	3.73	2	false
1	18	262	343	12.59	0.32	3	true
1	19	271	360	12.01	0.26	3	false
1	20	258	315	11.99	0.15	3	false
1	21	224	311	12.8	0.29	3	false
1	22	277	353	12.77	0.15	3	false
1	23	241	366	12.29	0.19	3	false
1	24	68	26	9.47	3.93	4	true
1	25	83	12	9.85	4.22	4	false
1	26	74	47	9.21	4.19	4	false
1	27	75	25	9.01	3.93	4	false
1	28	77	57	9.56	4.08	4	false
1	29	86	27	9.91	3.93	4	false
2	0	138	281	2.37	3.46	0	true
2	1	160	302	2.36	3.53	0	false
2	2	140	272	2.47	3.54	0	false
2	3	156	255	2.48	3.42	0	false
2	4	140	275	2.41	3.76	0	false
2	5	164	292	2.46	3.15	0	false
2	6	117	295	0	0.32	1	true
2	7	117	285	0	0	1	false
2	8	123	275	0	0	1	false
2	9	114	282	0	0	1	false
2	10	116	296	0	0	1	false
2	11	122	293	0	0	1	false
2	12	327	344	10.63	3.46	2	true
2	13	361	376	10.65	3.71	2	false
2	14	341	363	10.58	3.3	2	false
2	15	354	376	11.14	3.32	2	false
2	16	331	354	10.56	3.5	2	false
2	17	347	356	10.89	3.55	2	false
2	18	262	343	0.11	0.32	3	true
2	19	283	363	0.11	0.49	3	false
2	20	270	317	0.12	0.25	3	false
2	21	236	315	0.11	0.14	3	false
2	22	289	355	0.11	0.42	3	false
2	23	253	369	0.12	0.3	3	false
2	24	68	26	0	3.93	4	true
2	25	78	4	0	0	4	false
2	26	69	39	0	0	4	false
2	27	68	19	0	0	4	false
2	28	71	49	0	0	4	false
2	29	79	20	0	0	4	false
3	0	138	281	0	3.46	0	true
3	1	157	302	0	0	0	false
3	2	137	271	0	0	0	false
3	3	153	255	0	0	0	false
3	4	138	274	0	0	0	false
3	5	161	292	0	0	0	false
3	6	126	298	9.32	0.32	1	true
3	7	117	285	9.06	0.59	1	false
3	8	123	275	8.95	0.49	1	false
3	9	114	282	9.7	0.25	1	false
3	10	116	296	9.78	0.5	1	false
3	11	122	293	9.64	0.15	1	false
3	12	306	337	22.25	3.46	2	true
3	13	352	371	22.31	3.28	2	false
3	14	331	362	22.44	3.54	2	false
3	15	343	374	21.5	3.43	2	false
3	16	321	350	22.67	3.41	2	false
3	17	337	352	21.59	3.65	2	false
3	18	271	346	9.59	0.32	3	true
3	19	283	363	9.63	0.23	3	false
3	20	270	317	9.35	0.13	3	false
3	21	236	315	9.76	0.59	3	false
3	22	289	355	9.19	0.57	3	false
3	23	253	369	10	0.61	3	false
3	24	68	26	0	3.93	4	true
3	25	78	4	0	0	4	false
3	26	69	39	0	0	4	false
3	27	68	19	0	0	4	false
3	28	71	49	0	0	4	false
3	29	79	20	0	0	4	false
4	0	138	281	0	3.46	0	true
4	1	157	302	0	0	0	false
4	2	137	271	0	0	0	false
4	3	153	255	0	0	0	false
4	4	138	274	0	0	0	false
4	5	161	292	0	0	0	false
4	6	142	303	17.03	0.32	1	true
4	7	124	290	17.72	0.64	1	false
4	8	131	279	17.18	0.01	1	false
4	9	124	285	16.61	0.23	1	false
4	10	125	301	16.69	0.31	1	false
4	11	131	295	16.24	0.37	1	false
4	12	284	329	23.49	3.46	2	true
4	13	330	368	22.41	3.62	2	false
4	14	310	353	24.21	3.22	2	false
4	15	323	367	22.44	3.59	2	false
4	16	300	344	22.99	3.16	2	false
4	17	319	341	22.78	3.25	2	false
4	18	271	346	0	0.32	3	true
4	19	293	366	0	0	3	false
4	20	279	318	0	0	3	false
4	21	245	320	0	0	3	false
4	22	297	360	0	0	3	false
4	23	261	374	0	0	3	false
4	24	68	26	0	3.93	4	true
4	25	78	4	0	0	4	false
4	26	69	39	0	0	4	false
4	27	68	19	0	0	4	false
4	28	71	49	0	0	4	false
4	29	79	20	0	0	4	false
5	0	138	281	0	3.46	0	true
5	1	157	302	0	0	0	false
5	2	137	271	0	0	0	false
5	3	153	255	0	0	0	false
5	4	138	274	0	0	0	false
5	5	161	292	0	0	0	false
5	6	166	311	25.54	0.32	1	true
5	7	138	300	24.5	0.41	1	false
5	8	149	279	26.19	0.05	1	false
5	9	140	288	25.25	0.6	1	false
5	10	140	306	25.01	0.3	1	false
5	11	146	300	26	0.16	1	false
5	12	252	319	33	3.46	2	true
5	13	310	357	31.42	3.31	2	false
5	14	286	351	32.65	3.64	2	false
5	15	303	358	31.59	3.37	2	false
5	16	277	344	32.47	3.4	2	false
5	17	296	339	32.98	3.44	2	false
5	18	283	350	12.1	0.32	3	true
5	19	293	366	12.29	0.18	3	false
5	20	279	318	11.72	0.17	3	false
5	21	245	320	11.76	0.63	3	false
5	22	297	360	12.05	0.37	3	false
5	23	261	374	12.4	0.04	3	false
5	24	66	23	3.85	3.93	4	true
5	25	78	4	3.69	3.67	4	false
5	26	69	39	3.88	3.73	4	false
5	27	68	19	3.9	3.64	4	false
5	28	71	49	3.76	3.71	4	false
5	29	79	20	3.77	4.22	4	false
6	0	130	278	8.35	3.46	0	true
6	1	157	302	8.15	3.6	0	false
6	2	137	271	8.41	3.76	0	false
6	3	153	255	8.26	3.63	0	false
6	4	138	274	8.07	3.21	0	false
6	5	161	292	8.64	3.51	0	false
6	6	197	322	33	0.32	1	true
6	7	161	310	34.57	0.22	1	false
6	8	175	281	33.71	0.39	1	false
6	9	161	303	31.7	0.61	1	false
6	10	164	313	31.6	0.23	1	false
6	11	172	305	32.26	0.47	1	false
6	12	221	308	33	3.46	2	true
6	13	279	352	31.95	3.41	2	false
6	14	257	335	34.42	3.54	2	false
6	15	272	351	33.31	3.24	2	false
6	16	245	336	34.41	3.74	2	false
6	17	264	329	33.45	3.25	2	false
6	18	299	355	17.18	0.32	3	true
6	19	305	368	16.91	0.39	3	false
6	20	290	320	17.63	0.17	3	false
6	21	254	327	16.56	0.53	3	false
6	22	308	365	17.07	0.4	3	false
6	23	274	375	17.72	0.28	3	false
6	24	55	12	15.57	3.93	4	true
6	25	75	2	15.21	3.85	4	false
6	26	66	37	14.97	4.16	4	false
6	27	65	17	15.7	4.12	4	false
6	28	68	47	16.01	4.11	4	false
6	29	77	16	15.67	4.1	4	false
7	0	129	278	19.75	3.46	0	true
7	1	150	298	19.91	3.19	0	false
7	2	130	266	20.34	3.26	0	false
7	3	146	251	19.47	3.76	0	false
7	4	130	273	19.07	3.55	0	false
7	5	153	289	19.6	3.19	0	false
7	6	228	332	32.06	0.32	1	true
7	7	195	317	31.44	0.58	1	false
7	8	206	294	31.23	0.3	1	false
7	9	187	321	31.87	0.34	1	false
7	10	195	321	33.31	0.39	1	false
7	11	201	319	32.3	0.43	1	false
7	12	190	298	33	3.46	2	true
7	13	249	344	32.71	3.74	2	false
7	14	225	322	32.87	3.52	2	false
7	15	239	347	33.64	3.31	2	false
7	16	217	316	33.08	3.16	2	false
7	17	231	326	32.86	3.67	2	false
7	18	318	362	20.44	0.32	3	true
7	19	320	374	19.84	0.12	3	false
7	20	308	323	20.61	0.39	3	false
7	21	268	336	20.97	0.13	3	false
7	22	324	371	21.46	0.07	3	false
7	23	291	380	19.98	0.41	3	false
7	24	40	-1	20.4	3.93	4	true
7	25	63	7	19.56	3.97	4	false
7	26	58	25	20.73	3.87	4	false
7	27	56	4	20.25	3.86	4	false
7	28	59	34	20.96	4.12	4	false
7	29	68	4	20.89	4.08	4	false
8	0	129	278	32.5	4.71	0	true
8	1	130	297	32.82	4.87	0	false
8	2	110	264	31.55	4.63	0	false
8	3	130	240	31.01	4.99	0	false
8	4	113	266	33.66	4.95	0	false
8	5	134	288	31.56	4.59	0	false
8	6	259	342	33	0.32	1	true
8	7	221	335	34.07	0.14	1	false
8	8	236	303	32.22	0.41	1	false
8	9	217	331	33.9	0.5	1	false
8	10	226	333	31.46	0.37	1	false
8	11	230	333	34.41	0.59	1	false
8	12	164	289	27.56	3.46	2	true
8	13	221	326	26.83	3.67	2	false
8	14	195	310	27.88	3.54	2	false
8	15	205	342	26.7	3.6	2	false
8	16	184	316	28.05	3.61	2	false
8	17	203	309	28.89	3.22	2	false
8	18	341	370	24.18	0.32	3	true
8	19	340	376	25.09	0.52	3	false
8	20	327	331	23.63	0.54	3	false
8	21	289	338	23.76	0.47	3	false
8	22	346	373	24.62	0.6	3	false
8	23	309	388	25.05	0.31	3	false
8	24	21	-21	32.3	3.93	4	true
8	25	50	6	31.26	3.98	4	false
8	26	42	11	33.78	3.75	4	false
8	27	41	9	32.34	3.96	4	false
8	28	47	16	33.2	3.89	4	false
8	29	55	12	33.35	3.85	4	false
9	0	129	246	32.03	4.71	0	true
9	1	135	264	32.86	4.68	0	false
9	2	108	232	32.45	4.49	0	false
9	3	139	210	31.59	4.54	0	false
9	4	121	233	30.66	4.87	0	false
9	5	130	257	32.91	4.72	0	false
9	6	290	353	33	0.32	1	true
9	7	255	339	31.74	0.01	1	false
9	8	265	316	32.59	0.14	1	false
9	9	247	348	32.07	0.38	1	false
9	10	255	345	34.42	0.17	1	false
9	11	259	352	34.38	0.52	1	false
9	12	132	279	33	3.46	2	true
9	13	198	312	32.18	3.38	2	false
9	14	169	299	31.52	3.76	2	false
9	15	181	330	34.12	3.37	2	false
9	16	159	303	34.24	3.39	2	false
9	17	174	307	32.17	3.24	2	false
9	18	372	380	32.46	0.32	3	true
9	19	362	389	33.29	0.29	3	false
9	20	347	343	31.92	0.23	3	false
9	21	310	349	33.75	0.13	3	false
9	22	366	387	32.52	0.62	3	false
9	23	333	396	33.54	0.06	3	false
9	24	0	0	33	2.36	4	true
9	25	29	16	33.15	2.53	4	false
9	26	15	8	34.03	2.46	4	false
9	27	19	14	33.83	2.67	4	false
9	28	23	5	34.44	2.17	4	false
9	29	30	8	33.97	2.45	4	false
10	0	129	216	29.43	4.71	0	true
10	1	134	232	29.25	4.58	0	false
10	2	101	201	29.9	4.89	0	false
10	3	133	179	29.84	5	0	false
10	4	126	203	30.02	4.9	0	false
10	5	130	224	28.04	4.81	0	false
10	6	322	363	33	0.32	1	true
10	7	286	340	32.63	0.15	1	false
10	8	298	320	32.56	0.12	1	false
10	9	277	359	33.79	0.16	1	false
10	10	289	350	34	0.45	1	false
10	11	288	369	34.23	0.53	1	false
10	12	129	278	27.65	3.46	2	true
10	13	167	304	28	3.75	2	false
10	14	143	281	28.84	3.37	2	false
10	15	148	322	28.14	3.31	2	false
10	16	125	295	28.15	3.67	2	false
10	17	142	304	28.4	3.7	2	false
10	18	403	390	33	0.32	3	true
10	19	394	398	33.68	0.57	3	false
10	20	378	350	33.7	0.4	3	false
10	21	344	354	32.18	0.56	3	false
10	22	392	393	33.59	0.59	3	false
10	23	366	398	32.03	0.24	3	false
10	24	0	0	33	0.79	4	true
10	25	2	35	33.86	0.53	4	false
10	26	11	29	33.37	0.5	4	false
10	27	10	29	32.53	0.52	4	false
10	28	3	34	31.69	0.59	4	false
10	29	4	30	32.03	0.54	4	false
11	0	129	192	24.51	4.71	0	true
11	1	130	203	25.67	4.73	0	false
11	2	106	171	23.31	4.65	0	false
11	3	141	150	23.5	4.72	0	false
11	4	131	173	25.45	4.62	0	false
11	5	133	196	23.91	4.83	0	false
11	6	353	373	33	0.32	1	true
11	7	319	345	32.02	0.43	1	false
11	8	330	324	33.26	0.38	1	false
11	9	310	365	32.79	0.28	1	false
11	10	320	365	31.96	0.11	1	false
11	11	318	386	31.76	0.03	1	false
11	12	129	278	33	4.71	2	true
11	13	144	289	32.49	4.7	2	false
11	14	115	274	32.43	4.54	2	false
11	15	120	318	33.94	4.58	2	false
11	16	101	280	31.7	4.81	2	false
11	17	118	288	31.52	4.65	2	false
11	18	409	371	20.01	5.03	3	true
11	19	377	383	19.48	5.01	3	false
11	20	390	363	20.84	5.23	3	false
11	21	371	371	19.62	5.07	3	false
11	22	379	387	20.8	5.27	3	false
11	23	397	394	20.72	5.34	3	false
11	24	23	23	33	0.79	4	true
11	25	31	52	32.02	0.91	4	false
11	26	40	45	33.42	0.57	4	false
11	27	39	46	31.62	0.57	4	false
11	28	30	52	32.2	0.6	4	false
11	29	31	47	34.11	0.68	4	false
12	0	129	162	29.98	4.71	0	true
12	1	131	177	30.73	4.72	0	false
12	2	104	148	29.24	4.52	0	false
12	3	142	127	30.35	4.5	0	false
12	4	129	148	29.51	4.91	0	false
12	5	136	172	30.18	4.54	0	false
12	6	384	384	33	0.32	1	true
12	7	348	358	33.59	0.05	1	false
12	8	361	337	33.68	0.17	1	false
12	9	341	374	32.84	0.45	1	false
12	10	352	369	31.37	0.32	1	false
12	11	350	387	33.76	0.54	1	false
12	12	129	245	33	4.71	2	true
12	13	144	256	32.79	4.46	2	false
12	14	110	242	32.02	4.97	2	false
12	15	116	284	33.61	5.02	2	false
12	16	104	249	31.73	4.65	2	false
12	17	116	257	34.07	4.41	2	false
12	18	412	362	23.62	5.03	3	true
12	19	383	364	23.16	4.77	3	false
12	20	399	345	24.59	4.75	3	false
12	21	378	352	23.2	5	3	false
12	22	390	369	23.51	5.27	3	false
12	23	390	377	24.24	4.73	3	false
12	24	46	46	33	0.79	4	true
12	25	51	77	32.06	0.94	4	false
12	26	68	63	32.34	0.6	4	false
12	27	65	63	33.19	0.84	4	false
12	28	56	70	32.41	0.98	4	false
12	29	58	68	32.77	0.63	4	false
13	0	129	129	33	4.71	0	true
13	1	131	146	34.49	4.74	0	false
13	2	99	119	32.25	4.78	0	false
13	3	135	97	33	4.55	0	false
13	4	134	119	34.29	4.75	0	false
13	5	131	142	32.71	4.83	0	false
13	6	403	390	21.42	0.32	1	true
13	7	381	359	21.88	0.49	1	false
13	8	394	342	20.91	0.47	1	false
13	9	371	388	21.32	0.29	1	false
13	10	382	378	20.85	0.47	1	false
13	11	379	394	22.05	0.05	1	false
13	12	129	212	33	4.71	2	true
13	13	135	224	34.4	4.43	2	false
13	14	118	211	34.45	4.67	2	false
13	15	126	252	32.69	4.51	2	false
13	16	102	217	34.06	4.5	2	false
13	17	106	225	32.21	4.83	2	false
13	18	412	362	27.68	3.46	3	true
13	19	384	341	28.06	3.29	3	false
13	20	399	321	27.17	3.71	3	false
13	21	384	330	27.3	3.4	3	false
13	22	397	349	28.02	3.43	3	false
13	23	390	353	28.1	3.54	3	false
13	24	70	70	33	0.79	4	true
13	25	70	103	33.67	0.71	4	false
13	26	95	81	32.87	0.74	4	false
13	27	87	87	34.05	0.64	4	false
13	28	74	97	31.9	0.77	4	false
13	29	84	87	31.67	0.84	4	false
14	0	129	102	26.65	4.71	0	true
14	1	132	112	26.8	4.57	0	false
14	2	101	87	25.93	5.03	0	false
14	3	130	64	26.83	5	0	false
14	4	136	85	26.13	4.51	0	false
14	5	134	110	25.71	4.81	0	false
14	6	410	368	22.89	5.03	1	true
14	7	398	370	23.85	4.91	1	false
14	8	386	352	22.75	5.25	1	false
14	9	391	394	22.18	5.31	1	false
14	10	399	388	22.11	4.99	1	false
14	11	398	396	21.99	5.15	1	false
14	12	129	184	27.43	4.71	2	true
14	13	126	191	27.98	4.58	2	false
14	14	117	177	27.63	4.43	2	false
14	15	119	220	26.6	4.98	2	false
14	16	95	184	27.46	5.01	2	false
14	17	109	193	26.15	4.42	2	false
14	18	395	356	18.02	3.46	3	true
14	19	356	336	18.1	3.75	3	false
14	20	376	306	17.65	3.47	3	false
14	21	358	323	18.81	3.29	3	false
14	22	370	341	17.34	3.34	3	false
14	23	364	342	17.37	3.57	3	false
14	24	93	93	33	0.79	4	true
14	25	95	125	32.95	0.96	4	false
14	26	119	104	33.25	0.56	4	false
14	27	115	108	34.02	0.96	4	false
14	28	97	119	34.05	0.66	4	false
14	29	106	111	34.37	0.62	4	false
15	0	130	87	33	4.71	0	true
15	1	128	85	33.98	4.62	0	false
15	2	109	62	34.49	4.43	0	false
15	3	138	39	33.77	4.78	0	false
15	4	130	59	31.7	4.73	0	false
15	5	137	84	32.75	4.6	0	false
15	6	412	362	33	5.03	1	true
15	7	396	346	34.32	5.2	1	false
15	8	398	332	33.64	5.24	1	false
15	9	395	376	33.77	5.13	1	false
15	10	394	367	32.49	5.27	1	false
15	11	391	376	33.83	5.03	1	false
15	12	129	157	27.08	4.71	2	true
15	13	122	164	26.89	4.53	2	false
15	14	109	150	26.35	4.75	2	false
15	15	127	194	28.07	4.77	2	false
15	16	103	158	25.87	4.87	2	false
15	17	102	168	27.38	5	2	false
15	18	368	347	28.35	3.46	3	true
15	19	341	326	29.18	3.28	3	false
15	20	359	300	29.72	3.48	3	false
15	21	339	320	28.56	3.29	3	false
15	22	353	338	28.12	3.69	3	false
15	23	348	335	29.11	3.41	3	false
15	24	100	100	33	0.79	4	true
15	25	114	152	33.35	0.98	4	false
15	26	147	121	31.64	0.5	4	false
15	27	134	135	33.56	0.94	4	false
15	28	124	140	32.47	0.92	4	false
15	29	134	131	34.22	0.56	4	false
16	0	106	64	33	3.93	0	true
16	1	125	51	33.94	3.64	0	false
16	2	99	29	34.15	3.67	0	false
16	3	140	5	34.39	3.95	0	false
16	4	131	27	32.37	4.1	0	false
16	5	133	52	31.84	3.85	0	false
16	6	412	362	33	3.46	1	true
16	7	387	316	34.26	3.28	1	false
16	8	384	303	32.85	3.57	1	false
16	9	390	345	32.73	3.51	1	false
16	10	388	339	31.35	3.53	1	false
16	11	397	344	34.05	3.47	1	false
16	12	129	124	33	4.71	2	true
16	13	117	137	31.87	5.03	2	false
16	14	110	124	32.8	4.69	2	false
16	15	128	166	32.86	4.47	2	false
16	16	107	132	33.8	4.72	2	false
16	17	110	141	31.4	4.52	2	false
16	18	342	338	27.31	3.46	3	true
16	19	312	322	27.85	3.43	3	false
16	20	331	290	27.53	3.69	3	false
16	21	311	316	26.32	3.23	3	false
16	22	329	323	26.06	3.39	3	false
16	23	320	327	27.75	3.52	3	false
16	24	100	133	33	1.57	4	true
16	25	133	180	34.54	1.53	4	false
16	26	175	136	33.9	1.47	4	false
16	27	154	163	34.29	1.28	4	false
16	28	144	166	32.77	1.82	4	false
16	29	163	149	32.21	1.27	4	false
17	0	83	40	33	3.93	0	true
17	1	95	35	33.62	3.91	0	false
17	2	70	12	32.91	3.95	0	false
17	3	116	19	33.62	4.11	0	false
17	4	112	1	34.14	3.75	0	false
17	5	109	31	34.07	3.71	0	false
17	6	381	351	33	3.46	1	true
17	7	353	311	33.04	3.43	1	false
17	8	354	289	34.06	3.32	1	false
17	9	360	333	34.12	3.44	1	false
17	10	359	327	32.2	3.21	1	false
17	11	365	333	33.06	3.28	1	false
17	12	129	91	33	4.71	2	true
17	13	127	107	33.45	4.46	2	false
17	14	109	91	32.77	4.7	2	false
17	15	120	134	31.79	4.8	2	false
17	16	107	98	33.95	4.58	2	false
17	17	104	110	34.15	4.88	2	false
17	18	311	328	33	3.46	3	true
17	19	286	314	33.47	3.37	3	false
17	20	308	276	33.71	3.58	3	false
17	21	285	314	33.54	3.67	3	false
17	22	304	317	34.34	3.63	3	false
17	23	295	316	33.14	3.39	3	false
17	24	100	162	29.85	1.57	4	true
17	25	134	214	29.94	1.3	4	false
17	26	179	170	29.72	1.43	4	false
17	27	164	195	28.65	1.8	4	false
17	28	136	197	29.06	1.84	4	false
17	29	172	180	31.18	1.39	4	false
18	0	59	17	33	3.93	0	true
18	1	71	12	31.41	4.23	0	false
18	2	47	11	34.45	4.23	0	false
18	3	97	8	33.75	3.87	0	false
18	4	84	18	32.41	3.88	0	false
18	5	80	13	34.46	3.85	0	false
18	6	350	341	33	3.46	1	true
18	7	321	302	31.66	3.55	1	false
18	8	321	283	32.09	3.61	1	false
18	9	327	323	32.63	3.49	1	false
18	10	327	325	34.04	3.63	1	false
18	11	332	328	33.05	3.18	1	false
18	12	130	87	33	4.71	2	true
18	13	119	74	32.22	4.89	2	false
18	14	109	59	34.45	4.97	2	false
18	15	123	103	33.36	4.93	2	false
18	16	103	65	33.37	4.62	2	false
18	17	109	77	32.77	4.69	2	false
18	18	283	318	29.87	3.46	3	true
18	19	253	306	30.71	3.76	3	false
18	20	277	262	30.4	3.15	3	false
18	21	256	297	29.26	3.16	3	false
18	22	273	301	31.23	3.33	3	false
18	23	262	308	28.68	3.55	3	false
18	24	100	195	33	1.57	4	true
18	25	142	243	34.49	1.47	4	false
18	26	183	200	33.61	1.41	4	false
18	27	157	223	34.39	1.47	4	false
18	28	128	225	33.68	1.45	4	false
18	29	178	210	32.17	1.34	4	false
19	0	36	-5	33	3.93	0	true
19	1	56	15	34.36	3.75	0	false
19	2	31	19	34.44	3.9	0	false
19	3	72	14	32.92	3.65	0	false
19	4	60	3	32.07	4.22	0	false
19	5	54	9	34.1	4.14	0	false
19	6	330	334	20.36	3.46	1	true
19	7	292	289	19.9	3.18	1	false
19	8	292	269	19.86	3.19	1	false
19	9	296	312	19.97	3.54	1	false
19	10	297	309	20.48	3.51	1	false
19	11	299	327	19.79	3.52	1	false
19	12	110	68	27.19	3.93	2	true
19	13	124	43	28.28	3.8	2	false
19	14	118	25	27.53	3.92	2	false
19	15	130	70	26.47	3.95	2	false
19	16	100	31	25.87	3.91	2	false
19	17	109	44	27.64	4.13	2	false
19	18	251	308	33	3.46	3	true
19	19	228	289	34.1	3.71	3	false
19	20	247	261	32.2	3.53	3	false
19	21	227	296	32.95	3.33	3	false
19	22	243	295	32.98	3.59	3	false
19	23	236	297	31.9	3.46	3	false
19	24	100	228	33	1.57	4	true
19	25	146	278	32.68	1.72	4	false
19	26	188	233	31.49	1.87	4	false
19	27	161	257	32.4	1.48	4	false
19	28	132	259	34.04	1.45	4	false
19	29	185	242	34.64	1.3	4	false
20	0	21	-20	21.11	3.93	0	true
20	1	28	4	21.96	3.98	0	false
20	2	6	4	20.81	4.22	0	false
20	3	43	1	20.86	3.68	0	false
20	4	45	24	21.64	3.8	0	false
20	5	35	19	20.12	4.17	0	false
20	6	314	329	17.29	3.46	1	true
20	7	272	289	17.2	3.75	1	false
20	8	272	268	16.49	3.3	1	false
20	9	278	304	17.65	3.54	1	false
20	10	278	301	16.81	3.37	1	false
20	11	281	319	17.31	3.47	1	false
20	12	98	56	16.79	3.93	2	true
20	13	102	25	16.31	3.72	2	false
20	14	98	6	17.13	3.61	2	false
20	15	112	51	16.18	3.98	2	false
20	16	81	14	16.1	3.93	2	false
20	17	93	21	17.27	3.74	2	false
20	18	224	299	28.67	3.46	3	true
20	19	199	270	29.58	3.52	3	false
20	20	217	249	28.48	3.55	3	false
20	21	194	290	28.19	3.32	3	false
20	22	213	281	27.7	3.17	3	false
20	23	206	286	29.23	3.7	3	false
20	24	100	261	33	1.57	4	true
20	25	141	310	31.98	1.63	4	false
20	26	179	263	31.76	1.72	4	false
20	27	164	290	34.06	1.42	4	false
20	28	136	293	34.46	1.45	4	false
20	29	194	275	33.35	1.43	4	false
21	0	21	-21	11.27	3.93	0	true
21	1	14	12	11.59	4.18	0	false
21	2	3	14	11.25	4.18	0	false
21	3	25	8	10.72	3.7	0	false
21	4	28	11	11.35	4	0	false
21	5	25	2	11.12	4.21	0	false
21	6	295	323	19.8	3.46	1	true
21	7	258	279	20.09	3.35	1	false
21	8	256	265	19.39	3.6	1	false
21	9	262	297	19.43	3.61	1	false
21	10	261	297	19.98	3.72	1	false
21	11	264	314	18.82	3.33	1	false
21	12	81	39	24.09	3.93	2	true
21	13	88	16	23.65	3.89	2	false
21	14	83	1	24.42	4.15	2	false
21	15	101	39	24.2	3.75	2	false
21	16	70	2	23.79	3.84	2	false
21	17	79	11	23.98	4.07	2	false
21	18	204	292	20.96	3.46	3	true
21	19	172	259	21.46	3.32	3	false
21	20	191	238	21.34	3.25	3	false
21	21	167	285	20.14	3.18	3	false
21	22	185	280	21.98	3.18	3	false
21	23	181	271	21.25	3.53	3	false
21	24	100	293	31.38	1.57	4	true
21	25	139	342	31.43	1.3	4	false
21	26	174	294	31.39	1.37	4	false
21	27	169	323	31.89	1.38	4	false
21	28	140	327	29.85	1.75	4	false
21	29	199	308	32.64	1.35	4	false
22	0	15	-15	7.59	2.36	0	true
22	1	8	2	7.54	2.37	0	false
22	2	2	4	7.22	2.61	0	false
22	3	16	3	7.4	2.67	0	false
22	4	21	2	7.38	2.52	0	false
22	5	20	7	7.4	2.6	0	false
22	6	266	313	30.78	3.46	1	true
22	7	239	275	29.36	3.22	1	false
22	8	239	257	31.67	3.48	1	false
22	9	245	288	30.57	3.15	1	false
22	10	244	287	29.95	3.31	1	false
22	11	246	310	31.64	3.49	1	false
22	12	66	24	21.59	3.93	2	true
22	13	71	0	21.1	4.18	2	false
22	14	70	19	21.01	3.9	2	false
22	15	81	25	20.99	4.14	2	false
22	16	51	12	21.87	3.87	2	false
22	17	65	7	21.19	3.84	2	false
22	18	180	284	25.32	3.46	3	true
22	19	151	255	25.96	3.38	3	false
22	20	170	236	25.63	3.42	3	false
22	21	147	284	25.41	3.54	3	false
22	22	163	279	24.77	3.39	3	false
22	23	162	263	24.07	3.64	3	false
22	24	100	300	33	1.57	4	true
22	25	147	372	33.52	1.74	4	false
22	26	181	325	33.36	1.27	4	false
22	27	175	355	32.23	1.37	4	false
22	28	135	356	33.79	1.62	4	false
22	29	206	340	34.07	1.51	4	false
23	0	9	-9	8.54	2.36	0	true
23	1	2	7	8.15	2.29	0	false
23	2	4	8	8.16	2.47	0	false
23	3	10	6	8.25	2.47	0	false
23	4	15	6	8.49	2.1	0	false
23	5	13	11	8.41	2.19	0	false
23	6	235	302	33	3.46	1	true
23	7	209	272	33.38	3.42	1	false
23	8	209	246	32.02	3.29	1	false
23	9	214	288	33.39	3.57	1	false
23	10	215	281	31.47	3.56	1	false
23	11	216	300	31.92	3.72	1	false
23	12	50	8	22.8	3.93	2	true
23	13	60	17	22.42	3.63	2	false
23	14	54	4	22.25	3.92	2	false
23	15	69	8	23.11	3.89	2	false
23	16	35	1	23.92	4.1	2	false
23	17	48	6	23.44	4.01	2	false
23	18	160	277	21.79	3.46	3	true
23	19	126	249	21.85	3.4	3	false
23	20	145	229	21.88	3.15	3	false
23	21	123	274	20.87	3.35	3	false
23	22	139	273	22.47	3.29	3	false
23	23	140	251	21.59	3.76	3	false
23	24	100	300	33	0.32	4	true
23	25	142	394	32	0.53	4	false
23	26	191	357	33.07	0.16	4	false
23	27	182	386	33.2	0.63	4	false
23	28	133	390	32.58	0.21	4	false
23	29	208	374	33.81	0.6	4	false
24	0	2	-2	9.64	2.36	0	true
24	1	2	13	9.4	2.39	0	false
24	2	2	13	10.02	2.05	0	false
24	3	3	11	9.8	2.32	0	false
24	4	10	14	9.7	2.15	0	false
24	5	8	18	9.82	2.46	0	false
24	6	203	292	33	3.46	1	true
24	7	177	263	33.42	3.7	1	false
24	8	177	241	32.38	3.47	1	false
24	9	184	274	32.02	3.24	1	false
24	10	186	269	34.5	3.31	1	false
24	11	189	282	33.81	3.15	1	false
24	12	32	-10	25.7	3.93	2	true
24	13	40	6	24.86	3.85	2	false
24	14	38	10	25.25	3.69	2	false
24	15	52	7	24.95	4.12	2	false
24	16	21	17	25.98	3.91	2	false
24	17	33	11	26.03	3.79	2	false
24	18	139	271	22.13	3.46	3	true
24	19	105	244	22.41	3.42	3	false
24	20	123	228	21.81	3.67	3	false
24	21	103	270	21.92	3.39	3	false
24	22	117	270	22.26	3.48	3	false
24	23	123	239	21.38	3.71	3	false
24	24	131	310	33	0.32	4	true
24	25	169	389	32.23	0.01	4	false
24	26	223	362	32.08	0.26	4	false
24	27	208	393	31.81	0.55	4	false
24	28	165	397	34.53	0.46	4	false
24	29	236	393	33.24	0.35	4	false
25	0	0	0	20.66	2.36	0	true
25	1	4	20	20.69	2.57	0	false
25	2	2	22	19.63	2.16	0	false
25	3	2	18	19.91	2.45	0	false
25	4	5	22	20.03	2.23	0	false
25	5	1	24	21.35	2.49	0	false
25	6	172	281	33	3.46	1	true
25	7	149	245	34.42	3.42	1	false
25	8	146	231	33.23	3.18	1	false
25	9	152	271	31.89	3.65	1	false
25	10	152	263	31.43	3.43	1	false
25	11	155	282	31.74	3.63	1	false
25	12	21	-20	14.92	3.93	2	true
25	13	22	9	15.47	3.79	2	false
25	14	17	2	14.3	3.67	2	false
25	15	39	13	15.23	4.03	2	false
25	16	3	0	14.34	3.97	2	false
25	17	13	3	14.32	3.75	2	false
25	18	139	271	11.59	4.71	3	true
25	19	83	237	12.04	4.56	3	false
25	20	104	217	11.24	4.86	3	false
25	21	82	264	11.72	4.97	3	false
25	22	96	263	11.57	4.4	3	false
25	23	105	227	11.03	4.97	3	false
25	24	153	317	23.6	0.32	4	true
25	25	202	389	22.93	0.25	4	false
25	26	254	370	22.45	0.24	4	false
25	27	236	389	23.44	0.1	4	false
25	28	196	387	24.76	0.57	4	false
25	29	268	395	24.73	0.14	4	false
26	0	0	0	23.25	0.79	0	true
26	1	13	31	23.65	0.74	0	false
26	2	8	38	22.59	0.86	0	false
26	3	12	31	23.65	0.67	0	false
26	4	6	38	23.23	0.6	0	false
26	5	15	37	22.16	1.04	0	false
26	6	141	271	33	3.46	1	true
26	7	116	236	34.02	3.4	1	false
26	8	113	230	34.62	3.56	1	false
26	9	124	256	32.09	3.21	1	false
26	10	122	254	34.14	3.18	1	false
26	11	127	267	32.94	3.19	1	false
26	12	21	-21	27.92	3.93	2	true
26	13	9	0	28.37	3.8	2	false
26	14	5	4	28.4	3.99	2	false
26	15	29	1	26.78	4.18	2	false
26	16	6	10	26.69	3.71	2	false
26	17	1	4	28.64	3.68	2	false
26	18	139	254	16.18	4.71	3	true
26	19	81	225	16.97	4.45	3	false
26	20	106	206	15.82	5.01	3	false
26	21	84	253	16.85	5.03	3	false
26	22	92	252	15.38	4.86	3	false
26	23	108	217	16.03	4.78	3	false
26	24	168	322	15.67	0.32	4	true
26	25	224	395	16.02	0.51	4	false
26	26	276	376	15.05	0.07	4	false
26	27	259	391	15.84	0.08	4	false
26	28	217	399	15.22	0.43	4	false
26	29	292	398	15.92	0.59	4	false
27	0	23	23	33	0.79	0	true
27	1	30	47	32.63	0.91	0	false
27	2	23	55	32.11	0.48	0	false
27	3	30	46	34.56	0.73	0	false
27	4	25	51	33.23	1	0	false
27	5	26	56	33.61	0.89	0	false
27	6	139	271	27.35	3.46	1	true
27	7	83	227	26.35	3.48	1	false
27	8	82	215	28.55	3.67	1	false
27	9	92	253	28.63	3.46	1	false
27	10	88	253	26.28	3.2	1	false
27	11	94	265	28.39	3.69	1	false
27	12	0	0	33	2.36	2	true
27	13	12	17	31.92	2.28	2	false
27	14	13	16	34.35	2.53	2	false
27	15	15	21	34.17	2.06	2	false
27	16	15	4	32.49	2.05	2	false
27	17	23	10	34.08	2.3	2	false
27	18	139	233	21.06	4.71	3	true
27	19	77	209	21.07	4.73	3	false
27	20	111	191	21.32	4.68	3	false
27	21	90	237	21.52	5.02	3	false
27	22	95	236	20.83	4.51	3	false
27	23	109	201	20.51	4.51	3	false
27	24	193	331	25.79	0.32	4	true
27	25	238	396	25.9	0.31	4	false
27	26	291	377	24.92	0.02	4	false
27	27	275	393	26.39	0.6	4	false
27	28	231	394	26.33	0.53	4	false
27	29	305	392	25.29	0.06	4	false
28	0	41	41	25.14	0.79	0	true
28	1	50	72	25.16	0.85	0	false
28	2	51	70	24.93	0.98	0	false
28	3	56	69	26.01	0.84	0	false
28	4	43	79	25.64	1.04	0	false
28	5	47	82	25.02	0.98	0	false
28	6	139	271	22.55	4.71	1	true
28	7	58	219	22.37	5.01	1	false
28	8	57	201	22.65	4.47	1	false
28	9	65	244	23.57	4.6	1	false
28	10	62	251	22.01	4.45	1	false
28	11	70	251	22.58	4.91	1	false
28	12	0	0	32.95	0.79	2	true
28	13	7	41	33.39	0.66	2	false
28	14	14	36	31.45	1.07	2	false
28	15	0	52	32.69	0.63	2	false
28	16	0	32	33.15	0.68	2	false
28	17	0	35	32.87	0.66	2	false
28	18	139	219	14.09	4.71	3	true
28	19	77	188	14.78	4.41	3	false
28	20	110	170	14.71	4.7	3	false
28	21	96	216	13.9	4.69	3	false
28	22	91	216	13.41	4.58	3	false
28	23	104	181	13.57	5	3	false
28	24	224	341	33	0.32	4	true
28	25	263	395	32.75	0.5	4	false
28	26	316	377	34.62	0.62	4	false
28	27	296	392	34.57	0.08	4	false
28	28	253	392	34.64	0.26	4	false
28	29	330	394	33.34	0.01	4	false
29	0	64	64	33	0.79	0	true
29	1	67	91	33.21	0.76	0	false
29	2	65	91	32.97	0.69	0	false
29	3	74	88	33.96	0.9	0	false
29	4	56	101	32.53	0.48	0	false
29	5	61	103	34.12	0.6	0	false
29	6	139	246	24.9	4.71	1	true
29	7	65	197	23.9	4.44	1	false
29	8	51	179	24.16	4.52	1	false
29	9	62	221	25.9	4.44	1	false
29	10	56	230	24.17	4.64	1	false
29	11	75	228	26.02	4.62	1	false
29	12	21	21	30.41	0.79	2	true
29	13	34	61	30.67	0.76	2	false
29	14	29	63	31.79	0.9	2	false
29	15	26	71	30.58	1.01	2	false
29	16	26	53	31.65	0.61	2	false
29	17	26	56	29.5	0.83	2	false
29	18	139	198	21.45	4.71	3	true
29	19	73	174	20.49	4.52	3	false
29	20	110	155	21.91	4.48	3	false
29	21	96	202	22.13	4.71	3	false
29	22	89	203	21.26	4.6	3	false
29	23	108	168	20.73	4.54	3	false
29	24	255	351	32.86	0.32	4	true
29	25	291	388	33.9	0.3	4	false
29	26	344	397	34.41	0.49	4	false
29	27	331	395	31.22	0.21	4	false
29	28	287	398	32.83	0.58	4	false
29	29	364	394	31.96	0.46	4	false
30	0	87	87	33	0.79	0	true
30	1	91	114	34.07	0.74	0	false
30	2	91	111	32.86	0.54	0	false
30	3	95	115	32.29	0.49	0	false
30	4	85	116	33.52	0.72	0	false
30	5	89	122	32.53	0.67	0	false
30	6	139	236	9.67	4.71	1	true
30	7	58	174	9.5	4.74	1	false
30	8	47	155	9.61	4.6	1	false
30	9	55	196	9.41	4.72	1	false
30	10	54	206	9.64	4.96	1	false
30	11	72	203	10.15	4.79	1	false
30	12	44	44	33	0.79	2	true
30	13	56	82	32.31	0.87	2	false
30	14	49	88	33.23	0.83	2	false
30	15	42	97	34.07	0.78	2	false
30	16	52	71	32.91	0.63	2	false
30	17	46	78	32.44	0.56	2	false
30	18	139	188	9.67	4.71	3	true
30	19	69	154	9.98	4.64	3	false
30	20	105	134	9.77	4.54	3	false
30	21	96	180	9.78	4.98	3	false
30	22	86	182	9.7	4.54	3	false
30	23	105	147	10.08	4.61	3	false
30	24	284	361	30.71	0.32	4	true
30	25	324	398	32.15	0.44	4	false
30	26	375	385	31.16	0.4	4	false
30	27	361	398	31.85	0.32	4	false
30	28	314	383	31.84	0.24	4	false
30	29	392	391	30.91	0.24	4	false
31	0	100	100	24.53	0.79	0	true
31	1	116	137	23.53	0.97	0	false
31	2	119	128	25.28	0.67	0	false
31	3	123	130	23.97	1	0	false
31	4	111	138	25.25	0.69	0	false
31	5	115	143	24.11	0.66	0	false
31	6	139	216	20.11	4.71	1	true
31	7	58	165	19.12	4.67	1	false
31	8	46	146	20.77	4.45	1	false
31	9	55	187	20.63	4.76	1	false
31	10	56	196	20.02	4.49	1	false
31	11	73	192	19.24	4.87	1	false
31	12	68	68	33	0.79	2	true
31	13	77	107	32.21	1.03	2	false
31	14	71	113	33.44	0.52	2	false
31	15	66	121	31.94	0.8	2	false
31	16	79	91	33.08	0.93	2	false
31	17	73	95	33.92	0.51	2	false
31	18	139	176	12.5	4.71	3	true
31	19	68	144	12.27	4.46	3	false
31	20	103	124	12.46	4.74	3	false
31	21	98	171	12.11	4.49	3	false
31	22	85	172	11.88	4.65	3	false
31	23	104	137	11.99	4.84	3	false
31	24	302	367	18.72	0.32	4	true
31	25	353	387	18.78	0.16	4	false
31	26	396	398	18.62	0.06	4	false
31	27	392	391	18.95	0.21	4	false
31	28	345	390	19.45	0.13	4	false
31	29	376	398	18.32	0.13	4	false
32	0	100	131	31.28	1.57	0	true
32	1	130	156	31.47	1.55	0	false
32	2	139	144	31.99	1.81	0	false
32	3	136	150	30.56	1.3	0	false
32	4	130	154	29.89	1.3	0	false
32	5	134	157	32.44	1.31	0	false
32	6	139	195	20.74	4.71	1	true
32	7	58	146	20.16	4.74	1	false
32	8	40	126	21.59	4.75	1	false
32	9	56	166	20.99	4.79	1	false
32	10	52	177	20.91	4.94	1	false
32	11	76	173	21.3	4.55	1	false
32	12	90	90	31.28	0.79	2	true
32	13	94	135	30.23	0.75	2	false
32	14	100	130	32.71	0.67	2	false
32	15	89	144	29.82	0.62	2	false
32	16	98	117	30.27	1.05	2	false
32	17	103	111	31.87	0.7	2	false
32	18	139	166	9.29	4.71	3	true
32	19	65	132	9.36	4.81	3	false
32	20	103	112	9.3	5.02	3	false
32	21	96	159	9.46	4.47	3	false
32	22	84	160	8.91	4.82	3	false
32	23	105	125	9.66	4.57	3	false
32	24	324	374	23.64	0.32	4	true
32	25	371	390	24.51	0.62	4	false
32	26	385	399	24.41	0.14	4	false
32	27	389	395	22.95	0.19	4	false
32	28	365	393	23.03	0.55	4	false
32	29	395	399	24.02	0.04	4	false
33	0	100	164	33	1.57	0	true
33	1	130	188	33.95	1.47	0	false
33	2	131	175	32.77	1.77	0	false
33	3	144	179	32.81	1.65	0	false
33	4	138	183	34.44	1.88	0	false
33	5	142	189	32.36	1.77	0	false
33	6	139	194	0.95	4.71	1	true
33	7	58	126	0.99	4.69	1	false
33	8	41	104	0.96	4.48	1	false
33	9	58	145	0.98	4.44	1	false
33	10	57	156	0.98	4.51	1	false
33	11	73	152	0.91	4.95	1	false
33	12	100	100	33	0.79	2	true
33	13	116	155	34.35	0.55	2	false
33	14	126	150	32.41	0.77	2	false
33	15	113	161	32.16	0.58	2	false
33	16	114	144	33.82	0.9	2	false
33	17	127	132	33.33	0.96	2	false
33	18	139	165	0.95	4.71	3	true
33	19	66	123	1	4.8	3	false
33	20	106	103	0.96	4.43	3	false
33	21	94	150	0.91	4.52	3	false
33	22	85	151	0.96	4.57	3	false
33	23	104	116	0.98	4.68	3	false
33	24	355	385	32.42	0.32	4	true
33	25	391	395	33.22	0.62	4	false
33	26	390	397	30.89	0.37	4	false
33	27	388	399	33.19	0.06	4	false
33	28	384	394	30.82	0.48	4	false
33	29	380	399	32.45	0.17	4	false
34	0	100	195	31.71	1.57	0	true
34	1	133	222	31.49	1.75	0	false
34	2	124	207	32.45	1.87	0	false
34	3	142	212	33.06	1.44	0	false
34	4	128	216	30.86	1.73	0	false
34	5	136	220	31.43	1.28	0	false
34	6	139	192	1.94	4.71	1	true
34	7	58	125	1.89	4.77	1	false
34	8	41	103	1.93	4.93	1	false
34	9	57	144	2	4.48	1	false
34	10	57	155	1.84	4.7	1	false
34	11	73	151	1.89	5.02	1	false
34	12	100	133	33	1.57	2	true
34	13	145	173	33.95	1.75	2	false
34	14	149	172	32.03	1.62	2	false
34	15	140	178	33.3	1.46	2	false
34	16	135	170	34.06	1.57	2	false
34	17	146	159	33.34	1.38	2	false
34	18	139	153	12.54	4.71	3	true
34	19	66	122	13.05	4.5	3	false
34	20	106	102	13.11	4.72	3	false
34	21	93	149	12.2	4.88	3	false
34	22	85	150	12.05	5	3	false
34	23	104	115	12.06	4.51	3	false
34	24	386	395	33	0.32	4	true
34	25	381	385	34.6	0.37	4	false
34	26	380	391	32.33	0.54	4	false
34	27	378	398	34.54	0.05	4	false
34	28	387	391	33.05	0.19	4	false
34	29	387	394	33.61	0.26	4	false
35	0	100	220	24.26	1.57	0	true
35	1	128	253	25.26	1.38	0	false
35	2	115	238	23.11	1.36	0	false
35	3	146	245	25.09	1.8	0	false
35	4	123	246	23.73	1.78	0	false
35	5	145	251	24.34	1.84	0	false
35	6	139	192	0	4.71	1	true
35	7	58	123	0	0	1	false
35	8	41	101	0	0	1	false
35	9	57	142	0	0	1	false
35	10	57	154	0	0	1	false
35	11	73	150	0	0	1	false
35	12	100	165	32.07	1.57	2	true
35	13	139	207	31.69	1.53	2	false
35	14	147	204	32.52	1.67	2	false
35	15	144	211	31.01	1.74	2	false
35	16	135	204	31.96	1.32	2	false
35	17	153	192	33.6	1.4	2	false
35	18	139	132	21.34	4.71	3	true
35	19	63	109	21.37	4.99	3	false
35	20	106	89	20.61	4.89	3	false
35	21	96	137	22.18	4.86	3	false
35	22	88	139	21.8	4.98	3	false
35	23	102	103	21.95	4.63	3	false
35	24	400	400	33	0.32	4	true
35	25	386	397	32.76	0.34	4	false
35	26	391	391	33.41	0.25	4	false
35	27	386	399	33.74	0.15	4	false
35	28	379	397	31.87	0.47	4	false
35	29	380	396	33.67	0.09	4	false
36	0	100	253	33	1.57	0	true
36	1	133	277	32.2	1.52	0	false
36	2	120	261	34.22	1.46	0	false
36	3	140	269	31.88	1.35	0	false
36	4	118	269	32.88	1.88	0	false
36	5	139	274	33.74	1.77	0	false
36	6	139	181	11.54	4.71	1	true
36	7	58	123	10.97	4.62	1	false
36	8	41	101	11.65	4.8	1	false
36	9	57	142	11.81	4.46	1	false
36	10	57	154	11.51	4.77	1	false
36	11	73	150	11.2	4.87	1	false
36	12	100	198	33	1.57	2	true
36	13	140	238	34.55	1.51	2	false
36	14	144	237	33.33	1.65	2	false
36	15	139	242	33.59	1.77	2	false
36	16	143	235	33.23	1.84	2	false
36	17	159	225	32.61	1.45	2	false
36	18	139	110	21.96	4.71	3	true
36	19	69	88	21.53	4.73	3	false
36	20	110	68	21.57	4.49	3	false
36	21	99	115	21.41	4.63	3	false
36	22	94	118	23.01	4.53	3	false
36	23	100	81	21.69	4.44	3	false
36	24	406	380	20.16	5.03	4	true
36	25	382	391	20.16	4.76	4	false
36	26	375	399	19.3	4.82	4	false
36	27	379	395	20.75	5.11	4	false
36	28	392	388	19.82	4.86	4	false
36	29	386	399	19.31	4.8	4	false
37	0	100	286	33	1.57	0	true
37	1	134	310	31.72	1.58	0	false
37	2	124	295	31.87	1.81	0	false
37	3	147	301	31.46	1.36	0	false
37	4	108	300	33.75	1.65	0	false
37	5	132	307	32.42	1.66	0	false
37	6	139	160	21.03	4.71	1	true
37	7	57	112	20.16	4.81	1	false
37	8	42	90	20.14	4.58	1	false
37	9	54	131	22.01	5.01	1	false
37	10	57	142	21.05	5.01	1	false
37	11	75	139	20.33	4.41	1	false
37	12	100	231	33	1.57	2	true
37	13	142	273	31.55	1.74	2	false
37	14	141	270	34.1	1.39	2	false
37	15	132	275	34.58	1.28	2	false
37	16	134	267	33.7	1.71	2	false
37	17	162	258	32.15	1.54	2	false
37	18	140	84	25.37	4.71	3	true
37	19	70	67	26.06	4.49	3	false
37	20	105	47	26.59	4.6	3	false
37	21	97	94	25.79	4.96	3	false
37	22	90	95	26.01	4.94	3	false
37	23	94	60	24.97	4.93	3	false
37	24	409	371	11.69	5.03	4	true
37	25	383	371	11.55	4.88	4	false
37	26	377	380	12.15	5.21	4	false
37	27	387	376	12.08	4.98	4	false
37	28	394	368	12.14	5	4	false
37	29	387	380	11.57	5.17	4	false
38	0	100	300	33	1.57	0	true
38	1	134	341	32.88	1.32	0	false
38	2	116	326	33.63	1.63	0	false
38	3	154	331	33.62	1.65	0	false
38	4	105	334	34.45	1.42	0	false
38	5	129	339	32.64	1.62	0	false
38	6	139	138	21.9	4.71	1	true
38	7	59	92	22.8	4.86	1	false
38	8	40	70	22.31	5.02	1	false
38	9	61	110	22.1	4.46	1	false
38	10	63	122	20.87	4.44	1	false
38	11	69	119	22.4	4.71	1	false
38	12	100	258	27.45	1.57	2	true
38	13	137	304	27.29	1.47	2	false
38	14	148	304	26.44	1.75	2	false
38	15	142	308	27.49	1.53	2	false
38	16	129	300	27.85	1.39	2	false
38	17	163	290	28.22	1.35	2	false
38	18	140	83	30.36	4.71	3	true
38	19	64	41	29.21	4.54	3	false
38	20	102	21	30.64	4.64	3	false
38	21	103	69	31.55	4.67	3	false
38	22	96	70	31.37	5.02	3	false
38	23	99	36	28.89	4.83	3	false
38	24	400	368	9.47	3.46	4	true
38	25	385	359	9.16	3.67	4	false
38	26	383	369	9.42	3.53	4	false
38	27	391	364	9.88	3.7	4	false
38	28	398	357	9.41	3.2	4	false
38	29	392	369	9.57	3.58	4	false
39	0	100	300	33	0.32	0	true
39	1	142	373	31.54	0.02	0	false
39	2	114	359	33.57	0.63	0	false
39	3	151	365	32.07	0.23	0	false
39	4	110	368	34.52	0.04	0	false
39	5	127	372	34.46	0.31	0	false
39	6	139	117	20.72	4.71	1	true
39	7	63	69	20.12	4.42	1	false
39	8	47	49	20.27	4.56	1	false
39	9	55	88	21.67	4.56	1	false
39	10	58	102	19.7	4.45	1	false
39	11	69	97	20.93	4.92	1	false
39	12	100	279	20.95	1.57	2	true
39	13	140	331	20.29	1.66	2	false
39	14	143	330	21.03	1.35	2	false
39	15	143	336	21.78	1.79	2	false
39	16	134	328	21.78	1.76	2	false
39	17	169	317	21.61	1.46	2	false
39	18	116	60	33	3.93	3	true
39	19	59	13	32.61	4.09	3	false
39	20	100	9	31.74	4.08	3	false
39	21	102	37	32.98	4.04	3	false
39	22	105	40	31.77	3.83	3	false
39	23	103	7	32.28	3.62	3	false
39	24	397	367	3.54	3.46	4	true
39	25	377	355	3.4	3.56	4	false
39	26	375	366	3.58	3.49	4	false
39	27	382	359	3.42	3.26	4	false
39	28	389	356	3.64	3.62	4	false
39	29	384	365	3.39	3.59	4	false
40	0	125	308	26.66	0.32	0	true
40	1	174	374	25.94	0.07	0	false
40	2	141	379	27.27	0.3	0	false
40	3	182	372	26.46	0.28	0	false
40	4	145	370	25.92	0.4	0	false
40	5	160	382	25.87	0.31	0	false
40	6	139	96	21.21	4.71	1	true
40	7	57	50	20.4	4.93	1	false
40	8	44	29	20.6	4.53	1	false
40	9	52	67	21.34	4.89	1	false
40	10	53	83	20.65	4.54	1	false
40	11	73	76	21.04	4.56	1	false
40	12	100	300	25.94	1.57	2	true
40	13	138	351	26.57	1.76	2	false
40	14	148	350	25.15	1.77	2	false
40	15	138	357	25.45	1.26	2	false
40	16	130	349	26.82	1.63	2	false
40	17	172	339	26.36	1.83	2	false
40	18	97	40	27.55	3.93	3	true
40	19	40	13	26.28	3.86	3	false
40	20	81	16	26.58	3.77	3	false
40	21	81	11	27.76	3.69	3	false
40	22	80	20	28.29	3.7	3	false
40	23	74	7	26.2	4.05	3	false
40	24	391	365	5.58	3.46	4	true
40	25	374	353	5.84	3.26	4	false
40	26	371	365	5.72	3.77	4	false
40	27	379	359	5.45	3.16	4	false
40	28	385	354	5.32	3.23	4	false
40	29	381	364	5.65	3.76	4	false
41	0	152	317	28.36	0.32	0	true
41	1	199	376	28.65	0.47	0	false
41	2	167	387	29.25	0.33	0	false
41	3	208	379	27.62	0.28	0	false
41	4	169	380	29.77	0.17	0	false
41	5	185	390	27.85	0.05	0	false
41	6	140	83	22.77	4.71	1	true
41	7	61	30	21.9	4.72	1	false
41	8	40	8	21.68	4.69	1	false
41	9	55	46	22.35	4.87	1	false
41	10	49	62	22.94	4.46	1	false
41	11	70	56	23.46	4.45	1	false
41	12	100	300	33	0.32	2	true
41	13	133	377	33.51	0.16	2	false
41	14	143	375	32.68	0.28	2	false
41	15	146	381	31.59	0.37	2	false
41	16	129	376	34.03	0.37	2	false
41	17	165	364	32.14	0.35	2	false
41	18	85	29	16.4	3.93	3	true
41	19	20	4	16.05	4.01	3	false
41	20	60	0	15.71	3.71	3	false
41	21	58	2	17.14	3.63	3	false
41	22	57	5	16.39	3.93	3	false
41	23	58	13	16.1	4.11	3	false
41	24	382	362	10.26	3.46	4	true
41	25	368	353	9.83	3.33	4	false
41	26	367	361	10.57	3.61	4	false
41	27	373	358	10.69	3.35	4	false
41	28	380	354	10.48	3.29	4	false
41	29	376	361	9.95	3.36	4	false
42	0	178	326	28.16	0.32	0	true
42	1	225	389	27.19	0.54	0	false
42	2	195	397	28.9	0.23	0	false
42	3	234	387	29.27	0.22	0	false
42	4	198	385	28.91	0.58	0	false
42	5	213	392	27.91	0.37	0	false
42	6	117	61	31.43	3.93	1	true
42	7	61	8	30.83	3.99	1	false
42	8	39	12	31.87	3.68	1	false
42	9	59	24	30.83	3.97	1	false
42	10	44	40	31.98	4.16	1	false
42	11	64	33	32.02	4.23	1	false
42	12	119	306	21.01	0.32	2	true
42	13	166	383	21	0.03	2	false
42	14	174	384	21.25	0.33	2	false
42	15	176	392	22.02	0.06	2	false
42	16	160	389	20.16	0.39	2	false
42	17	195	375	21.78	0.04	2	false
42	18	71	14	20.21	3.93	3	true
42	19	9	8	21.19	3.73	3	false
42	20	46	7	19.94	3.84	3	false
42	21	43	5	20.15	3.65	3	false
42	22	45	6	21.08	3.69	3	false
42	23	49	0	20.62	3.71	3	false
42	24	369	358	13.78	3.46	4	true
42	25	358	351	13.2	3.47	4	false
42	26	357	356	13.61	3.19	4	false
42	27	363	356	14.38	3.32	4	false
42	28	370	352	13.47	3.75	4	false
42	29	366	358	13.22	3.61	4	false
43	0	199	333	21.7	0.32	0	true
43	1	248	396	20.66	0.33	0	false
43	2	223	396	20.63	0.22	0	false
43	3	263	393	21.47	0.41	0	false
43	4	222	399	22.31	0.62	0	false
43	5	239	397	22.67	0.51	0	false
43	6	94	37	33	3.93	1	true
43	7	41	14	33.65	3.88	1	false
43	8	12	3	32.76	3.72	1	false
43	9	38	1	33.24	3.96	1	false
43	10	27	13	34.03	4.19	1	false
43	11	49	4	32.8	4.21	1	false
43	12	141	313	22.37	0.32	2	true
43	13	187	383	22.56	0.47	2	false
43	14	194	391	23.03	0.33	2	false
43	15	198	394	22.05	0.18	2	false
43	16	179	396	23.42	0.41	2	false
43	17	217	376	22.59	0.29	2	false
43	18	53	-2	24.76	3.93	3	true
43	19	7	3	24.6	3.97	3	false
43	20	31	5	25.92	3.92	3	false
43	21	25	4	25.4	3.77	3	false
43	22	27	4	25.72	3.69	3	false
43	23	31	11	24.03	3.82	3	false
43	24	354	353	15.51	3.46	4	true
43	25	346	347	15.97	3.23	4	false
43	26	344	356	15.71	3.63	4	false
43	27	349	354	15.23	3.7	4	false
43	28	359	345	15.13	3.69	4	false
43	29	354	352	15.93	3.67	4	false
44	0	221	340	22.79	0.32	0	true
44	1	268	396	22.5	0.23	0	false
44	2	243	399	21.67	0.51	0	false
44	3	283	397	23.23	0.2	0	false
44	4	240	387	22.55	0.41	0	false
44	5	259	391	22.63	0.37	0	false
44	6	72	16	30.81	3.93	1	true
44	7	16	7	30.66	3.91	1	false
44	8	15	14	29.51	3.92	1	false
44	9	15	22	30.68	3.63	1	false
44	10	10	15	32.25	4.17	1	false
44	11	34	23	31.21	3.87	1	false
44	12	169	323	29.84	0.32	2	true
44	13	207	394	31.09	0.14	2	false
44	14	216	398	28.81	0.32	2	false
44	15	219	398	28.71	0.06	2	false
44	16	200	394	31.07	0.25	2	false
44	17	239	383	29.25	0.15	2	false
44	18	30	-26	33	3.93	3	true
44	19	8	14	32.88	4	3	false
44	20	13	12	31.81	3.89	3	false
44	21	5	10	33.33	3.86	3	false
44	22	5	8	32.61	3.81	3	false
44	23	13	4	32.54	3.92	3	false
44	24	333	346	22.07	3.46	4	true
44	25	330	345	22.64	3.6	4	false
44	26	330	348	22.87	3.72	4	false
44	27	336	346	21.05	3.22	4	false
44	28	346	337	21.19	3.66	4	false
44	29	341	344	21.05	3.55	4	false
45	0	234	344	13.65	0.32	0	true
45	1	290	398	13.43	0.23	0	false
45	2	262	390	13.61	0.62	0	false
45	3	305	397	13.61	0.45	0	false
45	4	261	397	13.12	0.23	0	false
45	5	280	399	13.21	0.56	0	false
45	6	53	-2	26.92	3.93	1	true
45	7	5	13	28.1	3.91	1	false
45	8	5	6	27.32	4.11	1	false
45	9	11	8	27.54	3.71	1	false
45	10	6	11	27.87	3.62	1	false
45	11	10	3	25.65	3.96	1	false
45	12	194	331	26.42	0.32	2	true
45	13	238	398	27.66	0.21	2	false
45	14	243	392	27.24	0.27	2	false
45	15	248	399	27.73	0.43	2	false
45	16	230	398	26.01	0.26	2	false
45	17	268	387	25.68	0.57	2	false
45	18	28	-28	27.7	3.93	3	true
45	19	12	10	28.1	4.08	3	false
45	20	10	8	27.5	3.85	3	false
45	21	20	11	26.32	4.18	3	false
45	22	20	11	27.18	3.72	3	false
45	23	9	18	26.41	4.19	3	false
45	24	302	335	33	3.46	4	true
45	25	310	335	31.86	3.18	4	false
45	26	311	336	31.66	3.23	4	false
45	27	315	344	34.29	3.57	4	false
45	28	327	326	31.57	3.58	4	false
45	29	321	336	33.91	3.39	4	false
46	0	255	351	22.13	0.32	0	true
46	1	303	398	22.98	0.58	0	false
46	2	273	398	22.8	0.09	0	false
46	3	318	396	22.32	0.45	0	false
46	4	274	399	21.93	0.61	0	false
46	5	291	393	22.03	0.29	0	false
46	6	42	-14	15.94	3.93	1	true
46	7	14	6	15.39	4.23	1	false
46	8	9	16	16.64	4.21	1	false
46	9	11	6	16.19	4.07	1	false
46	10	18	1	16.43	4.21	1	false
46	11	6	15	15.65	3.67	1	false
46	12	215	338	22.13	0.32	2	true
46	13	265	395	22.7	0.26	2	false
46	14	270	399	21.36	0.51	2	false
46	15	273	388	21.69	0.29	2	false
46	16	256	395	22.92	0.61	2	false
46	17	289	398	21.33	0.22	2	false
46	18	7	-7	33	2.36	3	true
46	19	4	12	34.12	2.35	3	false
46	20	10	9	34.09	2.54	3	false
46	21	6	11	31.83	2.58	3	false
46	22	2	3	31.68	2.2	3	false
46	23	3	4	34.27	2.61	3	false
46	24	282	329	20.82	3.46	4	true
46	25	278	334	20.89	3.55	4	false
46	26	279	333	19.97	3.56	4	false
46	27	284	329	20.79	3.77	4	false
46	28	299	313	21.7	3.62	4	false
46	29	289	328	20.03	3.42	4	false
47	0	281	360	27.57	0.32	0	true
47	1	322	388	28.91	0.58	0	false
47	2	296	399	26.44	0.56	0	false
47	3	338	393	28.59	0.31	0	false
47	4	292	387	27.94	0.26	0	false
47	5	312	399	26.9	0.28	0	false
47	6	28	-28	26.34	3.93	1	true
47	7	7	7	25.91	3.92	1	false
47	8	1	1	27.16	3.65	1	false
47	9	1	6	25.53	3.9	1	false
47	10	10	13	27.57	3.77	1	false
47	11	6	7	26.43	4.07	1	false
47	12	234	344	19.99	0.32	2	true
47	13	287	398	20.79	0.44	2	false
47	14	288	390	20.35	0.29	2	false
47	15	294	394	19.48	0.35	2	false
47	16	274	391	19.56	0.25	2	false
47	17	310	396	20.81	0.54	2	false
47	18	7	-7	20.31	0.79	3	true
47	19	19	36	20.37	0.86	3	false
47	20	17	28	20.98	0.81	3	false
47	21	20	28	19.71	1.04	3	false
47	22	16	29	20.71	0.81	3	false
47	23	26	21	19.59	0.65	3	false
47	24	254	319	29.86	3.46	4	true
47	25	259	326	28.93	3.72	4	false
47	26	261	325	30.73	3.68	4	false
47	27	267	317	28.79	3.53	4	false
47	28	279	303	30.15	3.48	4	false
47	29	269	322	28.93	3.16	4	false
48	0	309	369	29.41	0.32	0	true
48	1	346	395	28.01	0.27	0	false
48	2	318	386	29.24	0.33	0	false
48	3	365	397	28.53	0.61	0	false
48	4	319	394	28.23	0.3	0	false
48	5	338	392	29.1	0.39	0	false
48	6	18	-18	14.28	2.36	1	true
48	7	10	10	14.75	2.43	1	false
48	8	22	11	13.67	2.17	1	false
48	9	16	11	14.47	2.26	1	false
48	10	12	3	13.78	2.26	1	false
48	11	8	13	14.8	2.13	1	false
48	12	262	354	29.07	0.32	2	true
48	13	306	392	28.54	0.5	2	false
48	14	308	396	28.37	0.56	2	false
48	15	312	398	29.05	0.17	2	false
48	16	293	396	29.33	0.31	2	false
48	17	328	392	29.61	0.44	2	false
48	18	29	15	31.94	0.79	3	true
48	19	32	52	31.53	0.62	3	false
48	20	31	43	32.37	0.53	3	false
48	21	30	45	32.96	0.52	3	false
48	22	30	44	32.55	0.95	3	false
48	23	41	33	30.97	0.52	3	false
48	24	235	313	19.91	3.46	4	true
48	25	234	310	19.22	3.21	4	false
48	26	234	309	19.63	3.62	4	false
48	27	240	306	19.18	3.17	4	false
48	28	251	293	20.09	3.45	4	false
48	29	240	322	20.17	3.43	4	false
49	0	340	380	33	0.32	0	true
49	1	373	397	33.06	0.05	0	false
49	2	346	395	34.13	0.17	0	false
49	3	388	385	34.22	0.28	0	false
49	4	346	397	31.57	0.08	0	false
49	5	365	396	33.4	0.58	0	false
49	6	7	-7	24.65	2.36	1	true
49	7	0	20	25.5	2.66	1	false
49	8	14	22	23.67	2.55	1	false
49	9	7	22	24.26	2.15	1	false
49	10	3	13	24.35	2.19	1	false
49	11	1	25	25.33	2.66	1	false
49	12	293	364	33	0.32	2	true
49	13	331	393	32.58	0.04	2	false
49	14	332	388	34.32	0.6	2	false
49	15	341	396	34.09	0.33	2	false
49	16	321	394	33.84	0.04	2	false
49	17	355	394	32.18	0.47	2	false
49	18	52	38	33	0.79	3	true
49	19	58	70	31.93	0.5	3	false
49	20	59	59	34.07	0.59	3	false
49	21	58	61	34.51	0.72	3	false
49	22	49	70	34.54	0.52	3	false
49	23	68	48	34.07	1	3	false
49	24	220	308	15.67	3.46	4	true
49	25	215	309	15.5	3.38	4	false
49	26	217	300	15.09	3.58	4	false
49	27	221	306	16.08	3.42	4	false
49	28	232	286	15.5	3.48	4	false
49	29	221	316	15.2	3.71	4	false
50	0	371	390	32.81	0.32	0	true
50	1	393	398	32.33	0.29	0	false
50	2	379	398	33.1	0.28	0	false
50	3	378	395	32.2	0.23	0	false
50	4	377	399	34.11	0.43	0	false
50	5	393	385	34.41	0.43	0	false
50	6	7	-7	24.99	0.79	1	true
50	7	22	32	24.63	0.79	1	false
50	8	5	35	25.23	0.58	1	false
50	9	5	42	24.62	1	1	false
50	10	10	33	26.06	0.49	1	false
50	11	21	37	25.03	0.55	1	false
50	12	324	374	33	0.32	2	true
50	13	364	394	32.62	0.57	2	false
50	14	360	391	32.43	0.6	2	false
50	15	373	392	31.66	0.03	2	false
50	16	355	395	34.62	0.1	2	false
50	17	383	390	31.93	0.37	2	false
50	18	72	58	28.03	0.79	3	true
50	19	86	85	28.17	0.77	3	false
50	20	88	78	27.38	0.5	3	false
50	21	84	84	28.11	0.83	3	false
50	22	79	87	27.51	0.68	3	false
50	23	86	77	27.37	0.64	3	false
50	24	195	300	25.84	3.46	4	true
50	25	200	305	27.1	3.23	4	false
50	26	203	294	26.89	3.32	4	false
50	27	206	301	25.68	3.16	4	false
50	28	217	281	25.15	3.55	4	false
50	29	208	308	25.84	3.49	4	false
51	0	400	400	33	0.32	0	true
51	1	375	391	31.58	0.33	0	false
51	2	388	392	33.63	0.5	0	false
51	3	390	397	32.75	0.42	0	false
51	4	391	386	32.3	0.11	0	false
51	5	375	399	33.58	0.53	0	false
51	6	16	2	13.15	0.79	1	true
51	7	39	49	12.58	0.67	1	false
51	8	26	49	12.58	0.78	1	false
51	9	19	63	13.19	0.7	1	false
51	10	33	45	13.49	0.47	1	false
51	11	42	50	13.24	0.58	1	false
51	12	355	385	33	0.32	2	true
51	13	391	387	32.25	0.1	2	false
51	14	387	389	31.73	0.47	2	false
51	15	394	393	33.36	0.19	2	false
51	16	390	399	31.68	0.23	2	false
51	17	386	397	31.83	0.11	2	false
51	18	96	82	33	0.79	3	true
51	19	106	105	33.27	0.8	3	false
51	20	112	91	31.39	0.72	3	false
51	21	103	105	31.9	0.87	3	false
51	22	100	105	34.36	0.79	3	false
51	23	108	93	31.56	0.48	3	false
51	24	170	291	26.74	3.46	4	true
51	25	173	303	26.69	3.6	4	false
51	26	177	289	27.98	3.44	4	false
51	27	180	301	27.89	3.34	4	false
51	28	194	271	27.65	3.44	4	false
51	29	184	299	27.98	3.25	4	false
52	0	409	371	33	5.03	0	true
52	1	394	397	33.06	5.01	0	false
52	2	382	391	32.51	5.3	0	false
52	3	379	389	33.77	4.92	0	false
52	4	376	389	32.5	5.26	0	false
52	5	395	383	33.46	5.18	0	false
52	6	33	19	23.93	0.79	1	true
52	7	49	57	22.98	0.63	1	false
52	8	35	58	24.08	0.64	1	false
52	9	29	71	23.08	0.63	1	false
52	10	45	51	24.44	0.53	1	false
52	11	53	57	23.85	0.59	1	false
52	12	387	395	33	0.32	2	true
52	13	376	390	32.91	0.27	2	false
52	14	384	395	32.12	0.36	2	false
52	15	372	399	31.83	0.52	2	false
52	16	379	393	32.08	0.19	2	false
52	17	381	398	32.44	0.43	2	false
52	18	110	95	33	0.79	3	true
52	19	130	129	31.65	0.73	3	false
52	20	135	112	33.36	0.9	3	false
52	21	124	129	33.28	0.55	3	false
52	22	124	129	31.67	0.64	3	false
52	23	136	108	32.19	0.54	3	false
52	24	150	285	21.36	3.46	4	true
52	25	149	291	21.05	3.2	4	false
52	26	150	281	21.85	3.59	4	false
52	27	153	296	20.57	3.71	4	false
52	28	168	263	21.36	3.31	4	false
52	29	156	296	21.27	3.5	4	false
53	0	378	361	33	3.46	0	true
53	1	396	366	31.44	3.7	0	false
53	2	399	364	34.55	3.52	0	false
53	3	386	356	32.37	3.26	0	false
53	4	393	361	33.4	3.44	0	false
53	5	389	353	34	3.59	0	false
53	6	56	42	33	0.79	1	true
53	7	67	71	33.5	0.56	1	false
53	8	54	72	31.89	0.85	1	false
53	9	47	85	33.98	0.82	1	false
53	10	66	64	33.21	0.89	1	false
53	11	73	71	33.86	0.51	1	false
53	12	400	400	33	0.32	2	true
53	13	391	399	33.08	0.14	2	false
53	14	385	392	32.31	0.19	2	false
53	15	399	385	31.89	0.31	2	false
53	16	389	399	33.4	0.5	2	false
53	17	388	387	33.86	0.48	2	false
53	18	110	128	33	1.57	3	true
53	19	153	150	33.32	1.35	3	false
53	20	156	138	32.16	1.38	3	false
53	21	152	147	33.05	1.34	3	false
53	22	150	148	33	1.83	3	false
53	23	164	124	33.08	1.69	3	false
53	24	129	278	24.27	3.46	4	true
53	25	128	290	24.47	3.5	4	false
53	26	130	271	24.12	3.28	4	false
53	27	135	284	24.84	3.44	4	false
53	28	147	260	23.29	3.25	4	false
53	29	136	289	23.26	3.66	4	false
54	0	347	350	32.38	3.46	0	true
54	1	369	349	31.28	3.53	0	false
54	2	367	351	33.3	3.17	0	false
54	3	354	352	31.07	3.51	0	false
54	4	361	352	33.14	3.29	0	false
54	5	358	338	33.56	3.65	0	false
54	6	79	65	33	0.79	1	true
54	7	96	88	31.73	0.81	1	false
54	8	75	96	33.53	1.1	1	false
54	9	71	110	32.7	0.84	1	false
54	10	87	90	34.29	1.1	1	false
54	11	103	87	33.75	1	1	false
54	12	409	371	33	5.03	2	true
54	13	375	395	32.51	4.74	2	false
54	14	382	398	32.34	5.25	2	false
54	15	369	394	31.61	5.31	2	false
54	16	381	384	32.04	5.04	2	false
54	17	381	396	32.45	5.21	2	false
54	18	110	161	33	1.57	3	true
54	19	161	182	33.88	1.84	3	false
54	20	162	169	34.23	1.32	3	false
54	21	160	179	33.6	1.44	3	false
54	22	141	180	33.11	1.63	3	false
54	23	160	157	31.66	1.5	3	false
54	24	129	278	26.24	4.71	4	true
54	25	105	281	25.85	4.65	4	false
54	26	107	268	26.5	4.66	4	false
54	27	112	277	27.11	4.72	4	false
54	28	124	257	26.97	4.51	4	false
54	29	116	277	26.59	4.72	4	false
55	0	324	343	23.92	3.46	0	true
55	1	340	337	24.09	3.72	0	false
55	2	334	350	23.86	3.27	0	false
55	3	325	341	23.26	3.64	0	false
55	4	328	347	24.48	3.56	0	false
55	5	329	322	23.43	3.48	0	false
55	6	103	89	33	0.79	1	true
55	7	118	111	32.65	0.72	1	false
55	8	91	126	32.57	0.67	1	false
55	9	92	134	32.86	0.76	1	false
55	10	103	120	32.95	0.93	1	false
55	11	121	116	32.56	0.75	1	false
55	12	378	361	33	3.46	2	true
55	13	376	363	33.76	3.24	2	false
55	14	399	371	31.39	3.42	2	false
55	15	387	368	34.06	3.55	2	false
55	16	391	354	33.46	3.65	2	false
55	17	396	368	33.29	3.25	2	false
55	18	110	194	33	1.57	3	true
55	19	152	215	33.33	1.57	3	false
55	20	171	203	34.64	1.55	3	false
55	21	164	212	33.9	1.78	3	false
55	22	140	213	33.22	1.36	3	false
55	23	162	189	32.55	1.54	3	false
55	24	129	250	28.13	4.71	4	true
55	25	104	255	29.48	4.5	4	false
55	26	105	242	28.57	4.84	4	false
55	27	112	250	28.06	4.51	4	false
55	28	118	231	26.73	4.8	4	false
55	29	116	251	27.52	4.65	4	false
56	0	301	335	24.32	3.46	0	true
56	1	320	324	25.28	3.49	0	false
56	2	310	347	23.85	3.56	0	false
56	3	305	330	23.46	3.32	0	false
56	4	306	337	25.26	3.27	0	false
56	5	307	314	25.32	3.63	0	false
56	6	110	95	33	0.79	1	true
56	7	142	133	31.52	0.49	1	false
56	8	116	146	32.52	0.7	1	false
56	9	116	157	34.61	0.8	1	false
56	10	123	146	34.38	0.55	1	false
56	11	145	138	34.35	1.01	1	false
56	12	346	350	33	3.46	2	true
56	13	342	359	32.11	3.56	2	false
56	14	368	362	34.17	3.65	2	false
56	15	356	355	32.41	3.51	2	false
56	16	362	337	32.7	3.22	2	false
56	17	363	364	32.84	3.51	2	false
56	18	110	215	20.14	1.57	3	true
56	19	152	248	20.12	1.8	3	false
56	20	171	237	19.41	1.57	3	false
56	21	157	245	20.28	1.51	3	false
56	22	147	245	19.21	1.31	3	false
56	23	163	221	20.54	1.7	3	false
56	24	129	230	19.48	4.71	4	true
56	25	98	226	20.25	4.7	4	false
56	26	109	213	18.92	4.7	4	false
56	27	106	223	19.89	4.7	4	false
56	28	121	204	18.96	4.81	4	false
56	29	115	223	19.29	4.65	4	false
57	0	271	325	31.7	3.46	0	true
57	1	296	315	32.66	3.52	0	false
57	2	288	337	31.3	3.69	0	false
57	3	282	325	33.02	3.37	0	false
57	4	281	333	31.53	3.23	0	false
57	5	284	302	32.27	3.75	0	false
57	6	110	128	33	1.57	1	true
57	7	170	148	32.28	1.49	1	false
57	8	141	167	33.83	1.71	1	false
57	9	140	182	32.41	1.51	1	false
57	10	152	165	32.54	1.32	1	false
57	11	163	167	31.84	1.48	1	false
57	12	315	340	33	3.46	2	true
57	13	313	346	34.21	3.47	2	false
57	14	339	345	32.93	3.49	2	false
57	15	326	343	33.03	3.19	2	false
57	16	329	335	32.76	3.43	2	false
57	17	333	352	33.22	3.5	2	false
57	18	110	245	30.05	1.57	3	true
57	19	147	268	29.94	1.57	3	false
57	20	171	257	30.15	1.44	3	false
57	21	158	265	31.04	1.34	3	false
57	22	151	264	30.15	1.59	3	false
57	23	161	242	28.95	1.72	3	false
57	24	129	208	22.71	4.71	4	true
57	25	97	206	23.14	4.79	4	false
57	26	108	194	23.33	4.41	4	false
57	27	106	203	21.96	4.7	4	false
57	28	123	185	22.84	4.76	4	false
57	29	113	204	23.74	4.93	4	false
58	0	240	315	33	3.46	0	true
58	1	266	303	32.79	3.63	0	false
58	2	262	321	33.14	3.51	0	false
58	3	250	318	34.38	3.41	0	false
58	4	250	330	31.46	3.24	0	false
58	5	258	284	32.21	3.54	0	false
58	6	110	161	33	1.57	1	true
58	7	172	180	32.35	1.32	1	false
58	8	136	201	34.2	1.88	1	false
58	9	142	214	32.83	1.3	1	false
58	10	160	196	33.73	1.29	1	false
58	11	166	198	33.23	1.64	1	false
58	12	284	329	33	3.46	2	true
58	13	280	335	31.37	3.51	2	false
58	14	308	334	32.21	3.65	2	false
58	15	293	341	34.43	3.58	2	false
58	16	298	325	32.42	3.69	2	false
58	17	301	340	34.03	3.56	2	false
58	18	110	278	33	1.57	3	true
58	19	147	298	33.68	1.72	3	false
58	20	175	286	33.29	1.79	3	false
58	21	165	296	33	1.7	3	false
58	22	151	294	32.75	1.5	3	false
58	23	156	270	31.39	1.65	3	false
58	24	129	182	25.86	4.71	4	true
58	25	99	183	26.33	4.76	4	false
58	26	102	172	26.69	4.46	4	false
58	27	106	181	24.94	4.74	4	false
58	28	124	163	25.81	4.77	4	false
58	29	118	181	24.78	4.7	4	false
59	0	209	304	33	3.46	0	true
59	1	237	288	33.3	3.75	0	false
59	2	231	309	32.44	3.63	0	false
59	3	216	309	33.14	3.45	0	false
59	4	218	327	32.25	3.32	0	false
59	5	228	271	32.62	3.31	0	false
59	6	110	192	31.06	1.57	1	true
59	7	180	211	30.87	1.69	1	false
59	8	126	233	31.3	1.59	1	false
59	9	151	246	31.59	1.47	1	false
59	10	169	228	32.02	1.85	1	false
59	11	164	232	32.04	1.64	1	false
59	12	252	319	33	3.46	2	true
59	13	251	324	33.64	3.54	2	false
59	14	280	318	34.49	3.41	2	false
59	15	261	327	31.38	3.57	2	false
59	16	270	309	31.57	3.39	2	false
59	17	270	326	33.21	3.66	2	false
59	18	110	292	33	1.57	3	true
59	19	142	331	32.28	1.52	3	false
59	20	168	319	32.47	1.68	3	false
59	21	161	328	33.48	1.84	3	false
59	22	153	327	31.76	1.62	3	false
59	23	154	302	34.2	1.86	3	false
59	24	129	150	31.38	4.71	4	true
59	25	101	157	30.6	4.93	4	false
59	26	95	146	32.59	4.41	4	false
59	27	107	156	30.65	4.95	4	false
59	28	125	137	32.92	4.75	4	false
59	29	118	156	30.83	4.83	4	false
60	0	177	294	33	3.46	0	true
60	1	209	269	33.75	3.2	0	false
60	2	202	294	33.11	3.16	0	false
60	3	185	299	32.62	3.42	0	false
60	4	187	322	33.22	3.24	0	false
60	5	196	266	32.29	3.16	0	false
60	6	110	222	29.14	1.57	1	true
60	7	177	242	29.56	1.88	1	false
60	8	125	265	28.91	1.33	1	false
60	9	154	277	29.07	1.45	1	false
60	10	160	259	29.37	1.32	1	false
60	11	162	264	28.47	1.55	1	false
60	12	230	311	23.98	3.46	2	true
60	13	220	311	23.96	3.4	2	false
60	14	246	309	22.99	3.62	2	false
60	15	233	314	24.86	3.54	2	false
60	16	239	301	23.3	3.65	2	false
60	17	242	310	23.39	3.6	2	false
60	18	141	303	33	0.32	3	true
60	19	144	363	33.77	0.47	3	false
60	20	165	351	32.09	0.48	3	false
60	21	152	361	33.93	0.11	3	false
60	22	152	359	34.1	0.34	3	false
60	23	144	334	33.71	0.53	3	false
60	24	129	119	31.32	4.71	4	true
60	25	107	127	30.64	4.86	4	false
60	26	85	115	30.19	4.51	4	false
60	27	114	126	30.69	4.77	4	false
60	28	126	104	32.79	4.67	4	false
60	29	122	125	32.87	4.46	4	false
61	0	146	283	33	3.46	0	true
61	1	176	267	33.16	3.36	0	false
61	2	169	293	31.94	3.52	0	false
61	3	153	290	32.9	3.49	0	false
61	4	153	318	33.89	3.48	0	false
61	5	164	265	31.78	3.26	0	false
61	6	110	248	26.71	1.57	1	true
61	7	168	270	26.14	1.75	1	false
61	8	132	293	27.34	1.68	1	false
61	9	157	306	26.93	1.82	1	false
61	10	168	288	27.76	1.57	1	false
61	11	162	292	27.72	1.87	1	false
61	12	205	303	25.65	3.46	2	true
61	13	197	305	25.71	3.48	2	false
61	14	226	299	25.37	3.65	2	false
61	15	210	304	25.4	3.5	2	false
61	16	219	290	26.09	3.63	2	false
61	17	221	299	24.96	3.57	2	false
61	18	172	313	33	0.32	3	true
61	19	174	379	33.21	0.49	3	false
61	20	193	366	33.18	0.58	3	false
61	21	186	365	33.94	0.53	3	false
61	22	184	370	31.37	0.53	3	false
61	23	173	351	33.45	0.53	3	false
61	24	129	100	19.25	4.71	4	true
61	25	112	96	18.61	4.63	4	false
61	26	79	86	19.88	4.62	4	false
61	27	115	95	20.19	5.01	4	false
61	28	125	71	19.81	4.56	4	false
61	29	114	94	20.01	4.66	4	false
62	0	129	278	26.26	3.46	0	true
62	1	143	260	27.26	3.62	0	false
62	2	139	281	25.26	3.52	0	false
62	3	123	278	26.71	3.4	0	false
62	4	122	307	25.45	3.4	0	false
62	5	132	262	26.4	3.62	0	false
62	6	110	281	33	1.57	1	true
62	7	163	296	33.8	1.63	1	false
62	8	129	320	33.91	1.57	1	false
62	9	151	332	31.56	1.38	1	false
62	10	168	316	31.68	1.69	1	false
62	11	154	319	31.37	1.46	1	false
62	12	180	295	26.98	3.46	2	true
62	13	173	296	25.77	3.68	2	false
62	14	204	286	26.48	3.52	2	false
62	15	186	295	27.93	3.57	2	false
62	16	196	277	27.98	3.16	2	false
62	17	198	289	28.27	3.54	2	false
62	18	203	324	33	0.32	3	true
62	19	203	394	32	0.51	3	false
62	20	221	384	31.84	0.09	3	false
62	21	215	382	33.6	0.46	3	false
62	22	211	386	34.62	0.21	3	false
62	23	202	368	31.78	0.54	3	false
62	24	130	87	12.9	4.71	4	true
62	25	110	78	12.66	4.4	4	false
62	26	77	66	12.37	4.92	4	false
62	27	121	76	12.95	4.81	4	false
62	28	122	51	13.41	4.56	4	false
62	29	113	74	12.74	4.93	4	false
63	0	129	278	26.46	4.71	0	true
63	1	119	247	25.88	4.55	0	false
63	2	116	272	26.32	4.43	0	false
63	3	97	272	25.3	4.82	0	false
63	4	97	301	26.65	4.84	0	false
63	5	109	249	26.69	4.81	0	false
63	6	110	292	33	1.57	1	true
63	7	161	330	32.54	1.42	1	false
63	8	129	354	34.02	1.52	1	false
63	9	157	363	34.47	1.44	1	false
63	10	164	347	34.54	1.83	1	false
63	11	158	350	32.29	1.32	1	false
63	12	155	286	26.46	3.46	2	true
63	13	151	283	25.23	3.4	2	false
63	14	179	277	25.66	3.44	2	false
63	15	161	284	26.09	3.2	2	false
63	16	168	277	26.84	3.32	2	false
63	17	172	278	26.45	3.28	2	false
63	18	234	334	32.69	0.32	3	true
63	19	231	389	32.61	0.46	3	false
63	20	253	387	31.53	0.62	3	false
63	21	245	397	34.28	0.05	3	false
63	22	245	393	32.1	0.58	3	false
63	23	229	385	33.1	0.15	3	false
63	24	118	76	15.61	3.93	4	true
63	25	106	66	15.22	3.73	4	false
63	26	80	54	16.14	3.82	4	false
63	27	123	63	15.68	3.96	4	false
63	28	120	38	15.89	4.05	4	false
63	29	115	61	15.94	4.16	4	false
64	0	129	245	32.82	4.71	0	true
64	1	115	222	32.53	4.79	0	false
64	2	109	247	33.43	4.57	0	false
64	3	99	246	32.51	4.74	0	false
64	4	100	274	31.86	4.64	0	false
64	5	112	223	32.94	4.89	0	false
64	6	141	303	33	0.32	1	true
64	7	166	362	33.47	0.13	1	false
64	8	131	388	34.01	0.6	1	false
64	9	161	398	34.1	0.3	1	false
64	10	155	380	33.39	0.15	1	false
64	11	166	381	33.08	0.25	1	false
64	12	129	278	27.77	3.46	2	true
64	13	126	277	28.94	3.31	2	false
64	14	155	269	27.6	3.61	2	false
64	15	135	282	27.88	3.57	2	false
64	16	142	272	27.97	3.68	2	false
64	17	146	274	28.28	3.47	2	false
64	18	266	344	33	0.32	3	true
64	19	260	395	34.04	0.32	3	false
64	20	278	394	32.92	0.1	3	false
64	21	280	398	34.63	0.39	3	false
64	22	272	389	33.65	0.31	3	false
64	23	262	390	32.3	0.39	3	false
64	24	107	65	15.84	3.93	4	true
64	25	94	57	16.54	4.07	4	false
64	26	67	44	16.35	3.91	4	false
64	27	112	52	16.27	3.67	4	false
64	28	110	26	15.74	3.79	4	false
64	29	107	48	16.37	3.77	4	false
65	0	129	219	25.77	4.71	0	true
65	1	117	189	26.93	4.7	0	false
65	2	104	214	24.59	4.55	0	false
65	3	101	214	26.52	4.98	0	false
65	4	98	243	26.65	4.88	0	false
65	5	117	190	25.7	4.86	0	false
65	6	161	309	20.89	0.32	1	true
65	7	199	366	21.03	0.57	1	false
65	8	159	392	20.78	0.5	1	false
65	9	193	391	20.95	0.03	1	false
65	10	188	385	21.77	0.34	1	false
65	11	198	389	21.49	0.56	1	false
65	12	129	278	32.74	4.71	2	true
65	13	98	272	32.47	4.46	2	false
65	14	130	257	32.53	4.79	2	false
65	15	109	271	33.22	4.68	2	false
65	16	118	258	32.18	4.53	2	false
65	17	119	265	32.8	4.5	2	false
65	18	297	355	33	0.32	3	true
65	19	293	393	32.97	0.13	3	false
65	20	311	397	32.73	0.28	3	false
65	21	312	388	31.92	0.44	3	false
65	22	304	399	33.38	0.1	3	false
65	23	292	397	32.13	0.47	3	false
65	24	90	48	24.28	3.93	4	true
65	25	84	44	23.15	3.85	4	false
65	26	56	32	24.23	3.87	4	false
65	27	98	44	23.86	4.05	4	false
65	28	98	16	23.26	3.83	4	false
65	29	94	38	25.48	4.16	4	false
66	0	129	206	12.8	4.71	0	true
66	1	117	162	13.35	4.8	0	false
66	2	100	189	12.29	4.44	0	false
66	3	108	188	13.44	4.51	0	false
66	4	103	216	12.85	4.89	0	false
66	5	121	165	13.4	4.42	0	false
66	6	174	314	13.69	0.32	1	true
66	7	217	377	14.15	0.29	1	false
66	8	177	397	13.51	0.18	1	false
66	9	214	392	13.87	0.32	1	false
66	10	209	392	13.35	0.07	1	false
66	11	216	398	13.27	0.03	1	false
66	12	129	245	32.43	4.71	2	true
66	13	90	241	31.04	4.94	2	false
66	14	132	224	33.28	4.9	2	false
66	15	108	237	32.29	4.49	2	false
66	16	112	226	33.74	4.47	2	false
66	17	112	233	32.72	4.54	2	false
66	18	328	365	32.16	0.32	3	true
66	19	325	397	32.65	0.35	3	false
66	20	343	393	33.01	0.27	3	false
66	21	340	398	33.36	0.39	3	false
66	22	337	397	30.65	0.37	3	false
66	23	320	387	33.15	0.44	3	false
66	24	76	34	19.44	3.93	4	true
66	25	66	29	19.31	4.16	4	false
66	26	37	16	19.97	3.96	4	false
66	27	83	25	19.59	3.9	4	false
66	28	80	1	19.44	3.76	4	false
66	29	80	16	19.06	4.05	4	false
67	0	129	196	10.03	4.71	0	true
67	1	118	149	10.47	4.71	0	false
67	2	97	177	9.75	4.53	0	false
67	3	105	175	9.87	4.86	0	false
67	4	105	204	10.37	4.59	0	false
67	5	117	152	9.71	4.42	0	false
67	6	181	316	7.8	0.32	1	true
67	7	231	382	7.83	0.2	1	false
67	8	191	399	7.48	0.44	1	false
67	9	228	396	8.04	0.38	1	false
67	10	222	393	7.55	0.42	1	false
67	11	229	399	7.83	0.45	1	false
67	12	129	235	10.03	4.71	2	true
67	13	97	210	9.81	4.88	2	false
67	14	139	191	9.68	4.45	2	false
67	15	101	206	10.06	4.78	2	false
67	16	104	193	10.28	4.54	2	false
67	17	107	201	10.33	4.89	2	false
67	18	352	373	25.66	0.32	3	true
67	19	356	391	26.17	0.58	3	false
67	20	374	397	26.32	0.44	3	false
67	21	371	389	25.54	0.63	3	false
67	22	366	391	26.57	0.23	3	false
67	23	350	397	25.09	0.13	3	false
67	24	69	26	11.03	3.93	4	true
67	25	56	13	10.81	3.67	4	false
67	26	24	2	10.79	3.97	4	false
67	27	69	11	11.56	3.67	4	false
67	28	64	9	11.37	3.87	4	false
67	29	69	1	11.27	4.18	4	false
68	0	129	196	0.29	4.71	0	true
68	1	118	139	0.3	5	0	false
68	2	95	168	0.3	4.77	0	false
68	3	106	165	0.3	4.94	0	false
68	4	104	193	0.27	4.46	0	false
68	5	115	143	0.3	4.64	0	false
68	6	194	320	13.39	0.32	1	true
68	7	238	383	14.01	0.43	1	false
68	8	197	397	13.31	0.1	1	false
68	9	235	399	13.14	0.62	1	false
68	10	229	396	13.27	0.27	1	false
68	11	236	397	13.28	0.04	1	false
68	12	129	224	11.7	4.71	2	true
68	13	98	201	11.2	4.54	2	false
68	14	136	182	12.17	4.76	2	false
68	15	102	196	11.83	4.7	2	false
68	16	102	183	11.76	4.74	2	false
68	17	108	191	12.27	4.92	2	false
68	18	383	384	33	0.32	3	true
68	19	378	394	32.6	0.09	3	false
68	20	398	391	31.66	0.32	3	false
68	21	392	395	31.75	0.52	3	false
68	22	391	397	31.95	0.55	3	false
68	23	375	398	32.22	0.34	3	false
68	24	56	14	17.41	3.93	4	true
68	25	47	7	17.47	3.71	4	false
68	26	16	5	17.54	3.75	4	false
68	27	59	6	16.61	4.22	4	false
68	28	55	1	17.97	3.72	4	false
68	29	63	7	17.21	3.69	4	false
69	0	129	196	0	4.71	0	true
69	1	118	138	0	0	0	false
69	2	95	168	0	0	0	false
69	3	106	165	0	0	0	false
69	4	103	193	0	0	0	false
69	5	115	143	0	0	0	false
69	6	215	328	22.84	0.32	1	true
69	7	251	389	23.55	0.36	1	false
69	8	211	398	23.56	0.46	1	false
69	9	246	392	22.86	0.1	1	false
69	10	242	399	23.85	0.07	1	false
69	11	249	397	23.46	0.27	1	false
69	12	129	212	11.32	4.71	2	true
69	13	96	190	10.89	4.9	2	false
69	14	137	170	11.51	4.98	2	false
69	15	102	184	11.76	4.67	2	false
69	16	102	172	10.81	4.53	2	false
69	17	111	179	11.47	4.75	2	false
69	18	403	390	33	0.32	3	true
69	19	389	397	32.03	0.26	3	false
69	20	371	398	33.97	0.28	3	false
69	21	379	388	31.47	0.4	3	false
69	22	380	385	33.44	0.07	3	false
69	23	393	390	33.57	0.1	3	false
69	24	40	-2	23.13	3.93	4	true
69	25	32	1	23.06	4.18	4	false
69	26	2	4	23.94	3.61	4	false
69	27	51	8	23.49	3.99	4	false
69	28	40	7	23.88	4.07	4	false
69	29	48	1	22.35	4.07	4	false
70	0	129	187	8.93	4.71	0	true
70	1	118	138	8.87	4.74	0	false
70	2	95	168	9.32	4.76	0	false
70	3	106	165	9.15	4.45	0	false
70	4	103	193	9.1	4.59	0	false
70	5	115	143	8.89	4.48	0	false
70	6	227	332	12.7	0.32	1	true
70	7	273	397	12.77	0.25	1	false
70	8	232	391	13.22	0.43	1	false
70	9	268	394	12.12	0.55	1	false
70	10	266	398	12.86	0.57	1	false
70	11	272	395	13.11	0.62	1	false
70	12	129	203	8.93	4.71	2	true
70	13	98	179	8.95	4.71	2	false
70	14	140	159	8.88	4.53	2	false
70	15	101	172	8.93	5	2	false
70	16	101	161	8.93	4.51	2	false
70	17	111	167	9.22	4.69	2	false
70	18	412	362	33	5.03	3	true
70	19	379	394	33.15	4.87	3	false
70	20	396	391	33.48	5.24	3	false
70	21	391	399	33.54	5.1	3	false
70	22	385	387	33.37	5.34	3	false
70	23	372	393	31.78	5.22	3	false
70	24	21	-21	33	3.93	4	true
70	25	20	17	34.61	4.1	4	false
70	26	18	6	32.98	4.22	4	false
70	27	36	9	31.38	3.73	4	false
70	28	26	11	33.32	3.77	4	false
70	29	35	16	33	3.93	4	false
71	0	129	166	21.11	4.71	0	true
71	1	118	129	21.16	4.68	0	false
71	2	95	158	21.22	4.76	0	false
71	3	104	156	20.73	4.85	0	false
71	4	102	184	20.56	4.84	0	false
71	5	113	134	20.19	4.59	0	false
71	6	243	337	16.57	0.32	1	true
71	7	285	399	16.19	0.47	1	false
71	8	244	396	16.91	0.12	1	false
71	9	279	398	16.1	0.22	1	false
71	10	277	394	16.78	0.07	1	false
71	11	283	396	17.11	0.19	1	false
71	12	129	188	15.7	4.71	2	true
71	13	98	170	15.3	4.64	2	false
71	14	138	150	15.25	4.99	2	false
71	15	104	164	15.38	4.55	2	false
71	16	99	152	14.97	4.65	2	false
71	17	111	158	15.17	4.95	2	false
71	18	412	362	32.76	3.46	3	true
71	19	385	361	31.79	3.63	3	false
71	20	386	362	32.75	3.5	3	false
71	21	396	368	32.42	3.15	3	false
71	22	394	360	32.06	3.6	3	false
71	23	387	365	32.77	3.33	3	false
71	24	0	0	33	2.36	4	true
71	25	0	10	33.4	2.6	4	false
71	26	3	22	33.51	2.4	4	false
71	27	9	8	34.15	2.45	4	false
71	28	0	8	31.38	2.57	4	false
71	29	12	6	33.57	2.32	4	false
72	0	129	140	26.47	4.71	0	true
72	1	118	108	26.32	4.47	0	false
72	2	96	137	27.18	4.45	0	false
72	3	107	136	27.02	4.69	0	false
72	4	105	164	25.49	4.93	0	false
72	5	110	114	27.34	5.02	0	false
72	6	265	344	22.98	0.32	1	true
72	7	300	393	21.96	0.56	1	false
72	8	261	398	22.7	0.3	1	false
72	9	294	397	22.58	0.5	1	false
72	10	293	395	23.58	0.63	1	false
72	11	299	399	22.62	0.43	1	false
72	12	129	164	23.56	4.71	2	true
72	13	97	155	24.59	4.62	2	false
72	14	142	135	23.97	4.56	2	false
72	15	101	149	22.98	4.61	2	false
72	16	98	137	23.21	4.9	2	false
72	17	115	143	24.58	4.76	2	false
72	18	384	352	29.99	3.46	3	true
72	19	357	346	28.74	3.53	3	false
72	20	356	351	29.39	3.77	3	false
72	21	363	368	30.77	3.35	3	false
72	22	365	346	29.12	3.29	3	false
72	23	355	359	28.81	3.32	3	false
72	24	0	0	32.66	0.79	4	true
72	25	27	27	33.55	0.53	4	false
72	26	21	44	31.28	1.08	4	false
72	27	16	30	34.26	0.98	4	false
72	28	25	25	31.73	0.87	4	false
72	29	10	31	31.86	0.92	4	false
73	0	129	107	33	4.71	0	true
73	1	111	83	32.07	4.45	0	false
73	2	89	111	32.24	4.7	0	false
73	3	106	109	32.97	4.47	0	false
73	4	110	139	33.49	4.88	0	false
73	5	118	88	34.24	5.02	0	false
73	6	289	352	25.01	0.32	1	true
73	7	318	394	26.08	0.62	1	false
73	8	282	394	25.41	0.61	1	false
73	9	314	391	24.54	0.25	1	false
73	10	312	390	25.07	0.57	1	false
73	11	320	390	25.97	0.28	1	false
73	12	129	145	19.04	4.71	2	true
73	13	95	130	19.95	4.48	2	false
73	14	139	112	18.86	4.81	2	false
73	15	99	126	19.55	4.86	2	false
73	16	102	114	19.23	4.49	2	false
73	17	116	119	18.53	5.02	2	false
73	18	352	342	33	3.46	3	true
73	19	330	335	32.85	3.73	3	false
73	20	332	334	34.28	3.34	3	false
73	21	333	361	34.37	3.23	3	false
73	22	336	342	33.2	3.72	3	false
73	23	327	354	32.49	3.63	3	false
73	24	17	17	24.85	0.79	4	true
73	25	56	44	24.46	0.84	4	false
73	26	36	72	24.84	0.78	4	false
73	27	35	58	24.39	0.69	4	false
73	28	46	49	24.08	0.72	4	false
73	29	29	56	24.62	0.61	4	false
74	0	130	87	33	4.71	0	true
74	1	103	52	32.06	4.91	0	false
74	2	89	79	31.85	5.02	0	false
74	3	98	77	33.6	4.97	0	false
74	4	116	106	31.75	5.02	0	false
74	5	129	55	32.95	4.71	0	false
74	6	302	356	13.78	0.32	1	true
74	7	340	389	14.27	0.48	1	false
74	8	303	390	13.72	0.05	1	false
74	9	338	397	13.57	0.06	1	false
74	10	333	395	14.12	0.5	1	false
74	11	345	397	13.99	0.31	1	false
74	12	129	118	27.62	4.71	2	true
74	13	90	111	27.82	4.54	2	false
74	14	141	93	26.4	4.91	2	false
74	15	102	106	28.22	4.67	2	false
74	16	98	96	27.57	4.51	2	false
74	17	122	101	26.63	4.73	2	false
74	18	321	331	33	3.46	3	true
74	19	303	317	34.63	3.66	3	false
74	20	298	327	32.18	3.52	3	false
74	21	299	358	33.81	3.33	3	false
74	22	309	324	31.6	3.25	3	false
74	23	298	339	33.12	3.62	3	false
74	24	31	31	19.02	0.79	4	true
74	25	72	62	18.64	0.78	4	false
74	26	53	90	18.23	0.78	4	false
74	27	54	74	19.62	0.89	4	false
74	28	64	65	18.66	1.08	4	false
74	29	50	70	18.46	1.04	4	false
75	0	106	64	33	3.93	0	true
75	1	109	20	32.04	3.75	0	false
75	2	99	48	33.18	4.04	0	false
75	3	107	44	34.63	3.75	0	false
75	4	126	75	32.09	4.23	0	false
75	5	129	22	34.12	3.73	0	false
75	6	318	362	16.65	0.32	1	true
75	7	352	396	16.65	0.15	1	false
75	8	317	391	16.16	0.39	1	false
75	9	352	398	17.13	0.12	1	false
75	10	346	397	17.09	0.51	1	false
75	11	358	397	15.86	0.21	1	false
75	12	130	87	31.01	4.71	2	true
75	13	86	83	30.12	4.94	2	false
75	14	146	67	31.03	4.75	2	false
75	15	100	78	30.2	4.72	2	false
75	16	92	69	32.2	4.6	2	false
75	17	122	74	29.65	4.77	2	false
75	18	290	321	33	3.46	3	true
75	19	273	300	33.64	3.67	3	false
75	20	268	315	33.7	3.57	3	false
75	21	266	352	33.63	3.42	3	false
75	22	277	320	32.8	3.41	3	false
75	23	269	323	32.24	3.28	3	false
75	24	52	52	30.3	0.79	4	true
75	25	86	75	31.55	0.89	4	false
75	26	66	102	29.81	0.92	4	false
75	27	66	89	30.01	0.91	4	false
75	28	73	82	30.76	0.85	4	false
75	29	59	86	29.65	0.71	4	false
76	0	83	40	33	3.93	0	true
76	1	83	2	32.94	4.22	0	false
76	2	78	22	31.7	4.2	0	false
76	3	79	24	34.29	3.79	0	false
76	4	111	47	34.06	3.91	0	false
76	5	101	3	32.96	3.66	0	false
76	6	340	369	23.84	0.32	1	true
76	7	369	399	24.21	0.43	1	false
76	8	332	397	24.41	0.35	1	false
76	9	369	399	23.87	0.44	1	false
76	10	361	394	23.93	0.57	1	false
76	11	374	398	24.79	0.37	1	false
76	12	106	64	33	3.93	2	true
76	13	92	54	33.34	3.73	2	false
76	14	147	36	33.93	3.79	2	false
76	15	101	48	33.21	3.98	2	false
76	16	89	37	32.25	3.8	2	false
76	17	124	45	34.41	3.75	2	false
76	18	258	310	33	3.46	3	true
76	19	244	283	31.65	3.58	3	false
76	20	238	301	32.76	3.61	3	false
76	21	233	343	34.42	3.29	3	false
76	22	246	312	32.54	3.69	3	false
76	23	237	319	32.94	3.39	3	false
76	24	75	75	33	0.79	4	true
76	25	106	100	31.87	1.02	4	false
76	26	84	126	32.06	0.93	4	false
76	27	85	113	33.85	0.52	4	false
76	28	93	105	31.97	0.57	4	false
76	29	82	105	34.6	0.56	4	false
77	0	61	19	30.26	3.93	0	true
77	1	68	26	31.05	3.83	0	false
77	2	62	4	30.55	3.63	0	false
77	3	51	4	30.36	4.06	0	false
77	4	86	23	30.9	4.21	0	false
77	5	72	12	30.61	3.72	0	false
77	6	360	376	20.58	0.32	1	true
77	7	391	390	21.22	0.23	1	false
77	8	355	394	20.8	0.46	1	false
77	9	390	390	20.12	0.01	1	false
77	10	381	392	19.75	0.23	1	false
77	11	397	392	19.58	0.11	1	false
77	12	85	42	30.26	3.93	2	true
77	13	65	36	29.87	4.12	2	false
77	14	120	16	29.18	3.83	2	false
77	15	78	23	28.99	4.13	2	false
77	16	63	17	30.33	4.1	2	false
77	17	96	25	29.89	3.85	2	false
77	18	231	301	29.38	3.46	3	true
77	19	215	270	28.11	3.16	3	false
77	20	209	286	30.62	3.34	3	false
77	21	199	337	28.39	3.59	3	false
77	22	218	295	28.43	3.28	3	false
77	23	205	311	28.9	3.51	3	false
77	24	99	99	33	0.79	4	true
77	25	122	127	31.51	1.06	4	false
77	26	103	152	33.07	0.76	4	false
77	27	114	129	31.81	0.82	4	false
77	28	120	122	33.83	0.96	4	false
77	29	111	124	33.25	0.73	4	false
78	0	38	-3	32.7	3.93	0	true
78	1	44	6	32.3	3.76	0	false
78	2	35	9	32.39	3.96	0	false
78	3	33	19	34.11	4.1	0	false
78	4	71	3	34.24	3.67	0	false
78	5	46	4	32.73	4.06	0	false
78	6	373	380	13.89	0.32	1	true
78	7	388	395	13.4	0.05	1	false
78	8	373	396	14.05	0.23	1	false
78	9	389	390	13.51	0.31	1	false
78	10	399	397	13.59	0.3	1	false
78	11	383	394	13.74	0.2	1	false
78	12	62	19	32.7	3.93	2	true
78	13	48	11	33.27	4.14	2	false
78	14	97	2	32.35	3.82	2	false
78	15	62	0	31.49	3.7	2	false
78	16	46	7	33.22	3.94	2	false
78	17	73	5	32.93	3.98	2	false
78	18	199	291	33	3.46	3	true
78	19	187	269	34.34	3.46	3	false
78	20	179	280	31.42	3.2	3	false
78	21	174	325	34.36	3.44	3	false
78	22	190	291	33.06	3.38	3	false
78	23	178	300	34.34	3.76	3	false
78	24	100	100	33	0.79	4	true
78	25	138	154	31.49	0.86	4	false
78	26	127	175	32.05	0.92	4	false
78	27	136	152	33.86	0.71	4	false
78	28	140	149	34.29	0.52	4	false
78	29	136	146	33.77	0.75	4	false
79	0	21	-21	33	3.93	0	true
79	1	17	11	31.65	3.9	0	false
79	2	13	14	33.68	3.79	0	false
79	3	13	7	33.2	4.14	0	false
79	4	42	14	32.59	3.86	0	false
79	5	26	21	33.34	4.13	0	false
79	6	380	382	7.27	0.32	1	true
79	7	398	396	7.38	0.49	1	false
79	8	387	399	6.99	0.2	1	false
79	9	397	394	7.4	0.28	1	false
79	10	387	398	7.04	0.63	1	false
79	11	396	397	7.35	0.42	1	false
79	12	38	-3	33	3.93	2	true
79	13	30	16	34.45	3.99	2	false
79	14	72	17	31.75	3.63	2	false
79	15	36	16	31.89	3.94	2	false
79	16	22	16	33.79	3.87	2	false
79	17	51	18	33.77	4.08	2	false
79	18	168	280	33	3.46	3	true
79	19	154	258	32.47	3.64	3	false
79	20	147	278	34.53	3.74	3	false
79	21	141	315	31.73	3.65	3	false
79	22	158	283	34.6	3.64	3	false
79	23	150	281	33.78	3.16	3	false
79	24	100	133	33	1.57	4	true
79	25	158	178	32.58	1.5	4	false
79	26	147	200	31.67	1.4	4	false
79	27	161	175	31.61	1.43	4	false
79	28	169	167	32.85	1.83	4	false
79	29	161	169	34.28	1.7	4	false
80	0	0	0	33	2.36	0	true
80	1	5	9	34.52	2.31	0	false
80	2	13	6	32.94	2.41	0	false
80	3	4	20	34.6	2.35	0	false
80	4	17	7	32.77	2.43	0	false
80	5	8	6	32.49	2.25	0	false
80	6	389	385	9.61	0.32	1	true
80	7	395	399	9.36	0.41	1	false
80	8	394	398	9.52	0.32	1	false
80	9	394	396	9.68	0.2	1	false
80	10	393	397	9.27	0.51	1	false
80	11	396	399	9.46	0.6	1	false
80	12	21	-21	33	3.93	2	true
80	13	7	9	33.9	4.22	2	false
80	14	44	2	32.78	3.92	2	false
80	15	13	6	32.93	4.22	2	false
80	16	2	6	31.73	3.97	2	false
80	17	31	8	33.66	3.68	2	false
80	18	139	271	33	3.46	3	true
80	19	126	243	31.88	3.29	3	false
80	20	119	259	33.85	3.58	3	false
80	21	113	299	33.06	3.56	3	false
80	22	127	267	33.88	3.69	3	false
80	23	116	280	33.03	3.59	3	false
80	24	100	166	33	1.57	4	true
80	25	160	211	32.21	1.57	4	false
80	26	152	231	33.68	1.8	4	false
80	27	166	206	32.87	1.35	4	false
80	28	161	198	33.32	1.4	4	false
80	29	156	203	34.64	1.71	4	false
81	0	0	0	24.39	0.79	0	true
81	1	18	35	23.34	0.76	0	false
81	2	11	28	24.98	0.92	0	false
81	3	20	44	23.5	0.74	0	false
81	4	7	28	24.46	1.06	0	false
81	5	12	31	24.81	1.07	0	false
81	6	403	390	17.16	0.32	1	true
81	7	396	396	17.96	0.27	1	false
81	8	396	398	17.53	0.04	1	false
81	9	395	398	17.62	0.35	1	false
81	10	398	398	17.19	0.33	1	false
81	11	395	394	16.93	0.47	1	false
81	12	3	-3	24.39	2.36	2	true
81	13	8	20	23.6	2.05	2	false
81	14	21	20	24.73	2.16	2	false
81	15	1	22	24.03	2.41	2	false
81	16	19	17	25.11	2.24	2	false
81	17	2	8	24.69	2.39	2	false
81	18	139	271	33	4.71	3	true
81	19	94	238	31.75	4.54	3	false
81	20	88	245	32.59	4.75	3	false
81	21	83	286	32.03	4.75	3	false
81	22	98	249	33.82	4.43	3	false
81	23	86	266	31.79	4.6	3	false
81	24	100	194	28.74	1.57	4	true
81	25	160	243	28.58	1.49	4	false
81	26	144	264	27.76	1.68	4	false
81	27	173	238	28.7	1.54	4	false
81	28	167	231	29.01	1.72	4	false
81	29	151	237	29.91	1.68	4	false
82	0	16	16	23.33	0.79	0	true
82	1	35	51	22.23	0.8	0	false
82	2	26	48	24.28	0.65	0	false
82	3	37	60	23.21	0.61	0	false
82	4	19	49	23.7	1.05	0	false
82	5	23	53	24.42	0.69	0	false
82	6	412	363	28.43	5.03	1	true
82	7	386	398	29.81	5.04	1	false
82	8	385	399	27.14	5.08	1	false
82	9	387	395	27.27	4.86	1	false
82	10	385	396	29.82	4.76	1	false
82	11	389	397	27.02	5.01	1	false
82	12	0	0	33	2.36	2	true
82	13	2	41	32.6	2.07	2	false
82	14	7	40	31.44	2.04	2	false
82	15	15	38	31.85	2.13	2	false
82	16	3	36	33.59	2.32	2	false
82	17	15	25	31.38	2.42	2	false
82	18	139	238	33	4.71	3	true
82	19	89	207	31.61	4.91	3	false
82	20	89	212	34.52	4.63	3	false
82	21	84	254	32.29	4.58	3	false
82	22	89	216	34.58	4.41	3	false
82	23	83	234	33.37	4.96	3	false
82	24	100	227	33	1.57	4	true
82	25	163	271	31.79	1.43	4	false
82	26	142	292	33.26	1.7	4	false
82	27	174	267	33.64	1.85	4	false
82	28	162	260	32.76	1.54	4	false
82	29	148	267	33.95	1.31	4	false
83	0	34	34	25.39	0.79	0	true
83	1	50	67	24.38	1.09	0	false
83	2	45	62	25.54	0.57	0	false
83	3	56	73	26.36	1.03	0	false
83	4	31	70	25.28	0.64	0	false
83	5	42	68	24.36	0.87	0	false
83	6	412	362	30.81	5.03	1	true
83	7	395	370	29.53	5.21	1	false
83	8	395	373	30.51	4.87	1	false
83	9	391	368	29.75	4.9	1	false
83	10	386	366	30.37	4.77	1	false
83	11	397	371	32.02	4.93	1	false
83	12	0	0	27.88	0.79	2	true
83	13	13	70	27.55	0.73	2	false
83	14	6	68	29.13	0.91	2	false
83	15	1	65	27.1	0.54	2	false
83	16	19	61	26.61	1.07	2	false
83	17	8	46	27.94	0.52	2	false
83	18	139	205	33	4.71	3	true
83	19	95	176	31.79	4.51	3	false
83	20	86	178	31.69	4.89	3	false
83	21	80	222	33.49	4.67	3	false
83	22	78	184	34.55	4.83	3	false
83	23	91	202	33.13	4.5	3	false
83	24	100	260	33	1.57	4	true
83	25	167	303	33.38	1.52	4	false
83	26	137	325	31.52	1.56	4	false
83	27	165	299	33.42	1.72	4	false
83	28	163	293	33.46	1.62	4	false
83	29	157	299	33.76	1.85	4	false
84	0	53	53	27.35	0.79	0	true
84	1	61	88	26.6	0.78	0	false
84	2	67	76	28.69	0.79	0	false
84	3	69	96	27.02	0.64	0	false
84	4	51	85	28.42	0.66	0	false
84	5	58	87	27.68	0.97	0	false
84	6	412	362	33	3.46	1	true
84	7	390	344	31.92	3.57	1	false
84	8	399	343	34.52	3.4	1	false
84	9	397	339	34.36	3.36	1	false
84	10	388	336	32.01	3.46	1	false
84	11	395	340	33	3.49	1	false
84	12	23	23	33	0.79	2	true
84	13	33	88	32.07	0.52	2	false
84	14	24	91	33.44	1.04	2	false
84	15	24	79	33.4	0.71	2	false
84	16	32	84	33.91	0.73	2	false
84	17	32	59	32.03	1.07	2	false
84	18	139	172	33	4.71	3	true
84	19	89	145	33.97	4.59	3	false
84	20	92	146	34.41	4.65	3	false
84	21	79	188	31.93	4.71	3	false
84	22	83	149	33.55	4.96	3	false
84	23	84	169	33.27	4.55	3	false
84	24	100	293	33	1.57	4	true
84	25	169	336	32.15	1.49	4	false
84	26	137	356	34.43	1.52	4	false
84	27	160	332	34.05	1.27	4	false
84	28	162	326	33.62	1.77	4	false
84	29	148	332	32.79	1.66	4	false
85	0	76	76	31.43	0.79	0	true
85	1	80	107	31.93	0.97	0	false
85	2	87	97	31.48	0.48	0	false
85	3	91	112	30.1	0.56	0	false
85	4	73	102	31.17	0.95	0	false
85	5	74	110	31.8	0.47	0	false
85	6	383	352	30.83	3.46	1	true
85	7	361	331	29.54	3.56	1	false
85	8	366	334	29.98	3.35	1	false
85	9	363	331	30.03	3.39	1	false
85	10	357	326	30.47	3.69	1	false
85	11	364	329	30.05	3.17	1	false
85	12	46	46	33	0.79	2	true
85	13	61	104	32.8	0.94	2	false
85	14	41	120	33.6	0.68	2	false
85	15	49	101	33.39	0.69	2	false
85	16	57	107	33.97	0.71	2	false
85	17	47	87	31.54	0.83	2	false
85	18	139	139	33	4.71	3	true
85	19	84	111	31.48	4.76	3	false
85	20	90	112	33.77	4.64	3	false
85	21	79	156	31.82	4.51	3	false
85	22	91	117	31.65	5.01	3	false
85	23	79	137	32.1	4.44	3	false
85	24	100	300	24.2	1.57	4	true
85	25	171	368	24.6	1.85	4	false
85	26	139	391	24.39	1.62	4	false
85	27	170	365	25.16	1.83	4	false
85	28	155	359	23.75	1.53	4	false
85	29	145	365	23.34	1.61	4	false
86	0	99	99	33	0.79	0	true
86	1	98	133	33.08	0.99	0	false
86	2	115	111	33.9	0.94	0	false
86	3	117	128	34.17	0.76	0	false
86	4	92	128	34.62	1.02	0	false
86	5	102	124	34.2	0.64	0	false
86	6	352	341	33	3.46	1	true
86	7	334	319	34.48	3.33	1	false
86	8	336	328	33.28	3.58	1	false
86	9	334	324	34.27	3.2	1	false
86	10	331	310	33.1	3.35	1	false
86	11	334	328	31.59	3.42	1	false
86	12	64	64	25.13	0.79	2	true
86	13	81	130	25.6	0.93	2	false
86	14	67	141	23.95	1.04	2	false
86	15	75	122	26.14	0.86	2	false
86	16	83	129	24.19	0.75	2	false
86	17	68	111	26.22	0.47	2	false
86	18	139	106	33	4.71	3	true
86	19	86	80	32.86	4.74	3	false
86	20	88	78	34.13	4.77	3	false
86	21	73	125	32.53	4.5	3	false
86	22	100	86	31.72	4.97	3	false
86	23	70	106	33.44	4.78	3	false
86	24	100	300	16.8	0.32	4	true
86	25	165	392	16.68	0.23	4	false
86	26	138	384	17.44	0.08	4	false
86	27	164	389	16.09	0.27	4	false
86	28	156	383	16.42	0.15	4	false
86	29	144	388	15.96	0.37	4	false
87	0	100	100	33	0.79	0	true
87	1	117	161	31.64	0.93	0	false
87	2	135	138	33.85	0.96	0	false
87	3	141	152	33.72	0.53	0	false
87	4	110	157	33.73	0.77	0	false
87	5	130	145	33.24	0.95	0	false
87	6	320	331	33	3.46	1	true
87	7	300	313	32.19	3.46	1	false
87	8	306	314	32.97	3.2	1	false
87	9	300	322	34.46	3.39	1	false
87	10	299	303	32.56	3.58	1	false
87	11	304	319	31.81	3.28	1	false
87	12	83	83	26.36	0.79	2	true
87	13	96	151	27.62	0.9	2	false
87	14	79	162	25.22	0.64	2	false
87	15	92	142	26.27	0.87	2	false
87	16	101	145	26.55	0.85	2	false
87	17	92	123	26.68	1.08	2	false
87	18	140	83	33	4.71	3	true
87	19	87	47	34.46	5	3	false
87	20	90	44	32.5	4.73	3	false
87	21	66	93	34.08	4.42	3	false
87	22	108	56	34.14	4.82	3	false
87	23	73	72	33.69	4.98	3	false
87	24	125	308	26.36	0.32	4	true
87	25	181	396	25.22	0.55	4	false
87	26	155	385	25.17	0.56	4	false
87	27	179	393	26.68	0.27	4	false
87	28	172	385	27.24	0.06	4	false
87	29	159	394	25.94	0.49	4	false
88	0	100	121	21.96	1.57	0	true
88	1	135	186	22.08	1.75	0	false
88	2	155	166	22.87	1.85	0	false
88	3	170	169	22.81	1.59	0	false
88	4	134	181	21.81	1.6	0	false
88	5	149	172	21.76	1.66	0	false
88	6	289	320	33	3.46	1	true
88	7	269	302	32.1	3.6	1	false
88	8	273	312	32.86	3.59	1	false
88	9	267	314	32.02	3.74	1	false
88	10	270	289	32.89	3.61	1	false
88	11	272	314	34.11	3.72	1	false
88	12	98	98	21.96	0.79	2	true
88	13	113	172	22.28	0.6	2	false
88	14	100	177	22.38	0.71	2	false
88	15	109	162	21.02	0.7	2	false
88	16	118	165	21.87	0.55	2	false
88	17	104	146	22.56	0.7	2	false
88	18	119	63	28.48	3.93	3	true
88	19	97	14	27.48	3.89	3	false
88	20	90	12	29.48	4.19	3	false
88	21	56	61	28.21	4.07	3	false
88	22	112	22	29.38	3.91	3	false
88	23	82	40	29.03	3.64	3	false
88	24	156	318	33	0.32	4	true
88	25	202	390	34.43	0.48	4	false
88	26	177	399	32.48	0.61	4	false
88	27	205	399	32.27	0.08	4	false
88	28	199	387	31.96	0.1	4	false
88	29	182	393	33.37	0.4	4	false
89	0	100	147	25.79	1.57	0	true
89	1	131	208	24.6	1.36	0	false
89	2	148	188	26.85	1.59	0	false
89	3	170	191	25.86	1.78	0	false
89	4	133	202	24.57	1.82	0	false
89	5	147	193	24.89	1.44	0	false
89	6	258	310	32.79	3.46	1	true
89	7	240	288	33.52	3.45	1	false
89	8	244	298	31.99	3.58	1	false
89	9	240	296	31.43	3.16	1	false
89	10	240	274	33.19	3.49	1	false
89	11	244	296	31.65	3.4	1	false
89	12	100	100	17.7	0.79	2	true
89	13	132	185	18.16	0.88	2	false
89	14	117	192	18.36	0.91	2	false
89	15	125	175	16.92	1.09	2	false
89	16	137	177	17.29	0.79	2	false
89	17	121	161	17.19	0.52	2	false
89	18	96	39	33	3.93	3	true
89	19	77	4	34.4	3.63	3	false
89	20	76	13	32.45	3.74	3	false
89	21	39	38	34.15	3.67	3	false
89	22	91	1	33.76	3.92	3	false
89	23	56	26	32.61	3.91	3	false
89	24	187	329	33	0.32	4	true
89	25	233	393	32.34	0.25	4	false
89	26	203	382	32.32	0.04	4	false
89	27	237	398	32.34	0.17	4	false
89	28	231	390	32.06	0.05	4	false
89	29	212	393	33.2	0.34	4	false
90	0	100	163	15.77	1.57	0	true
90	1	137	232	16.01	1.51	0	false
90	2	148	215	15.12	1.84	0	false
90	3	165	217	15.97	1.29	0	false
90	4	127	226	15.37	1.86	0	false
90	5	150	218	16.02	1.32	0	false
90	6	231	301	27.81	3.46	1	true
90	7	208	278	29.01	3.4	1	false
90	8	215	285	28.09	3.21	1	false
90	9	209	295	28.82	3.37	1	false
90	10	209	263	26.87	3.17	1	false
90	11	213	288	28.49	3.35	1	false
90	12	100	121	21.77	1.57	2	true
90	13	143	199	20.83	1.66	2	false
90	14	128	206	22.79	1.59	2	false
90	15	133	190	21.59	1.46	2	false
90	16	149	189	21.87	1.55	2	false
90	17	136	169	22.81	1.59	2	false
90	18	74	17	31.39	3.93	3	true
90	19	46	11	32.29	3.97	3	false
90	20	49	5	32.49	4.14	3	false
90	21	9	21	30.19	4.06	3	false
90	22	67	21	30.52	3.83	3	false
90	23	33	4	32.29	4.18	3	false
90	24	209	336	23.24	0.32	4	true
90	25	264	398	23.92	0.1	4	false
90	26	236	383	23.05	0.28	4	false
90	27	269	396	22.16	0.32	4	false
90	28	263	391	23.24	0.61	4	false
90	29	244	395	22.51	0.41	4	false
