1	0	502	61	0.34	0.03
1	1	482	40	0	3.17
1	2	697	46	1.28	3.17
1	3	622	44	0	3.17
1	4	408	39	0	3.17
1	5	310	56	0	0.03
1	6	165	52	0.22	0.03
1	7	336	57	1.9	0.03
1	8	470	40	0	3.17
1	9	486	61	1.4	0.03
1	10	439	59	0.38	0.03
1	11	358	57	0	0.03
1	12	780	48	0	3.17
1	13	150	32	1.32	3.17
1	14	825	49	1.42	3.17
1	15	785	68	1.3	0.03
1	16	437	39	0	3.17
1	17	223	34	0.41	3.17
1	18	591	43	0	3.17
1	19	98	31	0	3.17
1	20	886	71	0.27	0.03
1	21	226	34	1.27	3.17
1	22	856	50	0	3.17
1	23	735	67	0	0.03
1	24	590	43	0	3.17
1	25	279	35	1.85	3.17
1	26	702	66	0.6	0.03
1	27	436	59	0	0.03
1	28	332	57	0.25	0.03
1	29	472	40	1.42	3.17
2	0	502	61	0	0.03
2	1	480	40	1.81	3.17
2	2	695	46	2.13	3.17
2	3	621	44	0.8	3.17
2	4	406	39	1.92	3.17
2	5	311	56	0.85	0.03
2	6	167	52	1.98	0.03
2	7	339	57	2.87	0.03
2	8	468	40	1.43	3.17
2	9	487	61	0.89	0.03
2	10	441	59	1.63	0.03
2	11	359	57	1.06	0.03
2	12	778	48	1.93	3.17
2	13	148	32	2.22	3.17
2	14	823	49	1.63	3.17
2	15	786	68	0.48	0.03
2	16	437	39	0	3.17
2	17	223	34	0	3.17
2	18	590	43	0.88	3.17
2	19	98	31	0	3.17
2	20	887	71	1.81	0.03
2	21	226	34	0	3.17
2	22	855	50	1.41	3.17
2	23	735	67	0	0.03
2	24	590	43	0	3.17
2	25	277	35	2.23	3.17
2	26	703	66	0.8	0.03
2	27	436	59	0.35	0.03
2	28	332	57	0.23	0.03
2	29	472	40	0	3.17
3	0	503	61	0.81	0.03
3	1	478	40	2.14	3.17
3	2	691	46	3.58	3.17
3	3	621	44	0.67	3.17
3	4	404	39	1.33	3.17
3	5	312	56	1.48	0.03
3	6	169	53	2.13	0.03
3	7	344	57	4.25	0.03
3	8	466	40	2.04	3.17
3	9	487	61	0	0.03
3	10	444	60	2.99	0.03
3	11	361	57	2.15	0.03
3	12	775	48	3.15	3.17
3	13	144	32	3.57	3.17
3	14	821	49	2.64	3.17
3	15	787	68	0.7	0.03
3	16	437	39	0	3.17
3	17	222	34	0.75	3.17
3	18	590	43	0.78	3.17
3	19	98	31	0.22	3.17
3	20	891	71	3.17	0.03
3	21	225	34	0.75	3.17
3	22	852	50	2.75	3.17
3	23	736	67	0.99	0.03
3	24	590	43	0	3.17
3	25	274	35	3	3.17
3	26	705	66	2	0.03
3	27	438	59	1.99	0.03
3	28	333	57	1.12	0.03
3	29	472	40	0.04	3.17
4	0	504	61	1.37	0.03
4	1	477	40	0.83	3.17
4	2	687	46	4.2	3.17
4	3	619	44	1.1	3.17
4	4	403	38	1.34	3.17
4	5	313	56	0.31	0.03
4	6	172	53	2.51	0.03
4	7	346	57	2.67	0.03
4	8	464	40	2.32	3.17
4	9	488	61	1.55	0.03
4	10	448	60	4.23	0.03
4	11	361	57	0.45	0.03
4	12	773	48	2.74	3.17
4	13	139	32	5.08	3.17
4	14	819	49	1.36	3.17
4	15	787	68	0	0.03
4	16	435	39	1.54	3.17
4	17	221	34	1.73	3.17
4	18	588	43	1.47	3.17
4	19	96	31	1.65	3.17
4	20	895	71	4.89	0.03
4	21	223	34	2.07	3.17
4	22	847	50	4.42	3.17
4	23	737	67	1.67	0.03
4	24	590	43	0.58	3.17
4	25	272	35	2.23	3.17
4	26	707	66	2.52	0.03
4	27	441	59	2.96	0.03
4	28	335	57	1.7	0.03
4	29	471	40	0.83	3.17
5	0	506	61	1.63	0.03
5	1	475	40	2.13	3.17
5	2	683	46	4.38	3.17
5	3	617	44	2.37	3.17
5	4	401	38	1.9	3.17
5	5	313	56	0.41	0.03
5	6	175	53	3.6	0.03
5	7	350	57	3.83	0.03
5	8	463	40	0.58	3.17
5	9	489	61	0.82	0.03
5	10	454	60	5.95	0.03
5	11	361	57	0	0.03
5	12	769	48	3.67	3.17
5	13	135	32	4.49	3.17
5	14	819	49	0	3.17
5	15	787	68	0	0.03
5	16	433	39	1.99	3.17
5	17	219	34	1.97	3.17
5	18	587	43	0.8	3.17
5	19	93	31	3.4	3.17
5	20	901	71	5.62	0.03
5	21	221	34	1.97	3.17
5	22	841	50	6.12	3.17
5	23	740	67	2.9	0.03
5	24	589	43	0.8	3.17
5	25	269	35	3	3.17
5	26	709	66	1.63	0.03
5	27	446	60	4.62	0.03
5	28	337	57	2.36	0.03
5	29	471	40	0	3.17
6	0	509	61	2.69	0.03
6	1	474	40	1.47	3.17
6	2	679	45	4.02	3.17
6	3	614	44	3.38	3.17
6	4	399	38	2.2	3.17
6	5	314	56	1.07	0.03
6	6	178	53	3.07	0.03
6	7	354	57	3.48	0.03
6	8	461	40	2.04	3.17
6	9	490	61	1.35	0.03
6	10	461	60	7.14	0.03
6	11	361	57	0	0.03
6	12	767	48	2.3	3.17
6	13	132	32	2.83	3.17
6	14	819	49	0	3.17
6	15	787	68	0	0.03
6	16	432	39	1.4	3.17
6	17	216	34	2.52	3.17
6	18	587	43	0.41	3.17
6	19	90	31	3.03	3.17
6	20	908	71	6.71	0.03
6	21	219	34	1.45	3.17
6	22	834	49	7.68	3.17
6	23	744	67	3.41	0.03
6	24	588	43	0.79	3.17
6	25	264	35	4.42	3.17
6	26	711	66	2.53	0.03
6	27	452	60	6.48	0.03
6	28	338	57	0.85	0.03
6	29	470	40	1.47	3.17
7	0	512	61	3.65	0.03
7	1	474	40	0	3.17
7	2	673	45	6.01	3.17
7	3	611	44	3.03	3.17
7	4	396	38	3.21	3.17
7	5	314	56	0	0.03
7	6	179	53	1.1	0.03
7	7	355	57	1.53	0.03
7	8	458	40	3.71	3.17
7	9	492	61	1.51	0.03
7	10	469	60	7.51	0.03
7	11	362	57	1.11	0.03
7	12	764	48	2.9	3.17
7	13	131	32	1.15	3.17
7	14	817	49	1.94	3.17
7	15	788	68	1.48	0.03
7	16	431	39	0.59	3.17
7	17	214	34	2.75	3.17
7	18	586	43	0.89	3.17
7	19	85	30	5.01	3.17
7	20	913	71	5.05	0.03
7	21	219	34	0.63	3.17
7	22	827	49	6.32	3.17
7	23	745	67	1.47	0.03
7	24	587	43	0.89	3.17
7	25	258	35	6.07	3.17
7	26	715	66	3.8	0.03
7	27	457	60	5.02	0.03
7	28	339	57	0.94	0.03
7	29	466	40	3.43	3.17
8	0	518	61	5.28	0.03
8	1	472	40	1.99	3.17
8	2	668	45	4.59	3.17
8	3	607	44	3.26	3.17
8	4	392	38	3.68	3.17
8	5	315	56	0.68	0.03
8	6	181	53	1.15	0.03
8	7	358	57	2.82	0.03
8	8	454	40	4.02	3.17
8	9	494	61	2.17	0.03
8	10	477	60	8.24	0.03
8	11	365	58	2.82	0.03
8	12	763	48	1.02	3.17
8	13	131	32	0	3.17
8	14	817	49	0.47	3.17
8	15	791	68	2.78	0.03
8	16	431	39	0.77	3.17
8	17	209	34	4.07	3.17
8	18	586	43	0.29	3.17
8	19	79	30	5.95	3.17
8	20	920	72	6.75	0.03
8	21	217	34	2.13	3.17
8	22	827	49	0.47	3.17
8	23	748	67	3.05	0.03
8	24	587	43	0.29	3.17
8	25	251	35	6.78	3.17
8	26	718	66	2.79	0.03
8	27	464	60	6.64	0.03
8	28	341	57	2.01	0.03
8	29	463	40	3.77	3.17
9	0	523	62	5.6	0.03
9	1	469	40	2.62	3.17
9	2	663	45	5.31	3.17
9	3	604	44	3.6	3.17
9	4	387	38	5.09	3.17
9	5	317	56	2.13	0.03
9	6	181	53	0	0.03
9	7	362	57	4.19	0.03
9	8	451	40	2.28	3.17
9	9	495	61	0.49	0.03
9	10	485	61	7.5	0.03
9	11	367	58	1.84	0.03
9	12	761	48	1.41	3.17
9	13	129	32	1.77	3.17
9	14	817	49	0	3.17
9	15	793	68	2.31	0.03
9	16	429	39	1.99	3.17
9	17	207	33	2.66	3.17
9	18	584	43	1.58	3.17
9	19	71	30	7.44	3.17
9	20	925	72	5.46	0.03
9	21	214	34	2.82	3.17
9	22	826	49	0.97	3.17
9	23	753	67	4.94	0.03
9	24	587	43	0	3.17
9	25	244	34	7.47	3.17
9	26	721	67	3.57	0.03
9	27	471	60	7.49	0.03
9	28	344	57	2.55	0.03
9	29	459	40	3.04	3.17
10	0	529	62	5.84	0.03
10	1	465	40	4.42	3.17
10	2	656	45	7.17	3.17
10	3	600	43	3.94	3.17
10	4	381	38	5.84	3.17
10	5	319	56	1.8	0.03
10	6	182	53	1.88	0.03
10	7	365	58	2.59	0.03
10	8	448	40	3.17	3.17
10	9	495	61	0.9	0.03
10	10	486	61	0.9	0.03
10	11	370	58	2.59	0.03
10	12	759	48	2.74	3.17
10	13	128	31	0.71	3.17
10	14	815	49	1.53	3.17
10	15	796	68	3.27	0.03
10	16	426	39	2.83	3.17
10	17	204	33	2.7	3.17
10	18	581	43	3.14	3.17
10	19	63	30	8.07	3.17
10	20	932	72	6.62	0.03
10	21	209	34	4.42	3.17
10	22	824	49	2.04	3.17
10	23	757	67	3.85	0.03
10	24	585	43	1.64	3.17
10	25	235	34	9.18	3.17
10	26	726	67	4.51	0.03
10	27	472	60	0.9	0.03
10	28	347	57	3.71	0.03
10	29	455	40	4	3.17
11	0	536	62	7.14	0.03
11	1	460	40	5.21	3.17
11	2	647	45	8.41	3.17
11	3	594	43	5.54	3.17
11	4	375	38	6.25	3.17
11	5	322	56	3.5	0.03
11	6	185	53	2.51	0.03
11	7	367	58	2.77	0.03
11	8	443	39	4.98	3.17
11	9	497	61	2.01	0.03
11	10	487	61	1.32	0.03
11	11	372	58	2.77	0.03
11	12	754	47	4.44	3.17
11	13	128	31	0	3.17
11	14	813	49	2.61	3.17
11	15	800	69	3.61	0.03
11	16	421	39	4.4	3.17
11	17	203	33	1.59	3.17
11	18	577	43	4.39	3.17
11	19	56	30	7.04	3.17
11	20	938	72	5.84	0.03
11	21	206	33	2.98	3.17
11	22	821	49	2.77	3.17
11	23	763	68	5.71	0.03
11	24	583	43	2.87	3.17
11	25	225	34	9.97	3.17
11	26	730	67	3.8	0.03
11	27	473	60	1.39	0.03
11	28	349	57	1.77	0.03
11	29	451	40	4.29	3.17
12	0	544	62	7.57	0.03
12	1	456	40	3.54	3.17
12	2	639	44	8.74	3.17
12	3	589	43	5.1	3.17
12	4	369	38	5.86	3.17
12	5	327	57	4.41	0.03
12	6	186	53	1.1	0.03
12	7	369	58	1.88	0.03
12	8	438	39	5.36	3.17
12	9	501	61	3.53	0.03
12	10	488	61	0.92	0.03
12	11	373	58	1.12	0.03
12	12	748	47	5.76	3.17
12	13	128	31	0.73	3.17
12	14	811	49	1.48	3.17
12	15	804	69	4.21	0.03
12	16	417	39	4.7	3.17
12	17	200	33	2.48	3.17
12	18	572	43	5.17	3.17
12	19	50	30	7.58	3.17
12	20	943	72	5.06	0.03
12	21	204	33	2.48	3.17
12	22	818	49	2.78	3.17
12	23	770	68	7.22	0.03
12	24	580	43	2.61	3.17
12	25	215	34	10	3.17
12	26	734	67	4.28	0.03
12	27	476	60	2.1	0.03
12	28	350	57	1.36	0.03
12	29	447	40	4.41	3.17
13	0	550	62	6.11	0.03
13	1	453	40	2.61	3.17
13	2	631	44	7.62	3.17
13	3	588	43	0.96	3.17
13	4	364	37	5.14	3.17
13	5	332	57	4.91	0.03
13	6	187	53	0.84	0.03
13	7	372	58	2.47	0.03
13	8	433	39	5.04	3.17
13	9	505	61	4.39	0.03
13	10	490	61	2.53	0.03
13	11	376	58	2.47	0.03
13	12	741	47	7.21	3.17
13	13	125	31	2.54	3.17
13	14	808	49	3.47	3.17
13	15	810	69	5.34	0.03
13	16	412	39	4.6	3.17
13	17	196	33	3.83	3.17
13	18	565	43	6.01	3.17
13	19	50	36	6.91	1.6
13	20	947	72	4.48	0.03
13	21	200	33	3.85	3.17
13	22	816	49	2.56	3.17
13	23	775	68	5.36	0.03
13	24	579	43	0.96	3.17
13	25	211	34	3.85	3.17
13	26	740	67	5.97	0.03
13	27	478	60	2.86	0.03
13	28	353	57	2.63	0.03
13	29	444	40	2.93	3.17
14	0	558	62	7.97	0.03
14	1	452	40	0.92	3.17
14	2	625	44	6.33	3.17
14	3	586	43	2.11	3.17
14	4	358	37	6.1	3.17
14	5	337	57	5.92	0.03
14	6	188	53	1.21	0.03
14	7	375	58	2.93	0.03
14	8	428	39	5.16	3.17
14	9	510	61	5.13	0.03
14	10	494	61	3.5	0.03
14	11	379	58	3	0.03
14	12	733	47	8.14	3.17
14	13	121	31	3.67	3.17
14	14	802	49	5.44	3.17
14	15	817	69	7.1	0.03
14	16	408	39	3.76	3.17
14	17	192	33	4.08	3.17
14	18	559	42	6.51	3.17
14	19	50	44	7.35	1.6
14	20	951	72	3.47	0.03
14	21	196	33	4.08	3.17
14	22	812	49	3.43	3.17
14	23	782	68	7.08	0.03
14	24	577	43	2.31	3.17
14	25	208	34	3.15	3.17
14	26	746	67	6.1	0.03
14	27	483	61	4.8	0.03
14	28	356	57	2.84	0.03
14	29	440	39	4.23	3.17
15	0	565	63	7.14	0.03
15	1	452	40	0.37	3.17
15	2	619	44	5.63	3.17
15	3	582	43	3.84	3.17
15	4	351	37	6.57	3.17
15	5	343	57	5.45	0.03
15	6	189	53	1.24	0.03
15	7	378	58	3.5	0.03
15	8	422	39	6.21	3.17
15	9	516	61	5.57	0.03
15	10	498	61	4.46	0.03
15	11	383	58	3.77	0.03
15	12	724	47	9.42	3.17
15	13	117	31	4.53	3.17
15	14	798	48	4.63	3.17
15	15	823	69	5.94	0.03
15	16	403	38	5.65	3.17
15	17	190	33	2.27	3.17
15	18	554	42	4.55	3.17
15	19	50	50	7.25	1.6
15	20	953	72	2.07	0.03
15	21	194	33	2.27	3.17
15	22	809	49	3.79	3.17
15	23	791	68	8.45	0.03
15	24	574	43	2.39	3.17
15	25	206	33	1.65	3.17
15	26	753	67	7.06	0.03
15	27	489	61	5.82	0.03
15	28	359	57	3.19	0.03
15	29	437	39	2.58	3.17
16	0	571	63	5.47	0.03
16	1	452	40	0.37	3.17
16	2	613	44	5.83	3.17
16	3	578	43	3.88	3.17
16	4	346	37	4.87	3.17
16	5	349	57	5.98	0.03
16	6	189	53	0.18	0.03
16	7	380	58	1.73	0.03
16	8	415	39	7	3.17
16	9	524	62	7.55	0.03
16	10	504	61	6.16	0.03
16	11	387	58	4.78	0.03
16	12	714	46	9.79	3.17
16	13	111	31	5.63	3.17
16	14	793	48	4.22	3.17
16	15	830	69	6.98	0.03
16	16	395	38	7.61	3.17
16	17	186	33	3.93	3.17
16	18	550	42	4.27	3.17
16	19	50	50	8.56	0.03
16	20	954	72	0.99	0.03
16	21	192	33	1.4	3.17
16	22	804	49	4.44	3.17
16	23	801	69	10	0.03
16	24	571	43	3.15	3.17
16	25	203	33	2.72	3.17
16	26	761	68	7.7	0.03
16	27	493	61	4.18	0.03
16	28	362	57	3.23	0.03
16	29	433	39	3.58	3.17
17	0	577	63	6.63	0.03
17	1	451	40	0.26	3.17
17	2	608	44	5.6	3.17
17	3	574	43	4.01	3.17
17	4	341	37	5.78	3.17
17	5	356	57	7.06	0.03
17	6	190	53	0.95	0.03
17	7	383	58	3.22	0.03
17	8	406	39	8.41	3.17
17	9	531	62	7.66	0.03
17	10	513	61	8.14	0.03
17	11	393	58	5.3	0.03
17	12	704	46	10	3.17
17	13	106	31	5.08	3.17
17	14	789	48	4.56	3.17
17	15	835	69	5.41	0.03
17	16	387	38	7.62	3.17
17	17	182	33	3.59	3.17
17	18	545	42	5.62	3.17
17	19	58	50	8.58	0.03
17	20	955	73	1.9	0.03
17	21	190	33	2.36	3.17
17	22	799	49	5.43	3.17
17	23	811	69	10	0.03
17	24	567	43	3.83	3.17
17	25	201	33	2.49	3.17
17	26	767	68	5.76	0.03
17	27	498	61	4.64	0.03
17	28	366	58	3.32	0.03
17	29	429	39	4.35	3.17
18	0	583	63	5.71	0.03
18	1	450	40	1.02	3.17
18	2	601	44	6.19	3.17
18	3	571	43	3.5	3.17
18	4	334	37	6.02	3.17
18	5	360	57	3.61	0.03
18	6	193	53	2.66	0.03
18	7	386	58	3	0.03
18	8	399	38	7.28	3.17
18	9	541	62	9.62	0.03
18	10	520	61	7.81	0.03
18	11	400	58	6.88	0.03
18	12	695	46	9.15	3.17
18	13	103	31	3.56	3.17
18	14	783	48	5.84	3.17
18	15	842	70	6.79	0.03
18	16	380	38	7.49	3.17
18	17	180	33	2.07	3.17
18	18	540	42	4.74	3.17
18	19	67	50	9.25	0.03
18	20	957	73	1.89	0.03
18	21	187	33	2.91	3.17
18	22	791	48	7.33	3.17
18	23	819	69	8.57	0.03
18	24	562	43	5.32	3.17
18	25	198	33	3.03	3.17
18	26	773	68	6.35	0.03
18	27	502	61	4.22	0.03
18	28	369	58	3.61	0.03
18	29	426	39	3.2	3.17
19	0	590	63	6.76	0.03
19	1	450	40	0	3.17
19	2	596	43	5.23	3.17
19	3	566	43	5.1	3.17
19	4	327	37	7.04	3.17
19	5	363	57	3.84	0.03
19	6	197	53	4.22	0.03
19	7	388	58	1.58	0.03
19	8	391	38	8.11	3.17
19	9	551	62	10	0.03
19	10	528	62	7.34	0.03
19	11	406	59	6.2	0.03
19	12	685	46	10	3.17
19	13	100	31	2.52	3.17
19	14	776	48	7	3.17
19	15	850	70	8.59	0.03
19	16	372	38	8.2	3.17
19	17	178	33	1.96	3.17
19	18	537	42	2.98	3.17
19	19	77	50	9.86	0.03
19	20	960	73	2.9	0.03
19	21	185	33	2.07	3.17
19	22	784	48	7.11	3.17
19	23	828	69	8.54	0.03
19	24	555	42	7.17	3.17
19	25	194	33	3.66	3.17
19	26	779	68	5.61	0.03
19	27	507	61	4.88	0.03
19	28	374	58	4.54	0.03
19	29	424	39	1.44	3.17
20	0	595	63	5.37	0.03
20	1	450	40	0	3.17
20	2	589	43	6.93	3.17
20	3	560	42	6.03	3.17
20	4	319	36	8.7	3.17
20	5	369	58	5.5	0.03
20	6	203	53	5.19	0.03
20	7	391	58	3.3	0.03
20	8	382	38	8.75	3.17
20	9	561	62	10	0.03
20	10	535	62	7.62	0.03
20	11	413	59	6.73	0.03
20	12	677	45	8.12	3.17
20	13	96	31	3.93	3.17
20	14	767	48	8.91	3.17
20	15	860	70	10	0.03
20	16	363	37	8.52	3.17
20	17	175	33	3.15	3.17
20	18	533	42	3.75	3.17
20	19	87	50	10	0.03
20	20	964	73	3.39	0.03
20	21	182	33	3.44	3.17
20	22	775	48	8.91	3.17
20	23	838	70	10	0.03
20	24	548	42	6.69	3.17
20	25	189	33	4.75	3.17
20	26	786	68	7.31	0.03
20	27	513	61	5.59	0.03
20	28	380	58	6.1	0.03
20	29	421	39	3.31	3.17
21	0	601	64	6.16	0.03
21	1	450	40	0	3.17
21	2	581	43	8.32	3.17
21	3	552	42	7.95	3.17
21	4	309	36	10	3.17
21	5	373	58	3.82	0.03
21	6	209	54	6.4	0.03
21	7	394	58	2.83	0.03
21	8	373	38	9.37	3.17
21	9	571	63	10	0.03
21	10	543	62	7.95	0.03
21	11	421	59	8.47	0.03
21	12	669	45	7.26	3.17
21	13	92	31	4.04	3.17
21	14	757	47	10	3.17
21	15	870	70	10	0.03
21	16	355	37	7.94	3.17
21	17	173	33	2.39	3.17
21	18	531	42	2.24	3.17
21	19	97	51	10	0.03
21	20	968	73	4.12	0.03
21	21	179	33	2.39	3.17
21	22	766	48	9.69	3.17
21	23	848	70	10	0.03
21	24	541	42	6.81	3.17
21	25	187	33	2.84	3.17
21	26	794	68	7.65	0.03
21	27	517	61	4.17	0.03
21	28	385	58	5.15	0.03
21	29	416	39	4.96	3.17
22	0	608	64	6.46	0.03
22	1	449	40	1.23	3.17
22	2	574	43	6.9	3.17
22	3	547	42	5.23	3.17
22	4	299	36	10	3.17
22	5	376	58	3.57	0.03
22	6	216	54	6.91	0.03
22	7	395	58	1.62	0.03
22	8	363	37	10	3.17
22	9	581	63	10	0.03
22	10	552	62	9.08	0.03
22	11	431	59	9.69	0.03
22	12	661	45	8.47	3.17
22	13	87	30	5.02	3.17
22	14	747	47	10	3.17
22	15	880	71	10	0.03
22	16	347	37	8.6	3.17
22	17	169	33	3.35	3.17
22	18	531	42	0.27	3.17
22	19	106	51	8.42	0.03
22	20	973	73	5.08	0.03
22	21	175	33	3.87	3.17
22	22	756	47	10	3.17
22	23	858	70	10	0.03
22	24	536	42	5.23	3.17
22	25	183	33	3.84	3.17
22	26	802	69	8.9	0.03
22	27	522	61	4.93	0.03
22	28	388	58	3.38	0.03
22	29	411	39	4.84	3.17
23	0	615	64	7.32	0.03
23	1	446	40	2.73	3.17
23	2	567	43	6.83	3.17
23	3	541	42	5.46	3.17
23	4	289	36	10	3.17
23	5	382	58	5.37	0.03
23	6	225	54	8.84	0.03
23	7	399	58	3.4	0.03
23	8	353	37	10	3.17
23	9	591	63	10	0.03
23	10	561	62	8.94	0.03
23	11	441	59	10	0.03
23	12	651	45	10	3.17
23	13	82	30	5.56	3.17
23	14	737	47	10	3.17
23	15	890	71	10	0.03
23	16	339	37	7.88	3.17
23	17	167	32	2.05	3.17
23	18	529	42	1.92	3.17
23	19	115	51	9.78	0.03
23	20	978	73	5.31	0.03
23	21	172	33	3.77	3.17
23	22	747	47	8.69	3.17
23	23	866	70	8.2	0.03
23	24	534	42	1.92	3.17
23	25	179	33	3.92	3.17
23	26	810	69	7.29	0.03
23	27	526	62	4.05	0.03
23	28	392	58	3.93	0.03
23	29	408	39	2.92	3.17
24	0	623	64	7.76	0.03
24	1	446	40	0.74	3.17
24	2	562	43	5.04	3.17
24	3	540	42	1.05	3.17
24	4	279	35	10	3.17
24	5	386	58	4.26	0.03
24	6	234	54	9.31	0.03
24	7	403	58	3.97	0.03
24	8	343	37	9.93	3.17
24	9	601	64	10	0.03
24	10	571	63	9.45	0.03
24	11	451	60	10	0.03
24	12	641	45	10	3.17
24	13	78	30	3.87	3.17
24	14	727	47	9.84	3.17
24	15	900	71	10	0.03
24	16	332	37	6.29	3.17
24	17	165	32	2.75	3.17
24	18	525	42	3.48	3.17
24	19	125	51	10	0.03
24	20	984	73	5.85	0.03
24	21	169	33	2.75	3.17
24	22	740	47	6.74	3.17
24	23	875	70	9.32	0.03
24	24	533	42	1.05	3.17
24	25	174	33	4.66	3.17
24	26	817	69	6.98	0.03
24	27	529	62	3.23	0.03
24	28	397	58	4.64	0.03
24	29	407	39	1.86	3.17
25	0	631	64	8.4	0.03
25	1	445	40	0.85	3.17
25	2	556	42	6.11	3.17
25	3	537	42	2.9	3.17
25	4	269	35	10	3.17
25	5	391	58	4.8	0.03
25	6	244	54	10	0.03
25	7	408	59	5.14	0.03
25	8	335	37	7.96	3.17
25	9	611	64	10	0.03
25	10	579	63	8.57	0.03
25	11	459	60	8.08	0.03
25	12	631	44	10	3.17
25	13	72	30	5.31	3.17
25	14	719	46	8.24	3.17
25	15	909	71	8.85	0.03
25	16	324	36	7.96	3.17
25	17	161	32	3.83	3.17
25	18	521	41	4.31	3.17
25	19	135	52	10	0.03
25	20	991	73	7.14	0.03
25	21	165	32	3.83	3.17
25	22	732	47	8.48	3.17
25	23	885	71	10	0.03
25	24	531	42	2.52	3.17
25	25	170	33	3.83	3.17
25	26	823	69	5.99	0.03
25	27	530	62	1.47	0.03
25	28	402	58	5.14	0.03
25	29	404	38	2.85	3.17
26	0	641	65	9.57	0.03
26	1	442	39	2.75	3.17
26	2	551	42	5.47	3.17
26	3	533	42	4.14	3.17
26	4	259	35	9.31	3.17
26	5	396	58	5.65	0.03
26	6	254	55	10	0.03
26	7	414	59	6.3	0.03
26	8	328	37	7.17	3.17
26	9	621	64	10	0.03
26	10	587	63	7.84	0.03
26	11	468	60	9.3	0.03
26	12	621	44	10	3.17
26	13	68	30	4.24	3.17
26	14	710	46	8.86	3.17
26	15	919	72	10	0.03
26	16	317	36	7.55	3.17
26	17	158	32	3.25	3.17
26	18	516	41	5	3.17
26	19	145	52	10	0.03
26	20	995	74	5.78	0.03
26	21	162	32	3.25	3.17
26	22	723	47	9.05	3.17
26	23	894	71	9.07	0.03
26	24	527	42	3.59	3.17
26	25	167	32	3.44	3.17
26	26	829	69	5.84	0.03
26	27	532	62	1.5	0.03
26	28	408	59	6.3	0.03
26	29	400	38	3.26	3.17
27	0	651	65	10	0.03
27	1	440	39	2.42	3.17
27	2	546	42	4.48	3.17
27	3	529	42	4.31	3.17
27	4	252	35	7.7	3.17
27	5	403	58	6.45	0.03
27	6	264	55	10	0.03
27	7	421	59	7.09	0.03
27	8	320	36	7.81	3.17
27	9	631	64	10	0.03
27	10	595	63	8.18	0.03
27	11	478	60	10	0.03
27	12	611	44	10	3.17
27	13	63	30	5.33	3.17
27	14	700	46	9.67	3.17
27	15	929	72	10	0.03
27	16	308	36	9.12	3.17
27	17	153	32	4.93	3.17
27	18	509	41	6.66	3.17
27	19	155	52	10	0.03
27	20	995	74	4.85	4.74
27	21	157	32	4.5	3.17
27	22	713	46	9.25	3.17
27	23	904	71	9.3	0.03
27	24	523	42	4.31	3.17
27	25	163	32	4.02	3.17
27	26	835	69	6.93	0.03
27	27	533	62	1.1	0.03
27	28	416	59	7.09	0.03
27	29	397	38	3.87	3.17
28	0	661	65	10	0.03
28	1	438	39	1.47	3.17
28	2	541	42	4.79	3.17
28	3	524	42	5.06	3.17
28	4	243	34	8.77	3.17
28	5	411	59	8.31	0.03
28	6	274	55	10	0.03
28	7	427	59	5.66	0.03
28	8	314	36	5.95	3.17
28	9	639	64	8.39	0.03
28	10	604	64	8.64	0.03
28	11	488	61	10	0.03
28	12	601	43	10	3.17
28	13	56	30	6.96	3.17
28	14	690	46	10	3.17
28	15	939	72	10	0.03
28	16	298	36	10	3.17
28	17	148	32	4.61	3.17
28	18	502	41	7.15	3.17
28	19	165	52	10	0.03
28	20	995	68	5.09	4.74
28	21	153	32	4.06	3.17
28	22	703	46	10	3.17
28	23	914	71	10	0.03
28	24	517	41	5.54	3.17
28	25	159	32	4.06	3.17
28	26	844	70	8.66	0.03
28	27	536	62	2.95	0.03
28	28	421	59	5.66	0.03
28	29	392	38	4.99	3.17
29	0	671	65	10	0.03
29	1	435	39	2.88	3.17
29	2	538	42	3.07	3.17
29	3	518	41	6.22	3.17
29	4	233	34	10	3.17
29	5	415	59	3.73	0.03
29	6	284	55	10	0.03
29	7	435	59	7.61	0.03
29	8	306	36	7.37	3.17
29	9	648	65	8.66	0.03
29	10	612	64	8.11	0.03
29	11	498	61	10	0.03
29	12	591	43	10	3.17
29	13	50	30	6.9	3.17
29	14	680	46	10	3.17
29	15	949	72	10	0.03
29	16	288	36	10	3.17
29	17	144	32	4.12	3.17
29	18	495	41	6.98	3.17
29	19	175	53	10	0.03
29	20	995	63	5.91	4.74
29	21	149	32	4.12	3.17
29	22	693	46	10	3.17
29	23	924	72	10	0.03
29	24	510	41	7.05	3.17
29	25	155	32	4.09	3.17
29	26	852	70	8.34	0.03
29	27	539	62	2.76	0.03
29	28	425	59	3.73	0.03
29	29	388	38	3.24	3.17
30	0	681	66	10	0.03
30	1	432	39	3.33	3.17
30	2	536	42	2.5	3.17
30	3	511	41	7.01	3.17
30	4	223	34	9.55	3.17
30	5	420	59	5	0.03
30	6	294	56	10	0.03
30	7	443	59	8.4	0.03
30	8	299	36	7.18	3.17
30	9	658	65	10	0.03
30	10	619	64	7.03	0.03
30	11	508	61	10	0.03
30	12	581	43	10	3.17
30	13	50	35	5.5	1.6
30	14	670	45	10	3.17
30	15	959	73	9.86	0.03
30	16	279	35	9.22	3.17
30	17	141	32	2.87	3.17
30	18	488	41	7.09	3.17
30	19	185	53	10	0.03
30	20	995	56	6.55	4.74
30	21	146	32	2.87	3.17
30	22	683	46	10	3.17
30	23	934	72	10	0.03
30	24	503	41	6.66	3.17
30	25	151	32	4.13	3.17
30	26	862	70	9.75	0.03
30	27	543	62	4.21	0.03
30	28	430	59	4.86	0.03
30	29	384	38	4.56	3.17
31	0	691	66	10	0.03
31	1	428	39	4.39	3.17
31	2	534	42	1.96	3.17
31	3	503	41	7.63	3.17
31	4	215	34	8.19	3.17
31	5	424	59	4.5	0.03
31	6	304	56	10	0.03
31	7	453	60	10	0.03
31	8	293	36	6.4	3.17
31	9	668	65	10	0.03
31	10	628	64	8.45	0.03
31	11	518	61	10	0.03
31	12	571	43	10	3.17
31	13	50	42	6.6	1.6
31	14	662	45	8.13	3.17
31	15	969	73	10	0.03
31	16	269	35	10	3.17
31	17	138	32	3.41	3.17
31	18	480	40	8.18	3.17
31	19	195	53	10	0.03
31	20	995	54	7.26	4.74
31	21	143	32	3.22	3.17
31	22	673	45	10	3.17
31	23	943	72	9.03	0.03
31	24	495	41	8.54	3.17
31	25	148	32	2.71	3.17
31	26	872	70	10	0.03
31	27	549	62	6	0.03
31	28	436	59	6.47	0.03
31	29	378	38	5.57	3.17
32	0	701	66	10	0.03
32	1	423	39	5.07	3.17
32	2	531	42	2.59	3.17
32	3	494	41	9.22	3.17
32	4	209	34	6.4	3.17
32	5	428	59	3.89	0.03
32	6	312	56	8.04	0.03
32	7	463	60	10	0.03
32	8	286	36	6.52	3.17
32	9	678	65	10	0.03
32	10	637	64	9.64	0.03
32	11	528	62	10	0.03
32	12	561	42	10	3.17
32	13	50	48	6.8	1.6
32	14	654	45	8.54	3.17
32	15	979	73	10	0.03
32	16	260	35	8.15	3.17
32	17	133	32	5.04	3.17
32	18	471	40	9.19	3.17
32	19	205	53	10	0.03
32	20	995	54	7.53	3.17
32	21	139	32	3.59	3.17
32	22	664	45	9.46	3.17
32	23	953	72	10	0.03
32	24	486	41	9.28	3.17
32	25	147	32	1.12	3.17
32	26	881	71	8.36	0.03
32	27	553	62	4.61	0.03
32	28	443	59	6.44	0.03
32	29	371	38	7.15	3.17
33	0	711	66	10	0.03
33	1	418	39	5.09	3.17
33	2	527	42	4.19	3.17
33	3	484	41	9.24	3.17
33	4	204	33	4.9	3.17
33	5	431	59	3.23	0.03
33	6	319	56	7.5	0.03
33	7	473	60	10	0.03
33	8	279	35	6.94	3.17
33	9	688	66	10	0.03
33	10	645	65	8.27	0.03
33	11	538	62	10	0.03
33	12	551	42	9.42	3.17
33	13	50	50	5.31	1.6
33	14	644	45	9.67	3.17
33	15	989	73	10	0.03
33	16	250	35	10	3.17
33	17	129	32	3.43	3.17
33	18	462	40	8.97	3.17
33	19	215	54	10	0.03
33	20	987	53	8.47	3.17
33	21	134	32	5.14	3.17
33	22	656	45	8.36	3.17
33	23	962	73	9.59	0.03
33	24	476	40	9.24	3.17
33	25	144	32	2.55	3.17
33	26	889	71	8.58	0.03
33	27	559	62	5.72	0.03
33	28	450	60	7.32	0.03
33	29	362	37	8.83	3.17
34	0	720	67	9.04	0.03
34	1	412	39	5.19	3.17
34	2	523	42	3.5	3.17
34	3	475	40	9.43	3.17
34	4	198	33	5.52	3.17
34	5	436	59	4.53	0.03
34	6	327	57	7.31	0.03
34	7	483	61	10	0.03
34	8	272	35	7.46	3.17
34	9	698	66	10	0.03
34	10	655	65	9.15	0.03
34	11	547	62	8.55	0.03
34	12	543	42	8.44	3.17
34	13	50	50	6.11	0.03
34	14	636	44	8.45	3.17
34	15	995	74	10	0.03
34	16	242	34	8.49	3.17
34	17	125	31	4.6	3.17
34	18	454	40	8.01	3.17
34	19	225	54	10	0.03
34	20	977	53	9.18	3.17
34	21	130	32	3.93	3.17
34	22	649	45	6.86	3.17
34	23	971	73	9.1	0.03
34	24	466	40	10	3.17
34	25	141	32	2.85	3.17
34	26	899	71	9.61	0.03
34	27	566	63	7.01	0.03
34	28	457	60	7.32	0.03
34	29	353	37	8.9	3.17
35	0	730	67	10	0.03
35	1	406	39	6.02	3.17
35	2	520	41	3.14	3.17
35	3	465	40	9.7	3.17
35	4	193	33	5.52	3.17
35	5	441	59	5.11	0.03
35	6	336	57	8.86	0.03
35	7	493	61	10	0.03
35	8	263	35	9.17	3.17
35	9	707	66	9.42	0.03
35	10	664	65	9.68	0.03
35	11	557	62	10	0.03
35	12	533	42	10	3.17
35	13	56	50	6.87	0.03
35	14	627	44	8.48	3.17
35	15	995	74	10	4.74
35	16	232	34	10	3.17
35	17	118	31	6.52	3.17
35	18	446	40	7.46	3.17
35	19	233	54	8.1	0.03
35	20	970	53	7.33	3.17
35	21	125	31	5.54	3.17
35	22	640	44	8.53	3.17
35	23	981	73	10	0.03
35	24	456	40	10	3.17
35	25	138	32	3.31	3.17
35	26	908	71	9.06	0.03
35	27	574	63	8	0.03
35	28	464	60	6.95	0.03
35	29	343	37	10	3.17
36	0	740	67	10	0.03
36	1	399	38	7.69	3.17
36	2	517	41	3.33	3.17
36	3	460	40	5.7	3.17
36	4	186	33	6.53	3.17
36	5	448	60	6.42	0.03
36	6	346	57	10	0.03
36	7	503	61	10	0.03
36	8	253	35	9.39	3.17
36	9	715	66	8.18	0.03
36	10	674	65	9.48	0.03
36	11	565	63	8.49	0.03
36	12	530	42	3.33	3.17
36	13	64	50	8.03	0.03
36	14	618	44	9.55	3.17
36	15	995	64	10	4.74
36	16	222	34	10	3.17
36	17	112	31	5.94	3.17
36	18	440	39	5.7	3.17
36	19	243	54	9.29	0.03
36	20	962	53	8.39	3.17
36	21	119	31	6.03	3.17
36	22	630	44	10	3.17
36	23	991	73	10	0.03
36	24	451	40	5.7	3.17
36	25	134	32	4.21	3.17
36	26	917	72	9.22	0.03
36	27	582	63	7.89	0.03
36	28	472	60	7.98	0.03
36	29	334	37	9.33	3.17
37	0	750	67	10	0.03
37	1	391	38	7.79	3.17
37	2	512	41	4.57	3.17
37	3	453	40	6.19	3.17
37	4	180	33	6.16	3.17
37	5	455	60	7.22	0.03
37	6	356	57	10	0.03
37	7	513	61	10	0.03
37	8	245	34	8.18	3.17
37	9	723	67	8.02	0.03
37	10	684	66	10	0.03
37	11	575	63	9.69	0.03
37	12	526	42	4	3.17
37	13	74	50	9.91	0.03
37	14	608	44	10	3.17
37	15	995	54	10	4.74
37	16	212	34	10	3.17
37	17	105	31	7.52	3.17
37	18	435	39	5.18	3.17
37	19	253	55	10	0.03
37	20	955	52	6.69	3.17
37	21	115	31	4.25	3.17
37	22	622	44	8.63	3.17
37	23	995	74	9.36	0.03
37	24	443	39	7.26	3.17
37	25	128	31	6.18	3.17
37	26	927	72	10	0.03
37	27	590	63	7.69	0.03
37	28	482	60	9.67	0.03
37	29	324	36	10	3.17
38	0	758	68	8.66	0.03
38	1	383	38	7.39	3.17
38	2	508	41	4.51	3.17
38	3	449	40	4.73	3.17
38	4	174	33	6.17	3.17
38	5	460	60	5.49	0.03
38	6	365	58	8.98	0.03
38	7	523	62	9.93	0.03
38	8	236	34	9.7	3.17
38	9	733	67	9.19	0.03
38	10	694	66	10	0.03
38	11	585	63	10	0.03
38	12	520	41	5.89	3.17
38	13	84	50	10	0.03
38	14	598	43	10	3.17
38	15	995	54	10	3.17
38	16	202	33	10	3.17
38	17	96	31	8.83	3.17
38	18	430	39	5.74	3.17
38	19	263	55	10	0.03
38	20	946	52	8.47	3.17
38	21	110	31	4.86	3.17
38	22	613	44	8.95	3.17
38	23	995	74	8.43	4.74
38	24	438	39	5.69	3.17
38	25	121	31	6.51	3.17
38	26	937	72	10	0.03
38	27	598	63	8.53	0.03
38	28	492	61	10	0.03
38	29	314	36	10	3.17
39	0	767	68	8.73	0.03
39	1	376	38	7.47	3.17
39	2	501	41	6.48	3.17
39	3	445	40	3.22	3.17
39	4	168	33	5.77	3.17
39	5	464	60	4.03	0.03
39	6	373	58	8.36	0.03
39	7	533	62	9.99	0.03
39	8	226	34	10	3.17
39	9	743	67	9.85	0.03
39	10	704	66	10	0.03
39	11	595	63	10	0.03
39	12	515	41	5.06	3.17
39	13	94	51	10	0.03
39	14	588	43	10	3.17
39	15	985	53	9.51	3.17
39	16	193	33	9.47	3.17
39	17	88	30	7.8	3.17
39	18	422	39	7.65	3.17
39	19	273	55	10	0.03
39	20	939	52	7.16	3.17
39	21	104	31	6.03	3.17
39	22	603	44	9.56	3.17
39	23	995	64	9.75	4.74
39	24	433	39	4.45	3.17
39	25	114	31	7.54	3.17
39	26	945	72	8.15	0.03
39	27	608	64	10	0.03
39	28	502	61	10	0.03
39	29	304	36	10	3.17
40	0	777	68	9.8	0.03
40	1	367	38	9.32	3.17
40	2	493	41	8.46	3.17
40	3	441	39	4.12	3.17
40	4	163	32	4.91	3.17
40	5	469	60	4.65	0.03
40	6	381	58	7.65	0.03
40	7	543	62	10	0.03
40	8	216	34	10	3.17
40	9	753	67	10	0.03
40	10	714	66	10	0.03
40	11	605	64	10	0.03
40	12	509	41	5.43	3.17
40	13	103	51	8.5	0.03
40	14	578	43	10	3.17
40	15	976	53	9.75	3.17
40	16	183	33	10	3.17
40	17	79	30	9.33	3.17
40	18	415	39	7.06	3.17
40	19	283	55	10	0.03
40	20	934	52	5.67	3.17
40	21	96	31	7.84	3.17
40	22	593	43	10	3.17
40	23	995	54	9.62	4.74
40	24	427	39	6.12	3.17
40	25	106	31	7.28	3.17
40	26	953	72	8.19	0.03
40	27	618	64	9.79	0.03
40	28	512	61	10	0.03
40	29	294	36	10	3.17
41	0	786	68	9.39	0.03
41	1	357	37	10	3.17
41	2	485	41	7.66	3.17
41	3	436	39	5.21	3.17
41	4	159	32	3.97	3.17
41	5	472	60	3.16	0.03
41	6	389	58	8.1	0.03
41	7	552	62	8.94	0.03
41	8	206	33	10	3.17
41	9	762	68	9.29	0.03
41	10	724	67	10	0.03
41	11	613	64	8.17	0.03
41	12	503	41	6.12	3.17
41	13	110	51	7.26	0.03
41	14	568	43	10	3.17
41	15	966	53	10	3.17
41	16	173	33	10	3.17
41	17	69	30	10	3.17
41	18	410	39	5.33	3.17
41	19	293	56	10	0.03
41	20	927	52	7.08	3.17
41	21	86	30	9.69	3.17
41	22	583	43	10	3.17
41	23	995	54	10	4.74
41	24	419	39	7.78	3.17
41	25	100	31	6.05	3.17
41	26	960	73	6.9	0.03
41	27	628	64	10	0.03
41	28	522	61	10	0.03
41	29	285	35	9.55	3.17
42	0	796	68	10	0.03
42	1	347	37	9.74	3.17
42	2	477	40	8.56	3.17
42	3	432	39	4.35	3.17
42	4	156	32	3.81	3.17
42	5	474	60	1.93	0.03
42	6	397	58	8.1	0.03
42	7	559	62	7.55	0.03
42	8	196	33	10	3.17
42	9	772	68	9.89	0.03
42	10	734	67	10	0.03
42	11	620	64	7.54	0.03
42	12	496	41	7.01	3.17
42	13	118	51	7.89	0.03
42	14	558	42	10	3.17
42	15	957	53	8.7	3.17
42	16	169	33	3.81	3.17
42	17	59	30	10	3.17
42	18	404	39	5.38	3.17
42	19	303	56	10	0.03
42	20	918	52	8.42	3.17
42	21	76	30	10	3.17
42	22	574	43	9.3	3.17
42	23	995	54	10	3.17
42	24	414	39	5.38	3.17
42	25	93	31	7.48	3.17
42	26	967	73	7.09	0.03
42	27	638	64	9.97	0.03
42	28	532	62	10	0.03
42	29	275	35	10	3.17
43	0	805	69	8.9	0.03
43	1	337	37	10	3.17
43	2	467	40	10	3.17
43	3	427	39	4.81	3.17
43	4	151	32	4.62	3.17
43	5	475	60	0.71	0.03
43	6	403	58	6.34	0.03
43	7	567	63	7.97	0.03
43	8	186	33	9.79	3.17
43	9	782	68	10	0.03
43	10	744	67	10	0.03
43	11	629	64	8.54	0.03
43	12	488	41	7.96	3.17
43	13	127	51	8.98	0.03
43	14	548	42	10	3.17
43	15	948	52	8.82	3.17
43	16	166	32	3.07	3.17
43	17	50	30	10	3.17
43	18	397	38	7.17	3.17
43	19	313	56	10	0.03
43	20	908	51	9.8	3.17
43	21	66	30	10	3.17
43	22	564	43	10	3.17
43	23	985	53	10	3.17
43	24	408	39	5.67	3.17
43	25	84	30	8.92	3.17
43	26	976	73	8.53	0.03
43	27	648	65	10	0.03
43	28	542	62	10	0.03
43	29	265	35	10	3.17
44	0	812	69	7.37	0.03
44	1	327	37	10	3.17
44	2	457	40	10	3.17
44	3	421	39	5.97	3.17
44	4	145	32	6.23	3.17
44	5	475	60	0.17	0.03
44	6	411	59	7.51	0.03
44	7	575	63	7.31	0.03
44	8	176	33	10	3.17
44	9	791	68	9.69	0.03
44	10	754	67	10	0.03
44	11	638	64	8.82	0.03
44	12	479	40	9.16	3.17
44	13	136	52	9.34	0.03
44	14	538	42	10	3.17
44	15	939	52	9.59	3.17
44	16	161	32	4.36	3.17
44	17	50	40	10	1.6
44	18	388	38	8.82	3.17
44	19	323	56	10	0.03
44	20	898	51	10	3.17
44	21	56	30	10	3.17
44	22	554	42	10	3.17
44	23	977	53	8.28	3.17
44	24	401	38	7.26	3.17
44	25	74	30	10	3.17
44	26	986	73	9.67	0.03
44	27	656	65	8.31	0.03
44	28	550	62	8.56	0.03
44	29	255	35	10	3.17
45	0	821	69	8.08	0.03
45	1	317	36	10	3.17
45	2	448	40	8.34	3.17
45	3	414	39	6.71	3.17
45	4	138	32	6.53	3.17
45	5	475	60	0.44	0.03
45	6	419	59	8.59	0.03
45	7	583	63	7.95	0.03
45	8	171	33	5.14	3.17
45	9	801	69	10	0.03
45	10	764	68	9.87	0.03
45	11	648	65	10	0.03
45	12	472	40	7.22	3.17
45	13	146	52	10	0.03
45	14	528	42	10	3.17
45	15	931	52	7.62	3.17
45	16	156	32	5.14	3.17
45	17	50	50	10	1.6
45	18	379	38	8.94	3.17
45	19	333	57	10	0.03
45	20	888	51	10	3.17
45	21	50	30	10	3.17
45	22	544	42	10	3.17
45	23	967	53	9.54	3.17
45	24	394	38	6.75	3.17
45	25	64	30	10	3.17
45	26	995	74	10	0.03
45	27	665	65	8.84	0.03
45	28	558	62	7.26	0.03
45	29	245	34	10	3.17
46	0	831	69	10	0.03
46	1	308	36	9.43	3.17
46	2	439	39	9.23	3.17
46	3	406	39	8.34	3.17
46	4	134	32	4.75	3.17
46	5	477	60	1.91	0.03
46	6	426	59	7.21	0.03
46	7	591	63	8.2	0.03
46	8	165	32	5.37	3.17
46	9	810	69	8.43	0.03
46	10	774	68	10	0.03
46	11	658	65	10	0.03
46	12	466	40	6.09	3.17
46	13	156	52	10	0.03
46	14	518	41	9.33	3.17
46	15	923	52	8.13	3.17
46	16	151	32	5.38	3.17
46	17	50	50	10	0.03
46	18	369	38	10	3.17
46	19	343	57	10	0.03
46	20	878	51	10	3.17
46	21	50	40	10	1.6
46	22	534	42	10	3.17
46	23	959	53	7.92	3.17
46	24	388	38	6.84	3.17
46	25	54	30	10	3.17
46	26	995	74	8.34	4.74
46	27	675	65	10	0.03
46	28	566	63	8.38	0.03
46	29	235	34	10	3.17
47	0	841	70	10	0.03
47	1	299	36	8.24	3.17
47	2	432	39	7.48	3.17
47	3	396	38	9.57	3.17
47	4	130	32	3.91	3.17
47	5	479	60	2.06	0.03
47	6	434	59	7.9	0.03
47	7	601	63	9.7	0.03
47	8	159	32	6.42	3.17
47	9	820	69	10	0.03
47	10	784	68	10	0.03
47	11	668	65	10	0.03
47	12	459	40	6.66	3.17
47	13	165	52	8.88	0.03
47	14	508	41	10	3.17
47	15	915	51	8.24	3.17
47	16	144	32	6.43	3.17
47	17	58	50	8.34	0.03
47	18	359	37	10	3.17
47	19	353	57	9.99	0.03
47	20	868	50	10	3.17
47	21	50	50	10	1.6
47	22	524	42	10	3.17
47	23	950	52	9.08	3.17
47	24	379	38	8.25	3.17
47	25	50	30	10	3.17
47	26	995	66	7.08	4.74
47	27	685	66	10	0.03
47	28	573	63	7.42	0.03
47	29	225	34	10	3.17
48	0	851	70	10	0.03
48	1	292	36	7.59	3.17
48	2	424	39	7.83	3.17
48	3	386	38	10	3.17
48	4	126	31	3.48	3.17
48	5	480	60	0.97	0.03
48	6	443	59	8.61	0.03
48	7	609	64	8.6	0.03
48	8	153	32	5.53	3.17
48	9	830	69	10	0.03
48	10	794	68	10	0.03
48	11	678	65	10	0.03
48	12	451	40	8.45	3.17
48	13	174	53	9.14	0.03
48	14	498	41	10	3.17
48	15	906	51	8.66	3.17
48	16	140	32	4.62	3.17
48	17	68	50	9.82	0.03
48	18	349	37	10	3.17
48	19	361	57	8.7	0.03
48	20	858	50	10	3.17
48	21	50	50	9.48	0.03
48	22	514	41	10	3.17
48	23	942	52	8.44	3.17
48	24	370	38	9.3	3.17
48	25	50	39	9.92	1.6
48	26	995	57	8.94	4.74
48	27	694	66	9.03	0.03
48	28	579	63	5.43	0.03
48	29	215	34	10	3.17
49	0	860	70	9.2	0.03
49	1	284	35	7.94	3.17
49	2	416	39	8.38	3.17
49	3	378	38	8.01	3.17
49	4	122	31	3.79	3.17
49	5	480	60	0	0.03
49	6	452	60	9.4	0.03
49	7	616	64	7.08	0.03
49	8	147	32	6.16	3.17
49	9	840	70	10	0.03
49	10	803	69	9.19	0.03
49	11	688	66	10	0.03
49	12	443	39	7.77	3.17
49	13	182	53	7.59	0.03
49	14	488	41	10	3.17
49	15	897	51	9.31	3.17
49	16	137	32	3.04	3.17
49	17	77	50	9.45	0.03
49	18	341	37	8.5	3.17
49	19	369	58	7.2	0.03
49	20	850	50	8.59	3.17
49	21	57	50	7.8	0.03
49	22	504	41	10	3.17
49	23	933	52	9.11	3.17
49	24	360	37	10	3.17
49	25	50	49	10	1.6
49	26	995	54	9.98	4.74
49	27	704	66	9.99	0.03
49	28	585	63	6.26	0.03
49	29	206	33	8.12	3.17
50	0	870	70	10	0.03
50	1	275	35	8.93	3.17
50	2	407	39	8.8	3.17
50	3	369	38	9.56	3.17
50	4	119	31	3.53	3.17
50	5	480	60	0.18	0.03
50	6	462	60	9.38	0.03
50	7	622	64	6.11	0.03
50	8	142	32	5.06	3.17
50	9	850	70	10	0.03
50	10	811	69	8.61	0.03
50	11	697	66	9.5	0.03
50	12	437	39	6.14	3.17
50	13	188	53	6.58	0.03
50	14	479	40	9.47	3.17
50	15	887	51	9.79	3.17
50	16	134	32	2.73	3.17
50	17	85	50	8.04	0.03
50	18	331	37	9.53	3.17
50	19	376	58	7.16	0.03
50	20	841	50	8.75	3.17
50	21	65	50	8.18	0.03
50	22	494	41	10	3.17
50	23	924	52	8.49	3.17
50	24	350	37	10	3.17
50	25	50	50	8.62	1.6
50	26	995	54	9.55	3.17
50	27	714	66	10	0.03
50	28	591	63	5.44	0.03
50	29	198	33	8.64	3.17
51	0	880	71	10	0.03
51	1	265	35	10	3.17
51	2	397	38	10	3.17
51	3	359	37	10	3.17
51	4	114	31	4.62	3.17
51	5	482	60	1.86	0.03
51	6	472	60	10	0.03
51	7	628	64	5.98	0.03
51	8	137	32	5.41	3.17
51	9	858	70	8.2	0.03
51	10	819	69	7.83	0.03
51	11	707	66	10	0.03
51	12	432	39	4.28	3.17
51	13	197	53	8.55	0.03
51	14	469	40	10	3.17
51	15	878	51	8.62	3.17
51	16	129	32	4.66	3.17
51	17	92	51	6.59	0.03
51	18	321	36	10	3.17
51	19	384	58	8.18	0.03
51	20	834	49	7.26	3.17
51	21	74	50	8.88	0.03
51	22	485	41	9.02	3.17
51	23	914	51	10	3.17
51	24	340	37	10	3.17
51	25	50	50	9.95	0.03
51	26	985	53	9.58	3.17
51	27	724	67	10	0.03
51	28	597	63	6.29	0.03
51	29	188	33	10	3.17
52	0	890	71	10	0.03
52	1	255	35	10	3.17
52	2	387	38	10	3.17
52	3	349	37	10	3.17
52	4	111	31	3.07	3.17
52	5	483	61	0.73	0.03
52	6	472	60	0.73	0.03
52	7	636	64	7.42	0.03
52	8	134	32	2.85	3.17
52	9	866	70	7.59	0.03
52	10	828	69	9.03	0.03
52	11	717	66	9.59	0.03
52	12	427	39	5.36	3.17
52	13	204	53	6.65	0.03
52	14	461	40	8.16	3.17
52	15	870	50	8.32	3.17
52	16	126	31	2.85	3.17
52	17	100	51	8.2	0.03
52	18	311	36	10	3.17
52	19	390	58	6.44	0.03
52	20	828	49	5.33	3.17
52	21	82	50	7.62	0.03
52	22	475	40	10	3.17
52	23	904	51	10	3.17
52	24	330	37	10	3.17
52	25	59	50	9.85	0.03
52	26	978	53	7.92	3.17
52	27	733	67	8.55	0.03
52	28	604	64	7.19	0.03
52	29	179	33	8.71	3.17
53	0	900	71	10	0.03
53	1	245	34	10	3.17
53	2	377	38	9.93	3.17
53	3	339	37	10	3.17
53	4	108	31	3.54	3.17
53	5	485	61	1.78	0.03
53	6	474	60	1.3	0.03
53	7	645	65	9.21	0.03
53	8	130	32	4.32	3.17
53	9	875	70	9.43	0.03
53	10	838	70	10	0.03
53	11	727	67	10	0.03
53	12	421	39	6.03	3.17
53	13	209	54	5.13	0.03
53	14	453	40	8.14	3.17
53	15	861	50	8.96	3.17
53	16	122	31	4.73	3.17
53	17	109	51	9.2	0.03
53	18	301	36	10	3.17
53	19	398	58	7.73	0.03
53	20	822	49	6.1	3.17
53	21	88	50	5.64	0.03
53	22	465	40	9.82	3.17
53	23	894	51	10	3.17
53	24	320	36	9.84	3.17
53	25	69	50	10	0.03
53	26	971	53	6.25	3.17
53	27	742	67	9.38	0.03
53	28	612	64	8.21	0.03
53	29	171	33	8.36	3.17
54	0	910	71	10	0.03
54	1	235	34	10	3.17
54	2	367	38	10	3.17
54	3	329	37	10	3.17
54	4	103	31	4.93	3.17
54	5	488	61	3.13	0.03
54	6	474	60	0.69	0.03
54	7	655	65	10	0.03
54	8	126	31	3.26	3.17
54	9	885	71	10	0.03
54	10	848	70	10	0.03
54	11	736	67	9.45	0.03
54	12	413	39	7.92	3.17
54	13	214	54	4.79	0.03
54	14	446	40	6.77	3.17
54	15	852	50	9.14	3.17
54	16	119	31	3.17	3.17
54	17	119	51	10	0.03
54	18	293	36	8.34	3.17
54	19	405	59	6.61	0.03
54	20	818	49	4.65	3.17
54	21	94	51	6.1	0.03
54	22	456	40	8.99	3.17
54	23	884	51	10	3.17
54	24	310	36	10	3.17
54	25	79	50	10	0.03
54	26	966	53	5.28	3.17
54	27	752	67	10	0.03
54	28	620	64	7.5	0.03
54	29	161	32	10	3.17
55	0	918	72	8.09	0.03
55	1	225	34	9.46	3.17
55	2	357	37	10	3.17
55	3	319	36	10	3.17
55	4	98	31	4.77	3.17
55	5	493	61	4.69	0.03
55	6	476	60	1.15	0.03
55	7	663	65	8.37	0.03
55	8	124	31	2.7	3.17
55	9	895	71	10	0.03
55	10	857	70	9.02	0.03
55	11	746	67	9.52	0.03
55	12	404	38	9.37	3.17
55	13	220	54	6	0.03
55	14	440	39	6.15	3.17
55	15	844	50	7.47	3.17
55	16	116	31	2.7	3.17
55	17	129	52	10	0.03
55	18	284	35	9.03	3.17
55	19	412	59	7.67	0.03
55	20	814	49	3.54	3.17
55	21	100	51	6.54	0.03
55	22	449	40	7.53	3.17
55	23	874	50	10	3.17
55	24	300	36	10	3.17
55	25	89	51	10	0.03
55	26	959	53	6.63	3.17
55	27	761	68	9.3	0.03
55	28	628	64	8.6	0.03
55	29	151	32	10	3.17
56	0	928	72	10	0.03
56	1	215	34	10	3.17
56	2	347	37	10	3.17
56	3	309	36	10	3.17
56	4	91	31	6.53	3.17
56	5	499	61	5.94	0.03
56	6	476	60	0	0.03
56	7	670	65	6.9	0.03
56	8	120	31	3.39	3.17
56	9	905	71	9.76	0.03
56	10	865	70	8.02	0.03
56	11	755	67	9.6	0.03
56	12	394	38	9.82	3.17
56	13	225	54	5.87	0.03
56	14	434	39	5.77	3.17
56	15	839	50	5.79	3.17
56	16	115	31	1.36	3.17
56	17	139	52	10	0.03
56	18	274	35	10	3.17
56	19	418	59	5.73	0.03
56	20	810	49	4.45	3.17
56	21	107	51	6.97	0.03
56	22	442	39	6.74	3.17
56	23	865	50	8.92	3.17
56	24	290	36	10	3.17
56	25	96	51	6.97	0.03
56	26	954	52	5.15	3.17
56	27	771	68	10	0.03
56	28	638	64	10	0.03
56	29	141	32	10	3.17
57	0	937	72	9.07	0.03
57	1	205	33	10	3.17
57	2	337	37	10	3.17
57	3	299	36	10	3.17
57	4	86	30	5.49	3.17
57	5	505	61	6.63	0.03
57	6	476	60	0	0.03
57	7	678	65	7.99	0.03
57	8	119	31	1.38	3.17
57	9	915	71	10	0.03
57	10	874	70	8.58	0.03
57	11	765	68	10	0.03
57	12	384	38	10	3.17
57	13	230	54	4.63	0.03
57	14	427	39	6.82	3.17
57	15	833	49	5.6	3.17
57	16	113	31	1.38	3.17
57	17	149	52	9.58	0.03
57	18	264	35	10	3.17
57	19	425	59	6.66	0.03
57	20	803	49	6.45	3.17
57	21	113	51	6.09	0.03
57	22	435	39	6.82	3.17
57	23	856	50	9.72	3.17
57	24	280	35	10	3.17
57	25	101	51	5.19	0.03
57	26	947	52	7.13	3.17
57	27	781	68	10	0.03
57	28	648	65	9.42	0.03
57	29	131	32	10	3.17
58	0	944	72	7.13	0.03
58	1	195	33	10	3.17
58	2	327	37	10	3.17
58	3	289	36	10	3.17
58	4	80	30	6.13	3.17
58	5	511	61	6	0.03
58	6	477	60	1.03	0.03
58	7	688	66	9.87	0.03
58	8	119	31	0	3.17
58	9	925	72	10	0.03
58	10	883	71	8.9	0.03
58	11	775	68	10	0.03
58	12	375	38	9.14	3.17
58	13	235	54	5.04	0.03
58	14	422	39	4.88	3.17
58	15	829	49	4.14	3.17
58	16	111	31	2.55	3.17
58	17	159	52	10	0.03
58	18	254	35	10	3.17
58	19	432	59	7.35	0.03
58	20	797	48	6.31	3.17
58	21	120	51	7.18	0.03
58	22	430	39	4.88	3.17
58	23	846	50	10	3.17
58	24	270	35	10	3.17
58	25	108	51	6.26	0.03
58	26	940	52	7.29	3.17
58	27	791	68	9.78	0.03
58	28	658	65	9.91	0.03
58	29	131	32	0	3.17
59	0	951	72	7.46	0.03
59	1	185	33	10	3.17
59	2	318	36	8.54	3.17
59	3	279	35	9.72	3.17
59	4	74	30	5.83	3.17
59	5	518	61	6.61	0.03
59	6	477	60	0	0.03
59	7	698	66	10	0.03
59	8	118	31	0.68	3.17
59	9	935	72	10	0.03
59	10	893	71	10	0.03
59	11	784	68	9.08	0.03
59	12	365	38	9.78	3.17
59	13	241	54	6.05	0.03
59	14	417	39	5	3.17
59	15	824	49	4.56	3.17
59	16	107	31	3.69	3.17
59	17	169	53	10	0.03
59	18	244	34	10	3.17
59	19	438	59	5.47	0.03
59	20	790	48	6.55	3.17
59	21	129	52	8.13	0.03
59	22	426	39	4.4	3.17
59	23	836	49	10	3.17
59	24	260	35	10	3.17
59	25	115	51	7.6	0.03
59	26	931	52	9.1	3.17
59	27	801	69	10	0.03
59	28	668	65	10	0.03
59	29	129	32	1.31	3.17
60	0	960	73	8.95	0.03
60	1	175	33	10	3.17
60	2	308	36	10	3.17
60	3	269	35	10	3.17
60	4	69	30	4.94	3.17
60	5	526	62	7.79	0.03
60	6	478	60	1.68	0.03
60	7	708	66	10	0.03
60	8	117	31	1.22	3.17
60	9	945	72	10	0.03
60	10	902	71	8.88	0.03
60	11	794	68	10	0.03
60	12	355	37	10	3.17
60	13	248	55	6.98	0.03
60	14	413	39	4.29	3.17
60	15	819	49	5.53	3.17
60	16	101	31	5.54	3.17
60	17	178	53	9.73	0.03
60	18	234	34	10	3.17
60	19	441	59	3.57	0.03
60	20	783	48	7.75	3.17
60	21	138	52	9.29	0.03
60	22	419	39	6.27	3.17
60	23	830	49	5.53	3.17
60	24	250	35	10	3.17
60	25	125	51	9.34	0.03
60	26	922	52	8.98	3.17
60	27	810	69	8.51	0.03
60	28	678	65	10	0.03
60	29	128	31	1.7	3.17
61	0	969	73	8.17	0.03
61	1	165	32	10	3.17
61	2	298	36	10	3.17
61	3	260	35	8.69	3.17
61	4	65	30	4.29	3.17
61	5	535	62	9.62	0.03
61	6	481	60	2.47	0.03
61	7	718	66	9.72	0.03
61	8	115	31	2.27	3.17
61	9	954	72	9.75	0.03
61	10	911	71	9.03	0.03
61	11	804	69	10	0.03
61	12	345	37	10	3.17
61	13	256	55	8.24	0.03
61	14	410	39	2.62	3.17
61	15	812	49	7.13	3.17
61	16	95	31	5.97	3.17
61	17	188	53	10	0.03
61	18	226	34	8.17	3.17
61	19	445	60	3.5	0.03
61	20	776	48	7.15	3.17
61	21	145	52	7.44	0.03
61	22	417	39	2.62	3.17
61	23	825	49	5.18	3.17
61	24	240	34	10	3.17
61	25	133	52	8.32	0.03
61	26	912	51	10	3.17
61	27	820	69	10	0.03
61	28	686	66	8.71	0.03
61	29	126	31	1.83	3.17
62	0	978	73	9.92	0.03
62	1	157	32	8.52	3.17
62	2	288	36	10	3.17
62	3	253	35	7.41	3.17
62	4	58	30	6.22	3.17
62	5	545	62	10	0.03
62	6	482	60	0.9	0.03
62	7	726	67	8.74	0.03
62	8	113	31	1.16	3.17
62	9	963	73	8.96	0.03
62	10	918	72	7.26	0.03
62	11	814	69	10	0.03
62	12	335	37	10	3.17
62	13	263	55	6.58	0.03
62	14	407	39	3.3	3.17
62	15	803	49	8.8	3.17
62	16	89	30	6.75	3.17
62	17	198	53	9.78	0.03
62	18	217	34	8.72	3.17
62	19	448	60	3.25	0.03
62	20	767	48	8.66	3.17
62	21	153	52	7.4	0.03
62	22	415	39	2.23	3.17
62	23	819	49	6.13	3.17
62	24	230	34	10	3.17
62	25	140	52	6.8	0.03
62	26	902	51	10	3.17
62	27	830	69	10	0.03
62	28	696	66	10	0.03
62	29	123	31	2.57	3.17
63	0	988	73	10	0.03
63	1	148	32	8.71	3.17
63	2	278	35	10	3.17
63	3	244	34	8.68	3.17
63	4	50	30	7.98	3.17
63	5	554	62	8.95	0.03
63	6	483	61	1.45	0.03
63	7	735	67	8.32	0.03
63	8	112	31	1.62	3.17
63	9	973	73	10	0.03
63	10	926	72	7.76	0.03
63	11	824	69	9.78	0.03
63	12	325	36	10	3.17
63	13	270	55	6.97	0.03
63	14	404	39	2.84	3.17
63	15	793	48	10	3.17
63	16	80	30	8.46	3.17
63	17	208	54	10	0.03
63	18	208	34	9.1	3.17
63	19	451	60	3.26	0.03
63	20	757	47	10	3.17
63	21	162	52	9.14	0.03
63	22	411	39	3.48	3.17
63	23	813	49	5.34	3.17
63	24	220	34	10	3.17
63	25	148	52	8.56	0.03
63	26	892	51	10	3.17
63	27	840	70	10	0.03
63	28	706	66	10	0.03
63	29	119	31	4.13	3.17
64	0	995	74	10	0.03
64	1	140	32	7.78	3.17
64	2	270	35	8.19	3.17
64	3	234	34	10	3.17
64	4	50	30	8.23	3.17
64	5	562	63	8.19	0.03
64	6	486	61	2.99	0.03
64	7	745	67	10	0.03
64	8	111	31	0.95	3.17
64	9	982	73	9.02	0.03
64	10	934	72	8.09	0.03
64	11	832	69	7.81	0.03
64	12	315	36	10	3.17
64	13	278	55	7.69	0.03
64	14	401	38	3.44	3.17
64	15	783	48	10	3.17
64	16	73	30	7.37	3.17
64	17	218	54	10	0.03
64	18	201	33	7.1	3.17
64	19	455	60	3.64	0.03
64	20	749	47	8.04	3.17
64	21	171	53	8.76	0.03
64	22	407	39	4.57	3.17
64	23	808	49	5.47	3.17
64	24	213	34	7.1	3.17
64	25	158	52	10	0.03
64	26	882	51	10	3.17
64	27	850	70	10	0.03
64	28	715	66	8.23	0.03
64	29	118	31	0.95	3.17
65	0	995	74	9.76	4.74
65	1	134	32	6.27	3.17
65	2	261	35	9.18	3.17
65	3	225	34	9.46	3.17
65	4	50	39	9.24	1.6
65	5	570	63	7.44	0.03
65	6	489	61	3.16	0.03
65	7	754	67	9.67	0.03
65	8	110	31	0.67	3.17
65	9	992	73	9.76	0.03
65	10	942	72	8.58	0.03
65	11	839	70	7.41	0.03
65	12	305	36	10	3.17
65	13	283	55	5.78	0.03
65	14	398	38	3.1	3.17
65	15	774	48	8.65	3.17
65	16	67	30	6.05	3.17
65	17	228	54	10	0.03
65	18	195	33	6.27	3.17
65	19	457	60	2.34	0.03
65	20	741	47	8.21	3.17
65	21	179	53	8.87	0.03
65	22	403	38	3.1	3.17
65	23	801	49	6.71	3.17
65	24	205	33	8.16	3.17
65	25	167	52	8.69	0.03
65	26	872	50	10	3.17
65	27	860	70	10	0.03
65	28	724	67	9.26	0.03
65	29	118	31	0	3.17
66	0	995	64	10	4.74
66	1	127	31	6.89	3.17
66	2	251	35	9.46	3.17
66	3	215	34	10	3.17
66	4	50	47	8.01	1.6
66	5	579	63	8.94	0.03
66	6	492	61	2.73	0.03
66	7	763	68	8.68	0.03
66	8	110	31	0.69	3.17
66	9	995	74	8.47	0.03
66	10	952	72	10	0.03
66	11	846	70	6.96	0.03
66	12	295	36	10	3.17
66	13	291	56	7.55	0.03
66	14	394	38	3.96	3.17
66	15	764	48	9.96	3.17
66	16	60	30	6.5	3.17
66	17	238	54	10	0.03
66	18	190	33	4.39	3.17
66	19	459	60	1.48	0.03
66	20	731	47	9.87	3.17
66	21	189	53	9.18	0.03
66	22	400	38	3.26	3.17
66	23	794	48	7.12	3.17
66	24	201	33	4.39	3.17
66	25	175	53	7.56	0.03
66	26	862	50	10	3.17
66	27	870	70	10	0.03
66	28	734	67	10	0.03
66	29	116	31	1.92	3.17
67	0	995	54	9.3	4.74
67	1	121	31	6	3.17
67	2	241	34	10	3.17
67	3	210	34	4.76	3.17
67	4	50	50	9.31	1.6
67	5	586	63	7.64	0.03
67	6	495	61	3.36	0.03
67	7	772	68	8.99	0.03
67	8	108	31	1.23	3.17
67	9	995	74	9.73	4.74
67	10	960	73	8.16	0.03
67	11	852	70	5.34	0.03
67	12	287	36	8.4	3.17
67	13	298	56	7.06	0.03
67	14	388	38	5.57	3.17
67	15	754	47	10	3.17
67	16	52	30	7.84	3.17
67	17	248	55	10	0.03
67	18	184	33	6.26	3.17
67	19	462	60	2.94	0.03
67	20	721	47	10	3.17
67	21	199	53	10	0.03
67	22	395	38	5.23	3.17
67	23	786	48	8.34	3.17
67	24	196	33	4.76	3.17
67	25	180	53	5.89	0.03
67	26	852	50	10	3.17
67	27	880	71	10	0.03
67	28	744	67	10	0.03
67	29	114	31	1.94	3.17
68	0	995	54	9.3	4.74
68	1	120	31	0.82	3.17
68	2	231	34	10	3.17
68	3	207	34	2.77	3.17
68	4	50	50	10	0.03
68	5	593	63	7.07	0.03
68	6	500	61	5.17	0.03
68	7	781	68	8.43	0.03
68	8	107	31	0.82	3.17
68	9	995	64	10	4.74
68	10	969	73	8.99	0.03
68	11	856	70	4.6	0.03
68	12	279	35	7.57	3.17
68	13	305	56	7.18	0.03
68	14	384	38	4.41	3.17
68	15	744	47	10	3.17
68	16	50	30	8.68	3.17
68	17	258	55	10	0.03
68	18	177	33	7.33	3.17
68	19	465	60	3.09	0.03
68	20	711	46	10	3.17
68	21	209	54	10	0.03
68	22	391	38	4.41	3.17
68	23	778	48	7.69	3.17
68	24	192	33	3.39	3.17
68	25	187	53	6.48	0.03
68	26	842	50	10	3.17
68	27	889	71	9.16	0.03
68	28	753	67	8.8	0.03
68	29	114	31	0.82	3.17
69	0	995	54	10	3.17
69	1	120	31	0	3.17
69	2	222	34	9.01	3.17
69	3	205	33	2.66	3.17
69	4	59	50	10	0.03
69	5	600	63	6.76	0.03
69	6	508	61	7.06	0.03
69	7	789	68	8.76	0.03
69	8	106	31	1.57	3.17
69	9	995	54	10	4.74
69	10	979	73	9.35	0.03
69	11	860	70	3.27	0.03
69	12	271	35	7.77	3.17
69	13	314	56	8.94	0.03
69	14	378	38	5.57	3.17
69	15	734	47	10	3.17
69	16	50	38	8.49	1.6
69	17	268	55	10	0.03
69	18	168	32	8.79	3.17
69	19	467	60	2.25	0.03
69	20	701	46	9.63	3.17
69	21	219	54	10	0.03
69	22	386	38	4.7	3.17
69	23	769	48	9.46	3.17
69	24	188	33	4.64	3.17
69	25	192	53	4.81	0.03
69	26	832	49	10	3.17
69	27	898	71	9.25	0.03
69	28	760	68	7.61	0.03
69	29	111	31	2.23	3.17
70	0	986	53	9.15	3.17
70	1	119	31	0.99	3.17
70	2	213	34	9.06	3.17
70	3	203	33	1.46	3.17
70	4	69	50	10	0.03
70	5	608	64	8.22	0.03
70	6	513	61	5.19	0.03
70	7	797	68	8.01	0.03
70	8	104	31	2.35	3.17
70	9	995	54	9.82	3.17
70	10	989	73	10	0.03
70	11	864	70	4.2	0.03
70	12	263	35	8.65	3.17
70	13	324	56	10	0.03
70	14	372	38	6.18	3.17
70	15	724	47	10	3.17
70	16	50	47	8.85	1.6
70	17	277	55	8.82	0.03
70	18	160	32	7.58	3.17
70	19	470	60	2.84	0.03
70	20	691	46	10	3.17
70	21	228	54	9.46	0.03
70	22	380	38	5.54	3.17
70	23	759	48	10	3.17
70	24	181	33	6.44	3.17
70	25	198	53	5.88	0.03
70	26	823	49	8.75	3.17
70	27	906	71	7.59	0.03
70	28	770	68	9.26	0.03
70	29	108	31	3.48	3.17
71	0	976	53	10	3.17
71	1	118	31	1.81	3.17
71	2	211	34	2.16	3.17
71	3	201	33	2.16	3.17
71	4	79	50	10	0.03
71	5	618	64	9.43	0.03
71	6	519	61	6.69	0.03
71	7	805	69	8.17	0.03
71	8	101	31	2.4	3.17
71	9	985	53	10	3.17
71	10	995	74	10	0.03
71	11	868	70	4.6	0.03
71	12	254	35	9.19	3.17
71	13	334	57	10	0.03
71	14	365	38	7	3.17
71	15	714	46	10	3.17
71	16	50	50	10	1.6
71	17	286	55	8.76	0.03
71	18	153	32	7.67	3.17
71	19	474	60	3.97	0.03
71	20	682	46	8.95	3.17
71	21	238	54	9.48	0.03
71	22	373	38	7.12	3.17
71	23	749	47	10	3.17
71	24	175	33	6.02	3.17
71	25	203	53	5.67	0.03
71	26	814	49	9.15	3.17
71	27	912	71	6.74	0.03
71	28	780	68	10	0.03
71	29	105	31	2.4	3.17
72	0	967	53	8.84	3.17
72	1	115	31	2.49	3.17
72	2	209	34	2.36	3.17
72	3	197	33	3.89	3.17
72	4	89	51	10	0.03
72	5	628	64	10	0.03
72	6	527	62	7.77	0.03
72	7	814	69	8.6	0.03
72	8	97	31	3.82	3.17
72	9	976	53	8.84	3.17
72	10	995	74	8.29	4.74
72	11	875	70	6.11	0.03
72	12	244	34	10	3.17
72	13	344	57	10	0.03
72	14	358	37	7.05	3.17
72	15	704	46	10	3.17
72	16	50	50	10	0.03
72	17	296	56	10	0.03
72	18	144	32	8.27	3.17
72	19	477	60	3.7	0.03
72	20	674	45	8.2	3.17
72	21	246	54	8.44	0.03
72	22	366	38	7.05	3.17
72	23	739	47	9.39	3.17
72	24	168	33	7.47	3.17
72	25	207	54	3.91	0.03
72	26	805	49	8.39	3.17
72	27	921	72	8.29	0.03
72	28	788	68	8.01	0.03
72	29	105	31	0.57	3.17
73	0	959	53	7.79	3.17
73	1	112	31	3	3.17
73	2	206	33	3.37	3.17
73	3	192	33	5.36	3.17
73	4	98	51	8.68	0.03
73	5	638	64	10	0.03
73	6	535	62	7.53	0.03
73	7	823	69	9.39	0.03
73	8	93	31	3.91	3.17
73	9	968	53	8.41	3.17
73	10	995	66	7.9	4.74
73	11	879	71	4.62	0.03
73	12	235	34	8.99	3.17
73	13	354	57	10	0.03
73	14	350	37	7.72	3.17
73	15	694	46	10	3.17
73	16	59	50	9.48	0.03
73	17	306	56	10	0.03
73	18	135	32	9.33	3.17
73	19	482	60	4.74	0.03
73	20	665	45	9.43	3.17
73	21	255	55	8.89	0.03
73	22	359	37	7.08	3.17
73	23	732	47	7.45	3.17
73	24	159	32	9.31	3.17
73	25	212	54	4.89	0.03
73	26	796	48	9.48	3.17
73	27	930	72	8.98	0.03
73	28	796	68	8.89	0.03
73	29	104	31	0.71	3.17
74	0	951	52	8.09	3.17
74	1	109	31	3.07	3.17
74	2	203	33	2.24	3.17
74	3	185	33	6.85	3.17
74	4	108	51	9.95	0.03
74	5	648	65	9.75	0.03
74	6	541	62	6.54	0.03
74	7	833	69	9.44	0.03
74	8	89	30	4.82	3.17
74	9	961	53	6.68	3.17
74	10	995	57	8.81	4.74
74	11	882	71	3.07	0.03
74	12	227	34	7.71	3.17
74	13	364	57	9.59	0.03
74	14	344	37	5.89	3.17
74	15	684	46	10	3.17
74	16	67	50	7.53	0.03
74	17	316	56	10	0.03
74	18	125	31	10	3.17
74	19	485	61	2.83	0.03
74	20	655	45	10	3.17
74	21	263	55	8.45	0.03
74	22	353	37	5.89	3.17
74	23	723	47	8.37	3.17
74	24	150	32	8.19	3.17
74	25	217	54	5.05	0.03
74	26	786	48	10	3.17
74	27	940	72	10	0.03
74	28	806	69	9.88	0.03
74	29	104	31	0	3.17
75	0	941	52	9.94	3.17
75	1	108	31	0.77	3.17
75	2	200	33	3.73	3.17
75	3	179	33	6.44	3.17
75	4	118	51	10	0.03
75	5	656	65	8.3	0.03
75	6	548	62	6.54	0.03
75	7	843	70	10	0.03
75	8	85	30	3.71	3.17
75	9	953	52	7.95	3.17
75	10	995	54	7.76	4.74
75	11	884	71	1.73	0.03
75	12	218	34	8.45	3.17
75	13	372	58	7.91	0.03
75	14	337	37	7.72	3.17
75	15	674	45	10	3.17
75	16	75	50	8.09	0.03
75	17	326	57	10	0.03
75	18	124	31	0.77	3.17
75	19	488	61	2.89	0.03
75	20	645	45	9.86	3.17
75	21	273	55	9.26	0.03
75	22	346	37	7	3.17
75	23	713	46	10	3.17
75	24	140	32	10	3.17
75	25	223	54	5.41	0.03
75	26	776	48	10	3.17
75	27	949	72	9.34	0.03
75	28	816	69	9.33	0.03
75	29	103	31	0.77	3.17
76	0	931	52	10	3.17
76	1	108	31	0.1	3.17
76	2	198	33	1.79	3.17
76	3	171	33	7.76	3.17
76	4	128	51	10	0.03
76	5	666	65	10	0.03
76	6	554	62	6.6	0.03
76	7	852	70	8.72	0.03
76	8	82	30	3.31	3.17
76	9	946	52	7.45	3.17
76	10	995	54	6.91	3.17
76	11	884	71	0	0.03
76	12	209	34	9.8	3.17
76	13	380	58	8.45	0.03
76	14	328	37	8.23	3.17
76	15	664	45	10	3.17
76	16	83	50	8.37	0.03
76	17	336	57	10	0.03
76	18	122	31	2.31	3.17
76	19	489	61	1.06	0.03
76	20	637	44	7.89	3.17
76	21	280	55	7.32	0.03
76	22	337	37	8.73	3.17
76	23	704	46	9.91	3.17
76	24	138	32	2.31	3.17
76	25	228	54	5.25	0.03
76	26	766	48	10	3.17
76	27	959	73	9.52	0.03
76	28	826	69	10	0.03
76	29	102	31	1.41	3.17
77	0	921	52	10	3.17
77	1	108	31	0	3.17
77	2	197	33	0.95	3.17
77	3	164	32	7.1	3.17
77	4	137	52	8.42	0.03
77	5	674	65	8.43	0.03
77	6	563	63	8.34	0.03
77	7	859	70	7.26	0.03
77	8	78	30	3.53	3.17
77	9	940	52	5.47	3.17
77	10	988	53	6.81	3.17
77	11	886	71	1.76	0.03
77	12	208	34	0.95	3.17
77	13	389	58	9.04	0.03
77	14	319	36	9.02	3.17
77	15	656	45	8.28	3.17
77	16	92	51	9.4	0.03
77	17	346	57	10	0.03
77	18	118	31	3.99	3.17
77	19	492	61	2.75	0.03
77	20	628	44	9.15	3.17
77	21	286	55	5.8	0.03
77	22	328	37	8.96	3.17
77	23	694	46	10	3.17
77	24	136	32	1.89	3.17
77	25	232	54	4.61	0.03
77	26	758	47	8.43	3.17
77	27	969	73	10	0.03
77	28	836	69	10	0.03
77	29	99	31	3.37	3.17
78	0	911	51	10	3.17
78	1	108	31	0.33	3.17
78	2	195	33	2.2	3.17
78	3	158	32	5.52	3.17
78	4	146	52	9.48	0.03
78	5	684	66	10	0.03
78	6	571	63	8.71	0.03
78	7	868	70	8.86	0.03
78	8	74	30	4.47	3.17
78	9	935	52	5.18	3.17
78	10	982	53	6.46	3.17
78	11	886	71	0.2	0.03
78	12	206	33	2.1	3.17
78	13	399	58	9.99	0.03
78	14	310	36	9.16	3.17
78	15	646	45	10	3.17
78	16	100	51	7.85	0.03
78	17	356	57	10	0.03
78	18	118	31	0.33	3.17
78	19	496	61	4.23	0.03
78	20	620	44	7.89	3.17
78	21	292	56	6.32	0.03
78	22	319	36	9.16	3.17
78	23	684	46	10	3.17
78	24	136	32	0	3.17
78	25	239	54	6.49	0.03
78	26	749	47	8.52	3.17
78	27	979	73	10	0.03
78	28	846	70	10	0.03
78	29	95	31	3.54	3.17
79	0	901	51	10	3.17
79	1	108	31	0	3.17
79	2	194	33	0.72	3.17
79	3	152	32	6.29	3.17
79	4	156	52	10	0.03
79	5	694	66	10	0.03
79	6	580	63	8.22	0.03
79	7	878	71	10	0.03
79	8	68	30	5.78	3.17
79	9	930	52	5.28	3.17
79	10	975	53	6.85	3.17
79	11	888	71	1.84	0.03
79	12	203	33	2.59	3.17
79	13	408	59	8.69	0.03
79	14	301	36	8.81	3.17
79	15	636	44	10	3.17
79	16	108	51	7.92	0.03
79	17	366	58	10	0.03
79	18	117	31	0.15	3.17
79	19	499	61	2.87	0.03
79	20	611	44	9.11	3.17
79	21	300	56	7.95	0.03
79	22	311	36	8.81	3.17
79	23	674	45	10	3.17
79	24	136	32	0.03	3.17
79	25	245	54	5.6	0.03
79	26	740	47	9.41	3.17
79	27	989	73	10	0.03
79	28	856	70	10	0.03
79	29	90	31	5.53	3.17
80	0	891	51	10	3.17
80	1	106	31	1.53	3.17
80	2	193	33	0.79	3.17
80	3	145	32	6.48	3.17
80	4	166	52	10	0.03
80	5	703	66	8.43	0.03
80	6	589	63	9.27	0.03
80	7	878	71	0.15	0.03
80	8	62	30	5.73	3.17
80	9	925	52	4.58	3.17
80	10	966	53	8.53	3.17
80	11	888	71	0.15	0.03
80	12	200	33	3.15	3.17
80	13	415	59	6.99	0.03
80	14	293	36	8.3	3.17
80	15	626	44	10	3.17
80	16	118	51	9.5	0.03
80	17	376	58	10	0.03
80	18	115	31	1.95	3.17
80	19	503	61	4.5	0.03
80	20	601	43	9.79	3.17
80	21	308	56	8.11	0.03
80	22	302	36	8.26	3.17
80	23	664	45	10	3.17
80	24	136	32	0.53	3.17
80	25	250	55	5.16	0.03
80	26	730	47	10	3.17
80	27	995	74	10	0.03
80	28	866	70	10	0.03
80	29	84	30	5.22	3.17
81	0	881	51	10	3.17
81	1	106	31	0.02	3.17
81	2	191	33	1.74	3.17
81	3	145	32	0.14	3.17
81	4	176	53	10	0.03
81	5	709	66	6.55	0.03
81	6	599	63	10	0.03
81	7	878	71	0	0.03
81	8	55	30	6.87	3.17
81	9	920	52	4.92	3.17
81	10	958	53	8.86	3.17
81	11	889	71	1.4	0.03
81	12	196	33	3.48	3.17
81	13	421	59	6.02	0.03
81	14	284	35	9.43	3.17
81	15	616	44	10	3.17
81	16	126	51	8.85	0.03
81	17	386	58	10	0.03
81	18	115	31	0.02	3.17
81	19	506	61	2.65	0.03
81	20	591	43	10	3.17
81	21	317	56	8.71	0.03
81	22	293	36	8.95	3.17
81	23	654	45	10	3.17
81	24	135	32	0.14	3.17
81	25	256	55	6.52	0.03
81	26	720	47	10	3.17
81	27	995	74	8.32	4.74
81	28	866	70	0	0.03
81	29	80	30	4.1	3.17
82	0	871	50	10	3.17
82	1	106	31	0.78	3.17
82	2	189	33	2.41	3.17
82	3	145	32	0	3.17
82	4	186	53	10	0.03
82	5	716	66	6.56	0.03
82	6	609	64	10	0.03
82	7	878	71	0	0.03
82	8	50	30	6.93	3.17
82	9	916	51	4.29	3.17
82	10	948	52	9.08	3.17
82	11	889	71	0	0.03
82	12	194	33	2.41	3.17
82	13	426	59	5.67	0.03
82	14	274	35	10	3.17
82	15	606	44	10	3.17
82	16	136	52	10	0.03
82	17	396	58	10	0.03
82	18	113	31	1.94	3.17
82	19	508	61	2.44	0.03
82	20	581	43	10	3.17
82	21	327	57	10	0.03
82	22	285	35	8.13	3.17
82	23	644	45	10	3.17
82	24	135	32	0.46	3.17
82	25	262	55	6.02	0.03
82	26	710	46	10	3.17
82	27	995	65	8.53	4.74
82	28	866	70	0.13	0.03
82	29	75	30	4.93	3.17
83	0	861	50	10	3.17
83	1	103	31	2.71	3.17
83	2	186	33	2.89	3.17
83	3	144	32	1.05	3.17
83	4	195	53	9.17	0.03
83	5	723	67	6.91	0.03
83	6	617	64	8.08	0.03
83	7	879	71	0.81	0.03
83	8	50	37	7.08	1.6
83	9	910	51	5.79	3.17
83	10	940	52	8.44	3.17
83	11	889	71	0	0.03
83	12	193	33	1.02	3.17
83	13	430	59	3.98	0.03
83	14	264	35	10	3.17
83	15	596	43	10	3.17
83	16	146	52	10	0.03
83	17	404	59	8.31	0.03
83	18	110	31	3.5	3.17
83	19	512	61	3.56	0.03
83	20	572	43	8.83	3.17
83	21	337	57	10	0.03
83	22	278	35	6.9	3.17
83	23	634	44	10	3.17
83	24	133	32	1.7	3.17
83	25	267	55	4.99	0.03
83	26	701	46	8.43	3.17
83	27	995	58	6.65	4.74
83	28	867	70	1.3	0.03
83	29	69	30	6.35	3.17
84	0	851	50	10	3.17
84	1	100	31	2.62	3.17
84	2	184	33	2.35	3.17
84	3	144	32	0	3.17
84	4	205	53	10	0.03
84	5	731	67	8.47	0.03
84	6	627	64	10	0.03
84	7	879	71	0.47	0.03
84	8	50	43	6.88	1.6
84	9	903	51	7.35	3.17
84	10	931	52	8.7	3.17
84	11	890	71	0.95	0.03
84	12	193	33	0	3.17
84	13	435	59	4.5	0.03
84	14	254	35	9.69	3.17
84	15	586	43	9.94	3.17
84	16	156	52	10	0.03
84	17	413	59	8.78	0.03
84	18	106	31	4.37	3.17
84	19	514	61	1.87	0.03
84	20	562	43	10	3.17
84	21	346	57	9.63	0.03
84	22	270	35	8.23	3.17
84	23	625	44	8.9	3.17
84	24	131	32	2.79	3.17
84	25	273	55	5.35	0.03
84	26	692	46	8.92	3.17
84	27	995	54	7.94	4.74
84	28	867	70	0.28	0.03
84	29	61	30	7.94	3.17
85	0	842	50	9.19	3.17
85	1	98	31	2.44	3.17
85	2	181	33	2.73	3.17
85	3	143	32	1.29	3.17
85	4	215	54	10	0.03
85	5	740	67	9.32	0.03
85	6	637	64	10	0.03
85	7	880	71	1.18	0.03
85	8	50	50	7.67	1.6
85	9	896	51	6.93	3.17
85	10	921	52	9.84	3.17
85	11	892	71	1.55	0.03
85	12	191	33	1.64	3.17
85	13	438	59	3.59	0.03
85	14	244	34	9.94	3.17
85	15	576	43	10	3.17
85	16	166	52	10	0.03
85	17	421	59	8.5	0.03
85	18	103	31	2.44	3.17
85	19	517	61	2.93	0.03
85	20	553	42	9.19	3.17
85	21	356	57	10	0.03
85	22	261	35	8.85	3.17
85	23	615	44	10	3.17
85	24	127	31	3.43	3.17
85	25	280	55	7.06	0.03
85	26	683	46	9.29	3.17
85	27	995	54	9.73	3.17
85	28	867	70	0.17	0.03
85	29	51	30	9.85	3.17
86	0	834	49	8.25	3.17
86	1	94	31	3.36	3.17
86	2	179	33	1.61	3.17
86	3	141	32	1.97	3.17
86	4	225	54	9.95	0.03
86	5	750	67	9.75	0.03
86	6	645	65	8.35	0.03
86	7	880	71	0	0.03
86	8	50	50	8.27	0.03
86	9	888	51	7.72	3.17
86	10	912	51	9.3	3.17
86	11	895	71	2.76	0.03
86	12	188	33	3.34	3.17
86	13	443	59	4.16	0.03
86	14	234	34	10	3.17
86	15	566	43	10	3.17
86	16	176	53	10	0.03
86	17	430	59	8.84	0.03
86	18	99	31	4.03	3.17
86	19	521	61	4.5	0.03
86	20	544	42	9	3.17
86	21	366	58	10	0.03
86	22	251	35	9.79	3.17
86	23	606	44	8.21	3.17
86	24	123	31	4.23	3.17
86	25	287	56	7.53	0.03
86	26	673	45	10	3.17
86	27	985	53	10	3.17
86	28	867	70	0	0.03
86	29	50	30	8.54	3.17
87	0	827	49	6.79	3.17
87	1	91	31	3.87	3.17
87	2	178	33	1.72	3.17
87	3	138	32	3.4	3.17
87	4	235	54	10	0.03
87	5	760	68	9.33	0.03
87	6	655	65	9.23	0.03
87	7	882	71	1.91	0.03
87	8	59	50	9.71	0.03
87	9	881	51	6.86	3.17
87	10	903	51	8.74	3.17
87	11	896	71	1.39	0.03
87	12	183	33	4.99	3.17
87	13	445	60	2.88	0.03
87	14	224	34	10	3.17
87	15	556	42	10	3.17
87	16	186	53	9.8	0.03
87	17	433	59	2.88	0.03
87	18	96	31	3.56	3.17
87	19	526	62	4.35	0.03
87	20	535	42	8.98	3.17
87	21	376	58	10	0.03
87	22	242	34	9.48	3.17
87	23	600	43	6.32	3.17
87	24	118	31	4.56	3.17
87	25	295	56	8.31	0.03
87	26	663	45	10	3.17
87	27	975	53	10	3.17
87	28	868	70	0.21	0.03
87	29	50	40	10	1.6
88	0	822	49	5.1	3.17
88	1	86	30	4.87	3.17
88	2	178	33	0.14	3.17
88	3	133	32	4.49	3.17
88	4	245	54	10	0.03
88	5	769	68	9.38	0.03
88	6	665	65	10	0.03
88	7	886	71	3.41	0.03
88	8	69	50	9.61	0.03
88	9	874	50	7.13	3.17
88	10	896	51	7.27	3.17
88	11	897	71	1.08	0.03
88	12	183	33	0.14	3.17
88	13	446	60	0.9	0.03
88	14	214	34	10	3.17
88	15	546	42	9.83	3.17
88	16	196	53	10	0.03
88	17	434	59	1.29	0.03
88	18	94	31	2.06	3.17
88	19	530	62	4.86	0.03
88	20	525	42	9.65	3.17
88	21	385	58	8.97	0.03
88	22	232	34	10	3.17
88	23	593	43	6.9	3.17
88	24	115	31	3.4	3.17
88	25	305	56	9.68	0.03
88	26	653	45	10	3.17
88	27	965	53	10	3.17
88	28	868	70	0.69	0.03
88	29	50	50	10	1.6
89	0	816	49	6.09	3.17
89	1	80	30	6.03	3.17
89	2	176	33	1.66	3.17
89	3	128	31	5.06	3.17
89	4	255	55	10	0.03
89	5	777	68	7.95	0.03
89	6	675	65	10	0.03
89	7	890	71	4.01	0.03
89	8	78	50	9.28	0.03
89	9	867	50	7.71	3.17
89	10	890	51	6.63	3.17
89	11	898	71	0.99	0.03
89	12	183	33	0	3.17
89	13	449	60	2.79	0.03
89	14	204	33	10	3.17
89	15	536	42	10	3.17
89	16	206	53	10	0.03
89	17	434	59	0	0.03
89	18	90	31	3.99	3.17
89	19	537	62	6.77	0.03
89	20	516	41	9.18	3.17
89	21	395	58	10	0.03
89	22	224	34	8.18	3.17
89	23	584	43	8.74	3.17
89	24	111	31	4.29	3.17
89	25	313	56	7.83	0.03
89	26	643	45	10	3.17
89	27	955	52	10	3.17
89	28	868	70	0	0.03
89	29	50	50	10	0.03
90	0	812	49	4.27	3.17
90	1	73	30	6.65	3.17
90	2	174	33	2.22	3.17
90	3	122	31	6.4	3.17
90	4	264	55	9.13	0.03
90	5	785	68	8.33	0.03
90	6	685	66	10	0.03
90	7	894	71	4.36	0.03
90	8	88	50	10	0.03
90	9	860	50	6.15	3.17
90	10	881	51	8.59	3.17
90	11	899	71	0.69	0.03
90	12	183	33	0.27	3.17
90	13	453	60	4.17	0.03
90	14	195	33	8.84	3.17
90	15	528	42	8.21	3.17
90	16	216	54	10	0.03
90	17	435	59	0.78	0.03
90	18	84	30	5.84	3.17
90	19	542	62	4.99	0.03
90	20	506	41	10	3.17
90	21	405	59	10	0.03
90	22	215	34	8.79	3.17
90	23	575	43	9.72	3.17
90	24	105	31	5.42	3.17
90	25	319	56	6	0.03
90	26	634	44	9.41	3.17
90	27	945	52	10	3.17
90	28	870	70	1.37	0.03
90	29	58	50	8.75	0.03
