models=FreeWay	maxpausetime=10	minspeed=5	fixedacceleration=false	maps=FreeWay	dir1lanespace=10	height=500	lanenum=1	width=500	dir2lanespace=10	pointsX=50.0,51.0,198.0,	dir12space=200	pointsY=50.0,336.0,332.0,	maxacceleration=2	maxspeed=10	safedistanceratio=2.0	positiveaccratio=2.0	filenamegenerator=simple	seed=outputtrace	numberiterate=true	defaultfilter=edu.sharif.ce.dml.common.data.trace.filter.DirectoryFilter	isinput=false	fileaddress=output	multiple=false	tracewriter=text	nodenumber=2	maxsimulationtime=200
Time	Node	PositionX	PositionY	Speed	Direction Angle
1	0	132	533	0.44	3.11
1	1	-49	538	1.48	3.11
2	0	132	533	0	3.11
2	1	-53	538	3.33	3.11
3	0	131	533	1.82	3.11
3	1	-57	539	4.28	3.11
4	0	128	533	2.6	3.11
4	1	-60	539	3.33	3.11
5	0	124	534	4.04	3.11
5	1	-63	539	2.21	3.11
6	0	119	534	5.17	3.11
6	1	-66	539	3.26	3.11
7	0	112	534	6.87	3.11
7	1	-69	539	2.96	3.11
8	0	105	534	7.23	3.11
8	1	-72	539	3.19	3.11
9	0	97	534	8.07	3.11
9	1	-76	539	3.58	3.11
10	0	88	535	8.68	3.11
10	1	-79	539	3.84	3.11
11	0	81	535	7.46	3.11
11	1	-83	539	3.16	3.11
12	0	73	535	7.94	3.11
12	1	-88	539	5.03	3.11
13	0	64	535	8.46	3.11
13	1	-94	540	6.48	3.11
14	0	56	535	8.48	3.11
14	1	-99	540	5.3	3.11
15	0	46	536	10	3.11
15	1	-106	540	6.93	3.11
16	0	36	536	10	3.11
16	1	-114	540	7.73	3.11
17	0	26	536	10	3.11
17	1	-123	540	8.9	3.11
18	0	16	537	10	3.11
18	1	-133	541	10	3.11
19	0	7	537	8.26	3.11
19	1	-141	541	8.3	3.11
20	0	-1	537	9.45	3.11
20	1	-148	541	9.03	3.11
21	0	-11	537	9.76	3.11
21	1	-148	541	9.99	4.71
22	0	-19	537	8.06	3.11
22	1	-148	531	10	4.71
23	0	-28	538	8.73	3.11
23	1	-148	521	10	4.71
24	0	-38	538	10	3.11
24	1	-148	511	9.79	4.71
25	0	-47	538	9.35	3.11
25	1	-148	502	9.13	4.71
26	0	-56	539	9.49	3.11
26	1	-148	492	10	4.71
27	0	-66	539	10	3.11
27	1	-148	482	10	4.71
28	0	-76	539	9.78	3.11
28	1	-148	473	9.35	4.71
29	0	-85	539	9.13	3.11
29	1	-148	463	10	4.71
30	0	-95	540	9.56	3.11
30	1	-148	453	10	4.71
31	0	-105	540	10	3.11
31	1	-148	444	8.73	4.71
32	0	-115	540	10	3.11
32	1	-148	437	6.86	4.71
33	0	-125	540	10	3.11
33	1	-148	432	5.26	4.71
34	0	-134	541	8.74	3.11
34	1	-148	425	6.42	4.71
35	0	-143	541	9.26	3.11
35	1	-148	419	6.64	4.71
36	0	-148	541	10	3.11
36	1	-148	411	7.37	4.71
37	0	-148	541	10	4.71
37	1	-148	402	9.02	4.71
38	0	-148	532	9.12	4.71
38	1	-148	394	8.45	4.71
39	0	-148	522	9.79	4.71
39	1	-148	385	8.57	4.71
40	0	-148	513	9.24	4.71
40	1	-148	376	8.96	4.71
41	0	-148	503	9.42	4.71
41	1	-148	369	7.84	4.71
42	0	-148	496	7.78	4.71
42	1	-148	359	9.62	4.71
43	0	-148	486	9.17	4.71
43	1	-148	349	10	4.71
44	0	-148	478	8.8	4.71
44	1	-148	339	10	4.71
45	0	-148	468	9.95	4.71
45	1	-149	329	10	4.71
46	0	-148	459	9.07	4.71
46	1	-149	321	8.1	4.71
47	0	-148	451	8.02	4.71
47	1	-149	312	8.95	4.71
48	0	-148	441	9.71	4.71
48	1	-149	304	8.41	4.71
49	0	-148	431	10	4.71
49	1	-149	294	9.11	4.71
50	0	-148	421	10	4.71
50	1	-149	287	7.72	4.71
51	0	-148	411	10	4.71
51	1	-149	279	7.45	4.71
52	0	-148	401	10	4.71
52	1	-149	273	5.78	4.71
53	0	-148	391	9.83	4.71
53	1	-149	267	6.18	4.71
54	0	-148	381	10	4.71
54	1	-149	259	7.99	4.71
55	0	-148	372	9.34	4.71
55	1	-149	250	9.02	4.71
56	0	-148	364	7.98	4.71
56	1	-149	241	9.06	4.71
57	0	-148	354	9.95	4.71
57	1	-149	232	8.9	4.71
58	0	-148	344	10	4.71
58	1	-149	224	8.03	4.71
59	0	-149	334	10	4.71
59	1	-149	218	6.66	4.71
60	0	-149	324	10	4.71
60	1	-149	211	6.94	4.71
61	0	-149	314	10	4.71
61	1	-149	204	6.63	4.71
62	0	-149	304	10	4.71
62	1	-149	199	5.1	4.71
63	0	-149	296	8.07	4.71
63	1	-149	193	5.98	4.71
64	0	-149	289	7	4.71
64	1	-149	185	7.68	4.71
65	0	-149	282	7.2	4.71
65	1	-149	178	6.95	4.71
66	0	-149	276	5.89	4.71
66	1	-149	173	5.34	4.71
67	0	-149	271	4.55	4.71
67	1	-149	166	7.2	4.71
68	0	-149	267	3.66	4.71
68	1	-149	158	7.49	4.71
69	0	-149	263	4.67	4.71
69	1	-149	150	8.38	4.71
70	0	-149	257	6.11	4.71
70	1	-149	140	9.97	4.71
71	0	-149	249	8.06	4.71
71	1	-149	130	10	4.71
72	0	-149	240	8.29	4.71
72	1	-149	121	8.74	4.71
73	0	-149	232	8.23	4.71
73	1	-149	114	6.9	4.71
74	0	-149	224	7.69	4.71
74	1	-149	106	7.92	4.71
75	0	-149	215	9.61	4.71
75	1	-149	97	9.17	4.71
76	0	-149	206	8.52	4.71
76	1	-149	89	8.36	4.71
77	0	-149	197	9.71	4.71
77	1	-149	81	7.86	4.71
78	0	-149	187	9.76	4.71
78	1	-149	72	8.79	4.71
79	0	-149	177	10	4.71
79	1	-149	63	9.51	4.71
80	0	-149	167	10	4.71
80	1	-149	53	9.25	4.71
81	0	-149	157	10	4.71
81	1	-149	50	10	4.71
82	0	-149	147	10	4.71
82	1	-139	50	10	6.28
83	0	-149	137	10	4.71
83	1	-129	50	10	6.28
84	0	-149	127	10	4.71
84	1	-119	50	10	6.28
85	0	-149	117	10	4.71
85	1	-109	50	10	6.28
86	0	-149	107	10	4.71
86	1	-99	50	10	6.28
87	0	-149	97	10	4.71
87	1	-89	50	10	6.28
88	0	-149	89	8.28	4.71
88	1	-79	50	10	6.28
89	0	-149	79	9.27	4.71
89	1	-69	50	10	6.28
