models=FreeWay	maxpausetime=10	minspeed=22	fixedacceleration=false	maps=FreeWay	dir1lanespace=10	height=1000	lanenum=1	width=1000	dir2lanespace=10	pointsX=50.0,995.0,	dir12space=50	pointsY=50.0,74.0,	maxacceleration=13	maxspeed=33	safedistanceratio=2.0	positiveaccratio=2.0	filenamegenerator=simple	seed=outputtrace	numberiterate=true	defaultfilter=edu.sharif.ce.dml.common.data.trace.filter.DirectoryFilter	isinput=false	fileaddress=output	multiple=false	tracewriter=text	nodenumber=40	maxsimulationtime=90
Time	Node	PositionX	PositionY	Speed	Direction Angle
1	0	171	53	4.44	0.03
1	1	925	72	0	0.03
1	2	509	61	0	0.03
1	3	450	10	8.17	3.17
1	4	330	7	0	3.17
1	5	951	72	10.18	0.03
1	6	735	67	0	0.03
1	7	375	58	7.66	0.03
1	8	522	61	9.22	0.03
1	9	903	21	5.52	3.17
1	10	411	59	0	0.03
1	11	728	67	0	0.03
1	12	829	19	9.13	3.17
1	13	83	0	3.17	3.17
1	14	930	72	2.81	0.03
1	15	387	8	6.02	3.17
1	16	874	20	2.39	3.17
1	17	563	63	0	0.03
1	18	980	23	0	3.17
1	19	247	55	11.14	0.03
1	20	114	1	0	3.17
1	21	150	52	5.05	0.03
1	22	765	18	0	3.17
1	23	188	53	3.23	0.03
1	24	333	7	0	3.17
1	25	795	68	0	0.03
1	26	173	3	2.71	3.17
1	27	791	68	3.71	0.03
1	28	843	70	7.13	0.03
1	29	625	64	10.36	0.03
1	30	433	59	0	0.03
1	31	366	8	0.94	3.17
1	32	144	2	0.45	3.17
1	33	735	67	0	0.03
1	34	868	70	2.84	0.03
1	35	534	12	0	3.17
1	36	138	52	5.73	0.03
1	37	363	57	7.66	0.03
1	38	128	1	7.58	3.17
1	39	581	63	0	0.03
2	0	171	53	0	0.03
2	1	925	72	0.45	0.03
2	2	514	61	5.14	0.03
2	3	436	9	14.29	3.17
2	4	323	6	7.1	3.17
2	5	955	73	3.98	0.03
2	6	735	67	0	0.03
2	7	390	58	15.16	0.03
2	8	537	62	15.4	0.03
2	9	888	21	15.21	3.17
2	10	420	59	8.43	0.03
2	11	728	67	0	0.03
2	12	813	19	16.18	3.17
2	13	77	0	6.2	3.17
2	14	941	72	11.03	0.03
2	15	386	8	0.78	3.17
2	16	866	20	7.64	3.17
2	17	563	63	0	0.03
2	18	980	23	0	3.17
2	19	247	55	0	0.03
2	20	113	1	1.31	3.17
2	21	150	52	0	0.03
2	22	762	18	3.81	3.17
2	23	188	53	0	0.03
2	24	326	7	7.1	3.17
2	25	804	69	9.12	0.03
2	26	166	2	6.8	3.17
2	27	800	69	9.12	0.03
2	28	843	70	0	0.03
2	29	639	64	14.16	0.03
2	30	442	59	8.71	0.03
2	31	365	7	0.78	3.17
2	32	144	2	0	3.17
2	33	735	67	0	0.03
2	34	868	70	0	0.03
2	35	521	11	12.41	3.17
2	36	138	52	0	0.03
2	37	378	58	15.16	0.03
2	38	128	1	0	3.17
2	39	591	63	10.18	0.03
3	0	171	53	0	0.03
3	1	932	72	6.99	0.03
3	2	514	61	0	0.03
3	3	414	9	21.86	3.17
3	4	311	6	12.15	3.17
3	5	972	73	16.27	0.03
3	6	746	67	11.12	0.03
3	7	406	59	16.24	0.03
3	8	537	62	0	0.03
3	9	882	21	6.06	3.17
3	10	433	59	12.96	0.03
3	11	728	67	0	0.03
3	12	805	19	7.31	3.17
3	13	71	0	6.4	3.17
3	14	942	72	0.96	0.03
3	15	385	8	1.14	3.17
3	16	860	20	6.06	3.17
3	17	563	63	0	0.03
3	18	968	23	12.31	3.17
3	19	247	55	0	0.03
3	20	99	1	14.15	3.17
3	21	150	52	0	0.03
3	22	758	17	3.27	3.17
3	23	188	53	0	0.03
3	24	318	6	7.67	3.17
3	25	822	69	17.28	0.03
3	26	166	2	0.73	3.17
3	27	808	69	7.86	0.03
3	28	845	70	1.7	0.03
3	29	657	65	17.48	0.03
3	30	453	60	11.75	0.03
3	31	359	7	5.24	3.17
3	32	143	2	0.73	3.17
3	33	740	67	5.18	0.03
3	34	874	70	6.04	0.03
3	35	512	11	9.34	3.17
3	36	138	52	0	0.03
3	37	395	58	16.24	0.03
3	38	128	1	0	3.17
3	39	591	63	0	0.03
4	0	175	53	3.55	0.03
4	1	934	72	2.08	0.03
4	2	516	61	2.28	0.03
4	3	412	9	1.62	3.17
4	4	288	6	23.13	3.17
4	5	994	73	22.82	0.03
4	6	761	68	15.59	0.03
4	7	421	59	14.65	0.03
4	8	537	62	0	0.03
4	9	882	21	0	3.17
4	10	447	60	14.65	0.03
4	11	728	67	0	0.03
4	12	786	18	18.99	3.17
4	13	57	0	14.16	3.17
4	14	944	72	2.08	0.03
4	15	383	8	1.62	3.17
4	16	860	20	0	3.17
4	17	576	63	12.94	0.03
4	18	968	23	0	3.17
4	19	260	55	12.7	0.03
4	20	79	0	19.97	3.17
4	21	157	52	6.45	0.03
4	22	745	17	13.15	3.17
4	23	190	53	1.24	0.03
4	24	308	6	10.01	3.17
4	25	826	69	4.56	0.03
4	26	162	2	3.65	3.17
4	27	810	69	2.04	0.03
4	28	850	70	4.56	0.03
4	29	664	65	6.84	0.03
4	30	474	60	20.63	0.03
4	31	349	7	10.22	3.17
4	32	143	2	0	3.17
4	33	753	67	12.67	0.03
4	34	882	71	8.14	0.03
4	35	505	11	7.11	3.17
4	36	143	52	4.97	0.03
4	37	409	59	14.65	0.03
4	38	128	1	0	3.17
4	39	593	63	2.78	0.03
5	0	179	53	4.51	0.03
5	1	939	72	5.22	0.03
5	2	516	61	0	0.03
5	3	412	9	0	3.17
5	4	255	5	32.24	3.17
5	5	995	74	26.42	0.03
5	6	779	68	18.05	0.03
5	7	421	59	0	0.03
5	8	537	62	0	0.03
5	9	874	20	7.77	3.17
5	10	447	60	0	0.03
5	11	729	67	1.32	0.03
5	12	764	18	21.91	3.17
5	13	51	0	11	3.17
5	14	949	72	5.22	0.03
5	15	383	8	0	3.17
5	16	860	20	0	3.17
5	17	585	63	8.99	0.03
5	18	966	23	1.82	3.17
5	19	271	55	11.2	0.03
5	20	68	0	11	3.17
5	21	158	52	1.12	0.03
5	22	722	17	23.36	3.17
5	23	190	53	0	0.03
5	24	288	6	20.56	3.17
5	25	835	69	8.55	0.03
5	26	155	2	6.83	3.17
5	27	822	69	12.02	0.03
5	28	851	70	1.42	0.03
5	29	675	65	11.34	0.03
5	30	474	60	0	0.03
5	31	330	7	19.62	3.17
5	32	138	2	4.94	3.17
5	33	758	68	5.61	0.03
5	34	882	71	0	0.03
5	35	494	11	10.43	3.17
5	36	143	52	0	0.03
5	37	409	59	0	0.03
5	38	128	1	0	3.17
5	39	602	64	8.99	0.03
6	0	184	53	4.88	0.03
6	1	945	72	5.18	0.03
6	2	516	61	0	0.03
6	3	402	8	10.56	3.17
6	4	222	4	33	3.17
6	5	995	56	17.77	4.74
6	6	789	68	9.6	0.03
6	7	432	59	10.7	0.03
6	8	538	62	0.49	0.03
6	9	874	20	0	3.17
6	10	452	60	4.18	0.03
6	11	735	67	5.47	0.03
6	12	748	17	16.7	3.17
6	13	50	18	18.12	1.6
6	14	954	72	5.18	0.03
6	15	372	8	11.43	3.17
6	16	855	20	5.28	3.17
6	17	602	64	17.39	0.03
6	18	961	23	4.53	3.17
6	19	284	55	12.8	0.03
6	20	51	0	16.54	3.17
6	21	158	52	0	0.03
6	22	705	16	16.7	3.17
6	23	194	53	4.88	0.03
6	24	266	5	21.4	3.17
6	25	838	70	3.23	0.03
6	26	155	2	0	3.17
6	27	826	69	4.73	0.03
6	28	854	70	3.23	0.03
6	29	689	66	13.75	0.03
6	30	481	60	7.03	0.03
6	31	316	6	13.61	3.17
6	32	138	2	0	3.17
6	33	767	68	8.73	0.03
6	34	886	71	4.17	0.03
6	35	493	11	1.44	3.17
6	36	145	52	1.57	0.03
6	37	420	59	10.26	0.03
6	38	128	1	0	3.17
6	39	624	64	21.86	0.03
7	0	184	53	0.18	0.03
7	1	945	72	0	0.03
7	2	526	62	9.55	0.03
7	3	402	8	0	3.17
7	4	200	3	22.74	3.17
7	5	996	26	29.87	4.74
7	6	789	68	0.05	0.03
7	7	441	59	9.76	0.03
7	8	540	62	1.76	0.03
7	9	866	20	7.63	3.17
7	10	452	60	0	0.03
7	11	735	67	0.05	0.03
7	12	744	17	4.03	3.17
7	13	50	41	23.02	1.6
7	14	960	73	6.28	0.03
7	15	372	8	0	3.17
7	16	843	20	11.51	3.17
7	17	616	64	13.87	0.03
7	18	961	23	0	3.17
7	19	301	56	17.35	0.03
7	20	51	0	8.36	3.17
7	21	167	52	9.14	0.03
7	22	680	15	25.63	3.17
7	23	195	53	0.18	0.03
7	24	234	4	32.92	3.17
7	25	838	70	0	0.03
7	26	155	2	0	3.17
7	27	826	69	0	0.03
7	28	854	70	0	0.03
7	29	705	66	16.47	0.03
7	30	495	61	14.15	0.03
7	31	311	6	5.12	3.17
7	32	138	2	0	3.17
7	33	767	68	0.05	0.03
7	34	891	71	4.6	0.03
7	35	493	11	0	3.17
7	36	154	52	8.81	0.03
7	37	429	59	9.76	0.03
7	38	128	1	0	3.17
7	39	648	65	24.07	0.03
8	0	184	53	0	0.03
8	1	952	72	7.44	0.03
8	2	528	62	2.85	0.03
8	3	395	8	6.8	3.17
8	4	200	3	0	3.17
8	5	996	24	33	4.74
8	6	798	69	8.72	0.03
8	7	451	60	9.63	0.03
8	8	542	62	2.85	0.03
8	9	866	20	0	3.17
8	10	465	60	12.99	0.03
8	11	740	67	5.44	0.03
8	12	744	17	0	3.17
8	13	50	50	30.37	1.6
8	14	966	73	5.81	0.03
8	15	360	7	12.06	3.17
8	16	821	19	21.8	3.17
8	17	631	64	15.05	0.03
8	18	961	23	0	3.17
8	19	322	56	21.1	0.03
8	20	50	21	21.31	1.6
8	21	167	52	0	0.03
8	22	650	15	29.39	3.17
8	23	195	53	0	0.03
8	24	234	4	0	3.17
8	25	843	70	5.13	0.03
8	26	155	2	0	3.17
8	27	833	69	6.69	0.03
8	28	854	70	0	0.03
8	29	722	67	16.99	0.03
8	30	498	61	2.85	0.03
8	31	311	6	0	3.17
8	32	138	2	0	3.17
8	33	779	68	12.01	0.03
8	34	904	71	13.62	0.03
8	35	493	11	0	3.17
8	36	154	52	0	0.03
8	37	439	59	9.63	0.03
8	38	125	1	3.18	3.17
8	39	679	65	30.33	0.03
9	0	184	53	0	0.03
9	1	952	72	0	0.03
9	2	528	62	0	0.03
9	3	389	8	5.29	3.17
9	4	196	3	3.84	3.17
9	5	996	24	23.56	3.17
9	6	807	69	9.56	0.03
9	7	463	60	12.08	0.03
9	8	545	62	2.78	0.03
9	9	866	20	0	3.17
9	10	477	60	12.08	0.03
9	11	740	67	0	0.03
9	12	744	17	0	3.17
9	13	50	50	22.13	0.03
9	14	966	73	0	0.03
9	15	350	7	10.1	3.17
9	16	807	19	14.46	3.17
9	17	653	65	22.24	0.03
9	18	953	22	8.29	3.17
9	19	339	57	16.16	0.03
9	20	50	31	10.52	1.6
9	21	167	52	0	0.03
9	22	627	14	23.26	3.17
9	23	195	53	0	0.03
9	24	232	4	1.6	3.17
9	25	843	70	0	0.03
9	26	149	2	5.96	3.17
9	27	833	69	0	0.03
9	28	854	70	0	0.03
9	29	722	67	0	0.03
9	30	505	61	7.4	0.03
9	31	298	6	12.83	3.17
9	32	132	2	5.73	3.17
9	33	789	68	9.56	0.03
9	34	922	72	17.46	0.03
9	35	493	11	0	3.17
9	36	154	52	0.12	0.03
9	37	451	60	12.08	0.03
9	38	109	1	15.54	3.17
9	39	679	65	0	0.03
10	0	184	53	0	0.03
10	1	952	72	0	0.03
10	2	541	62	12.96	0.03
10	3	376	8	13.67	3.17
10	4	191	3	4.88	3.17
10	5	977	23	18.54	3.17
10	6	807	69	0	0.03
10	7	470	60	7.42	0.03
10	8	560	62	15.05	0.03
10	9	862	20	4.09	3.17
10	10	484	61	7.42	0.03
10	11	753	67	12.72	0.03
10	12	741	17	2.18	3.17
10	13	72	50	22.68	0.03
10	14	966	73	0	0.03
10	15	334	7	15.91	3.17
10	16	787	18	19.59	3.17
10	17	655	65	1.67	0.03
10	18	934	22	18.54	3.17
10	19	360	57	21.12	0.03
10	20	50	33	1.22	1.6
10	21	172	53	4.64	0.03
10	22	601	13	26.38	3.17
10	23	200	53	5.73	0.03
10	24	218	4	13.64	3.17
10	25	846	70	2.47	0.03
10	26	149	2	0	3.17
10	27	833	69	0	0.03
10	28	854	70	0	0.03
10	29	728	67	5.68	0.03
10	30	513	61	7.23	0.03
10	31	284	5	14.14	3.17
10	32	132	2	0	3.17
10	33	789	68	0	0.03
10	34	930	72	8.57	0.03
10	35	493	11	0	3.17
10	36	159	52	5.42	0.03
10	37	455	60	3.55	0.03
10	38	86	0	22.7	3.17
10	39	680	66	1.67	0.03
11	0	186	53	1.73	0.03
11	1	952	72	0	0.03
11	2	547	62	5.84	0.03
11	3	354	7	22.07	3.17
11	4	182	3	8.73	3.17
11	5	954	22	22.94	3.17
11	6	819	69	11.71	0.03
11	7	470	60	0	0.03
11	8	566	63	5.69	0.03
11	9	860	20	2.27	3.17
11	10	484	61	0	0.03
11	11	753	67	0.19	0.03
11	12	738	17	3.82	3.17
11	13	93	51	20.53	0.03
11	14	966	73	0	0.03
11	15	313	6	20.88	3.17
11	16	783	18	3.82	3.17
11	17	655	65	0	0.03
11	18	910	21	24.56	3.17
11	19	374	58	14.16	0.03
11	20	50	33	0	1.6
11	21	177	53	5.64	0.03
11	22	568	13	33	3.17
11	23	202	53	1.73	0.03
11	24	208	4	10.12	3.17
11	25	848	70	2.63	0.03
11	26	149	2	0	3.17
11	27	838	70	5.16	0.03
11	28	864	70	10.27	0.03
11	29	735	67	7.65	0.03
11	30	514	61	1.67	0.03
11	31	264	5	19.7	3.17
11	32	132	2	0	3.17
11	33	794	68	4.78	0.03
11	34	941	72	10.82	0.03
11	35	493	11	0	3.17
11	36	159	52	0	0.03
11	37	455	60	0	0.03
11	38	61	0	25.86	3.17
11	39	682	66	2.1	0.03
12	0	191	53	4.83	0.03
12	1	952	72	0	0.03
12	2	552	62	5.02	0.03
12	3	340	7	13.62	3.17
12	4	168	2	14.33	3.17
12	5	931	22	23.24	3.17
12	6	819	69	0.43	0.03
12	7	470	60	0	0.03
12	8	581	63	15.49	0.03
12	9	858	20	2.13	3.17
12	10	490	61	6.12	0.03
12	11	765	68	11.54	0.03
12	12	729	17	8.24	3.17
12	13	119	51	26.67	0.03
12	14	966	73	0	0.03
12	15	282	5	31.09	3.17
12	16	779	18	4.45	3.17
12	17	663	65	7.73	0.03
12	18	885	21	24.58	3.17
12	19	393	58	19.34	0.03
12	20	50	33	0	1.6
12	21	184	53	6.6	0.03
12	22	535	12	33	3.17
12	23	212	54	9.93	0.03
12	24	196	3	12.49	3.17
12	25	849	70	0.43	0.03
12	26	142	2	6.96	3.17
12	27	839	70	0.43	0.03
12	28	873	70	8.92	0.03
12	29	749	67	13.64	0.03
12	30	519	61	4.44	0.03
12	31	250	5	14.19	3.17
12	32	132	2	0	3.17
12	33	804	69	10.76	0.03
12	34	941	72	0	0.03
12	35	493	11	0	3.17
12	36	160	52	0.46	0.03
12	37	455	60	0	0.03
12	38	51	0	29.37	3.17
12	39	682	66	0	0.03
13	0	200	53	9.14	0.03
13	1	952	72	0	0.03
13	2	561	63	9.13	0.03
13	3	321	6	18.79	3.17
13	4	153	2	14.86	3.17
13	5	919	22	11.64	3.17
13	6	829	69	9.35	0.03
13	7	472	60	1.39	0.03
13	8	598	63	16.26	0.03
13	9	846	20	11.64	3.17
13	10	498	61	7.5	0.03
13	11	785	68	20.17	0.03
13	12	714	16	15.62	3.17
13	13	132	52	12.58	0.03
13	14	973	73	7.17	0.03
13	15	271	5	10.73	3.17
13	16	770	18	9.15	3.17
13	17	670	65	7.77	0.03
13	18	874	20	11.64	3.17
13	19	403	58	9.57	0.03
13	20	50	44	11.53	1.6
13	21	193	53	9.14	0.03
13	22	534	12	0.44	3.17
13	23	229	54	17.19	0.03
13	24	181	3	14.86	3.17
13	25	859	70	10.24	0.03
13	26	130	2	12.8	3.17
13	27	849	70	10.24	0.03
13	28	886	71	12.61	0.03
13	29	769	68	20.17	0.03
13	30	519	61	0	0.03
13	31	239	4	10.73	3.17
13	32	119	1	12.8	3.17
13	33	816	69	12.1	0.03
13	34	941	72	0	0.03
13	35	493	11	0.44	3.17
13	36	172	53	12.58	0.03
13	37	455	60	0	0.03
13	38	50	11	11.53	1.6
13	39	682	66	0	0.03
14	0	210	54	10.04	0.03
14	1	956	73	3.91	0.03
14	2	578	63	16.84	0.03
14	3	299	6	22.83	3.17
14	4	140	2	12.98	3.17
14	5	908	21	11.04	3.17
14	6	839	70	10.19	0.03
14	7	479	60	7.14	0.03
14	8	616	64	18.1	0.03
14	9	826	19	20.55	3.17
14	10	498	61	0	0.03
14	11	796	68	10.79	0.03
14	12	710	16	3.39	3.17
14	13	139	52	7.57	0.03
14	14	973	73	0	0.03
14	15	260	5	11.49	3.17
14	16	770	18	0	3.17
14	17	670	65	0	0.03
14	18	855	20	18.3	3.17
14	19	413	59	9.98	0.03
14	20	50	50	19.6	1.6
14	21	203	53	10.04	0.03
14	22	534	12	0	3.17
14	23	240	54	10.73	0.03
14	24	169	3	11.94	3.17
14	25	875	70	15.77	0.03
14	26	117	1	12.98	3.17
14	27	855	70	5.64	0.03
14	28	891	71	4.97	0.03
14	29	780	68	10.79	0.03
14	30	519	61	0	0.03
14	31	216	4	23.69	3.17
14	32	106	1	12.98	3.17
14	33	827	69	10.19	0.03
14	34	945	72	3.91	0.03
14	35	493	11	0	3.17
14	36	185	53	12.94	0.03
14	37	460	60	5.75	0.03
14	38	50	29	18.22	1.6
14	39	695	66	12.75	0.03
15	0	214	54	3.81	0.03
15	1	956	73	0	0.03
15	2	601	63	22.39	0.03
15	3	273	5	25.94	3.17
15	4	127	1	12.8	3.17
15	5	896	21	12.61	3.17
15	6	855	70	16.31	0.03
15	7	489	61	10.08	0.03
15	8	630	64	14.47	0.03
15	9	815	19	10.17	3.17
15	10	499	61	1.61	0.03
15	11	805	69	8.9	0.03
15	12	701	16	9.59	3.17
15	13	151	52	11.06	0.03
15	14	973	73	0	0.03
15	15	242	4	17.07	3.17
15	16	768	18	1.57	3.17
15	17	673	65	2.82	0.03
15	18	845	20	10.17	3.17
15	19	416	59	3.39	0.03
15	20	50	50	21.28	0.03
15	21	203	53	0.27	0.03
15	22	532	12	2.58	3.17
15	23	242	54	2.08	0.03
15	24	149	2	19.62	3.17
15	25	891	71	15.94	0.03
15	26	102	1	14.93	3.17
15	27	871	70	16.31	0.03
15	28	907	71	15.94	0.03
15	29	789	68	8.9	0.03
15	30	523	62	3.98	0.03
15	31	189	3	26.86	3.17
15	32	84	0	22.2	3.17
15	33	838	70	11.42	0.03
15	34	950	72	5.38	0.03
15	35	485	11	7.09	3.17
15	36	185	53	0.27	0.03
15	37	460	60	0	0.03
15	38	50	50	20.68	1.6
15	39	702	66	6.79	0.03
16	0	226	54	12.37	0.03
16	1	958	73	2.27	0.03
16	2	601	63	0	0.03
16	3	255	5	17.82	3.17
16	4	126	1	1.63	3.17
16	5	881	21	15.27	3.17
16	6	871	70	16.21	0.03
16	7	497	61	7.95	0.03
16	8	630	64	0	0.03
16	9	805	19	10.66	3.17
16	10	507	61	7.95	0.03
16	11	816	69	11.69	0.03
16	12	691	16	9.76	3.17
16	13	169	53	18.12	0.03
16	14	976	73	2.86	0.03
16	15	219	4	23.81	3.17
16	16	763	18	5.4	3.17
16	17	673	65	0	0.03
16	18	826	19	19.22	3.17
16	19	416	59	0	0.03
16	20	71	50	21.36	0.03
16	21	203	53	0	0.03
16	22	532	12	0	3.17
16	23	257	55	14.67	0.03
16	24	148	2	1.63	3.17
16	25	907	71	16.89	0.03
16	26	84	0	17.66	3.17
16	27	887	71	16.21	0.03
16	28	924	72	16.89	0.03
16	29	795	68	5.59	0.03
16	30	530	62	7.17	0.03
16	31	187	3	1.63	3.17
16	32	51	0	33	3.17
16	33	854	70	16.21	0.03
16	34	953	72	2.27	0.03
16	35	478	10	7.7	3.17
16	36	192	53	6.41	0.03
16	37	464	60	3.43	0.03
16	38	50	50	33	0.03
16	39	702	66	0	0.03
17	0	246	55	20.31	0.03
17	1	958	73	0	0.03
17	2	613	64	12.48	0.03
17	3	242	4	12.97	3.17
17	4	126	1	0	3.17
17	5	876	20	4.27	3.17
17	6	880	71	8.09	0.03
17	7	505	61	8.25	0.03
17	8	640	64	9.59	0.03
17	9	784	18	20.26	3.17
17	10	515	61	8.25	0.03
17	11	817	69	0.88	0.03
17	12	674	15	16.84	3.17
17	13	169	53	0	0.03
17	14	982	73	5.91	0.03
17	15	219	4	0	3.17
17	16	754	17	9.18	3.17
17	17	685	66	11.85	0.03
17	18	806	19	20.26	3.17
17	19	421	59	5.06	0.03
17	20	96	51	25.23	0.03
17	21	203	53	0	0.03
17	22	532	12	0	3.17
17	23	279	55	22.8	0.03
17	24	148	2	0	3.17
17	25	907	71	0	0.03
17	26	62	0	22.31	3.17
17	27	895	71	8.09	0.03
17	28	924	72	0	0.03
17	29	804	69	9.61	0.03
17	30	533	62	2.97	0.03
17	31	187	3	0	3.17
17	32	51	0	27.76	3.17
17	33	862	70	8.09	0.03
17	34	953	72	0	0.03
17	35	478	10	0	3.17
17	36	192	53	0	0.03
17	37	470	60	6.31	0.03
17	38	75	50	25.23	0.03
17	39	702	66	0	0.03
18	0	265	55	18.52	0.03
18	1	958	73	0	0.03
18	2	629	64	16.32	0.03
18	3	239	4	2.93	3.17
18	4	125	1	0.93	3.17
18	5	872	20	4	3.17
18	6	880	71	0	0.03
18	7	505	61	0	0.03
18	8	652	65	12.35	0.03
18	9	784	18	0.37	3.17
18	10	515	61	0	0.03
18	11	817	69	0	0.03
18	12	648	15	25.94	3.17
18	13	172	53	3.25	0.03
18	14	994	73	12.26	0.03
18	15	216	4	2.93	3.17
18	16	753	17	0.37	3.17
18	17	685	66	0	0.03
18	18	805	19	0.37	3.17
18	19	439	59	17.77	0.03
18	20	129	52	33	0.03
18	21	207	53	3.45	0.03
18	22	530	12	1.62	3.17
18	23	298	56	18.52	0.03
18	24	137	2	10.77	3.17
18	25	909	71	1.81	0.03
18	26	51	0	26.36	3.17
18	27	895	71	0	0.03
18	28	924	72	0	0.03
18	29	808	69	3.39	0.03
18	30	537	62	3.78	0.03
18	31	180	3	7.64	3.17
18	32	50	29	29.39	1.6
18	33	862	70	0	0.03
18	34	953	72	0	0.03
18	35	478	10	0	3.17
18	36	195	53	3.45	0.03
18	37	485	61	15.15	0.03
18	38	94	51	18.89	0.03
18	39	702	66	0	0.03
19	0	283	55	18.55	0.03
19	1	960	73	1.32	0.03
19	2	634	64	4.74	0.03
19	3	239	4	0	3.17
19	4	111	1	13.61	3.17
19	5	867	20	5.4	3.17
19	6	880	71	0	0.03
19	7	511	61	5.39	0.03
19	8	657	65	4.74	0.03
19	9	774	18	9.89	3.17
19	10	521	61	5.39	0.03
19	11	828	69	11.27	0.03
19	12	616	14	32.48	3.17
19	13	178	53	5.64	0.03
19	14	995	74	6.26	0.03
19	15	205	3	10.56	3.17
19	16	753	17	0	3.17
19	17	690	66	4.74	0.03
19	18	793	18	12.08	3.17
19	19	450	60	10.97	0.03
19	20	135	52	5.64	0.03
19	21	217	54	10.01	0.03
19	22	518	11	12.14	3.17
19	23	312	56	13.78	0.03
19	24	123	1	13.61	3.17
19	25	909	71	0	0.03
19	26	50	29	29.26	1.6
19	27	895	71	0	0.03
19	28	924	72	0.04	0.03
19	29	816	69	8.49	0.03
19	30	546	62	9.75	0.03
19	31	163	2	16.75	3.17
19	32	50	50	29.26	1.6
19	33	862	70	0	0.03
19	34	954	72	1.32	0.03
19	35	465	10	12.62	3.17
19	36	200	53	4.29	0.03
19	37	491	61	5.39	0.03
19	38	99	51	5.64	0.03
19	39	702	66	0	0.03
20	0	303	56	19.19	0.03
20	1	969	73	9.62	0.03
20	2	634	64	0	0.03
20	3	239	4	0.41	3.17
20	4	91	1	20.4	3.17
20	5	867	20	0	3.17
20	6	880	71	0	0.03
20	7	511	61	0	0.03
20	8	657	65	0	0.03
20	9	764	18	10.44	3.17
20	10	529	62	8.55	0.03
20	11	828	69	0	0.03
20	12	593	13	22.42	3.17
20	13	181	53	3.88	0.03
20	14	995	63	10.19	4.74
20	15	203	3	2.4	3.17
20	16	743	17	10.44	3.17
20	17	690	66	0	0.03
20	18	783	18	10.44	3.17
20	19	452	60	2.16	0.03
20	20	141	52	6.19	0.03
20	21	217	54	0	0.03
20	22	517	11	0.69	3.17
20	23	336	57	24.35	0.03
20	24	117	1	6.32	3.17
20	25	909	71	0	0.03
20	26	50	50	29.5	1.6
20	27	895	71	0	0.03
20	28	926	72	2.39	0.03
20	29	818	69	1.57	0.03
20	30	565	63	18.94	0.03
20	31	157	2	6.32	3.17
20	32	50	50	33	0.03
20	33	862	70	0	0.03
20	34	954	72	0	0.03
20	35	461	10	3.83	3.17
20	36	206	53	6.61	0.03
20	37	497	61	6.37	0.03
20	38	108	51	8.39	0.03
20	39	702	66	0	0.03
21	0	331	57	28.09	0.03
21	1	985	73	16.1	0.03
21	2	634	64	0	0.03
21	3	239	4	0	3.17
21	4	66	0	24.38	3.17
21	5	863	20	4.11	3.17
21	6	880	71	0	0.03
21	7	522	61	11.19	0.03
21	8	661	65	4.05	0.03
21	9	748	17	15.34	3.17
21	10	547	62	17.54	0.03
21	11	840	70	11.02	0.03
21	12	574	13	18.99	3.17
21	13	195	53	14.05	0.03
21	14	995	42	21.2	4.74
21	15	199	3	3.33	3.17
21	16	729	17	14.26	3.17
21	17	690	66	0	0.03
21	18	783	18	0	3.17
21	19	452	60	0.32	0.03
21	20	145	52	4.6	0.03
21	21	227	54	9.88	0.03
21	22	513	11	4.55	3.17
21	23	362	57	25.78	0.03
21	24	117	1	0	3.17
21	25	909	71	0	0.03
21	26	50	50	28.86	0.03
21	27	900	71	5.24	0.03
21	28	926	72	0	0.03
21	29	820	69	2.22	0.03
21	30	581	63	15.28	0.03
21	31	157	2	0	3.17
21	32	57	50	7.21	0.03
21	33	862	70	0	0.03
21	34	954	72	0.36	0.03
21	35	446	10	14.96	3.17
21	36	216	54	9.88	0.03
21	37	508	61	11.19	0.03
21	38	115	51	7.21	0.03
21	39	702	66	0	0.03
22	0	355	57	24.18	0.03
22	1	994	73	8.42	0.03
22	2	644	65	10.28	0.03
22	3	227	4	11.78	3.17
22	4	51	0	29.14	3.17
22	5	849	20	13.62	3.17
22	6	889	71	9.54	0.03
22	7	530	62	8.3	0.03
22	8	671	65	9.74	0.03
22	9	722	17	26.44	3.17
22	10	570	63	22.66	0.03
22	11	846	70	6.4	0.03
22	12	547	12	27.07	3.17
22	13	212	54	16.9	0.03
22	14	996	32	9.76	4.74
22	15	190	3	9.76	3.17
22	16	702	16	26.44	3.17
22	17	690	66	0	0.03
22	18	772	18	10.82	3.17
22	19	455	60	2.51	0.03
22	20	145	52	0	0.03
22	21	244	54	16.9	0.03
22	22	513	11	0	3.17
22	23	392	58	29.85	0.03
22	24	117	1	0	3.17
22	25	916	71	6.36	0.03
22	26	51	50	1.5	0.03
22	27	900	71	0	0.03
22	28	926	72	0	0.03
22	29	828	69	8.06	0.03
22	30	604	64	23.06	0.03
22	31	157	2	0	3.17
22	32	58	50	1.5	0.03
22	33	870	70	7.63	0.03
22	34	958	73	3.34	0.03
22	35	423	9	23.33	3.17
22	36	233	54	16.9	0.03
22	37	517	61	8.3	0.03
22	38	115	51	0	0.03
22	39	702	66	0	0.03
23	0	355	57	0	0.03
23	1	995	74	13.33	0.03
23	2	649	65	4.46	0.03
23	3	214	4	12.71	3.17
23	4	50	16	16.24	1.6
23	5	825	19	23.97	3.17
23	6	889	71	0	0.03
23	7	539	62	9.03	0.03
23	8	675	65	4.46	0.03
23	9	706	16	16.14	3.17
23	10	584	63	14.44	0.03
23	11	846	70	0	0.03
23	12	532	12	14.85	3.17
23	13	231	54	18.46	0.03
23	14	996	24	21.66	4.74
23	15	189	3	0.25	3.17
23	16	669	15	33	3.17
23	17	694	66	4.46	0.03
23	18	750	17	22.5	3.17
23	19	455	60	0	0.03
23	20	145	52	0	0.03
23	21	264	55	20.02	0.03
23	22	513	11	0	3.17
23	23	392	58	0	0.03
23	24	106	1	10.82	3.17
23	25	918	72	2.48	0.03
23	26	57	50	6.43	0.03
23	27	900	71	0	0.03
23	28	926	72	0	0.03
23	29	828	69	0	0.03
23	30	608	64	4.46	0.03
23	31	144	2	12.93	3.17
23	32	69	50	10.37	0.03
23	33	870	70	0	0.03
23	34	974	73	16.02	0.03
23	35	390	8	33	3.17
23	36	251	55	18.46	0.03
23	37	526	62	9.03	0.03
23	38	120	51	5.14	0.03
23	39	702	66	0	0.03
24	0	355	57	0	0.03
24	1	995	71	2.89	4.74
24	2	649	65	0.61	0.03
24	3	214	4	0.23	3.17
24	4	50	41	24.93	1.6
24	5	798	19	26.84	3.17
24	6	889	71	0	0.03
24	7	554	62	15.1	0.03
24	8	675	65	0	0.03
24	9	695	16	11.08	3.17
24	10	594	63	10.43	0.03
24	11	849	70	3.02	0.03
24	12	532	12	0	3.17
24	13	250	55	18.72	0.03
24	14	996	24	12.24	3.17
24	15	189	3	0.23	3.17
24	16	636	14	33	3.17
24	17	694	66	0	0.03
24	18	739	17	11.08	3.17
24	19	456	60	1.56	0.03
24	20	146	52	0.31	0.03
24	21	282	55	18.72	0.03
24	22	513	11	0	3.17
24	23	393	58	1.27	0.03
24	24	93	1	13.34	3.17
24	25	920	72	1.52	0.03
24	26	67	50	9.56	0.03
24	27	900	71	0	0.03
24	28	926	72	0	0.03
24	29	828	69	0	0.03
24	30	612	64	3.81	0.03
24	31	137	2	6.29	3.17
24	32	78	50	9.56	0.03
24	33	873	70	3.2	0.03
24	34	977	73	2.89	0.03
24	35	357	7	33	3.17
24	36	270	55	18.72	0.03
24	37	537	62	11.55	0.03
24	38	126	51	6.4	0.03
24	39	702	66	0	0.03
25	0	356	57	1.36	0.03
25	1	995	67	3.98	4.74
25	2	649	65	0	0.03
25	3	213	4	1.08	3.17
25	4	50	50	33	1.6
25	5	765	18	33	3.17
25	6	897	71	8.04	0.03
25	7	576	63	22.06	0.03
25	8	681	66	5.61	0.03
25	9	675	15	19.4	3.17
25	10	611	64	16.53	0.03
25	11	860	70	11.33	0.03
25	12	526	12	6.26	3.17
25	13	265	55	15.28	0.03
25	14	975	23	20.33	3.17
25	15	183	3	6.53	3.17
25	16	603	14	33	3.17
25	17	697	66	3.03	0.03
25	18	728	17	10.36	3.17
25	19	461	60	4.7	0.03
25	20	146	52	0	0.03
25	21	304	56	21.6	0.03
25	22	513	11	0	3.17
25	23	393	58	0	0.03
25	24	79	0	14.07	3.17
25	25	931	72	11.18	0.03
25	26	86	50	19.28	0.03
25	27	906	71	5.35	0.03
25	28	937	72	11.18	0.03
25	29	828	69	0	0.03
25	30	628	64	16.53	0.03
25	31	119	1	18.61	3.17
25	32	97	51	19.28	0.03
25	33	877	71	3.69	0.03
25	34	987	73	9.84	0.03
25	35	332	7	25.06	3.17
25	36	292	56	21.6	0.03
25	37	559	62	22.06	0.03
25	38	126	51	0.05	0.03
25	39	705	66	3.03	0.03
26	0	367	58	11.11	0.03
26	1	995	66	0.35	4.74
26	2	652	65	2.28	0.03
26	3	213	4	0	3.17
26	4	50	50	33	0.03
26	5	759	17	6.51	3.17
26	6	907	71	9.58	0.03
26	7	583	63	7.16	0.03
26	8	681	66	0	0.03
26	9	652	15	23.38	3.17
26	10	618	64	7.16	0.03
26	11	864	70	3.49	0.03
26	12	526	12	0	3.17
26	13	278	55	12.97	0.03
26	14	946	22	29.32	3.17
26	15	178	3	4.76	3.17
26	16	570	13	33	3.17
26	17	697	66	0	0.03
26	18	722	17	6.51	3.17
26	19	469	60	8.06	0.03
26	20	158	52	12.09	0.03
26	21	324	56	19.68	0.03
26	22	513	11	0	3.17
26	23	393	58	0	0.03
26	24	52	0	26.85	3.17
26	25	931	72	0	0.03
26	26	86	50	0	0.03
26	27	915	71	9.58	0.03
26	28	937	72	0	0.03
26	29	832	69	3.92	0.03
26	30	631	64	2.28	0.03
26	31	105	1	13.52	3.17
26	32	97	51	0	0.03
26	33	878	71	1.34	0.03
26	34	995	74	9.97	0.03
26	35	304	6	27.61	3.17
26	36	311	56	19.68	0.03
26	37	566	63	7.16	0.03
26	38	126	51	0	0.03
26	39	705	66	0	0.03
27	0	367	58	0	0.03
27	1	995	53	12.87	4.74
27	2	652	65	0.3	0.03
27	3	213	4	0	3.17
27	4	50	50	0.78	0.03
27	5	745	17	14.28	3.17
27	6	911	71	4.68	0.03
27	7	594	63	10.23	0.03
27	8	688	66	7.64	0.03
27	9	619	14	33	3.17
27	10	623	64	5.09	0.03
27	11	874	70	10.56	0.03
27	12	525	12	1.46	3.17
27	13	293	56	15.21	0.03
27	14	913	21	33	3.17
27	15	168	2	10.34	3.17
27	16	569	13	1.46	3.17
27	17	697	66	0	0.03
27	18	713	16	8.4	3.17
27	19	488	61	18.83	0.03
27	20	174	53	16.61	0.03
27	21	324	56	0	0.03
27	22	509	11	3.21	3.17
27	23	393	58	0	0.03
27	24	51	0	31.54	3.17
27	25	936	72	4.9	0.03
27	26	87	50	0.78	0.03
27	27	920	72	4.68	0.03
27	28	942	72	4.9	0.03
27	29	840	70	7.76	0.03
27	30	631	64	0.3	0.03
27	31	79	0	25.78	3.17
27	32	98	51	0.78	0.03
27	33	891	71	12.8	0.03
27	34	995	63	10.82	4.74
27	35	273	5	31.44	3.17
27	36	311	56	0	0.03
27	37	575	63	9	0.03
27	38	127	51	0.3	0.03
27	39	715	66	10.07	0.03
28	0	372	58	5.05	0.03
28	1	996	31	22.52	4.74
28	2	652	65	0	0.03
28	3	213	4	0.16	3.17
28	4	50	50	0	0.03
28	5	732	17	12.94	3.17
28	6	911	71	0	0.03
28	7	605	64	11.52	0.03
28	8	696	66	7.33	0.03
28	9	613	14	5.53	3.17
28	10	624	64	0.63	0.03
28	11	874	70	0	0.03
28	12	521	11	3.38	3.17
28	13	296	56	2.65	0.03
28	14	887	21	26.6	3.17
28	15	148	2	19.75	3.17
28	16	563	13	5.53	3.17
28	17	705	66	7.33	0.03
28	18	706	16	7.32	3.17
28	19	514	61	25.95	0.03
28	20	192	53	17.3	0.03
28	21	336	57	11.9	0.03
28	22	505	11	4.12	3.17
28	23	400	58	7.39	0.03
28	24	50	33	33	1.6
28	25	936	72	0	0.03
28	26	91	51	3.61	0.03
28	27	920	72	0	0.03
28	28	942	72	0	0.03
28	29	855	70	15.52	0.03
28	30	632	64	0.63	0.03
28	31	51	0	33	3.17
28	32	98	51	0	0.03
28	33	891	71	0	0.03
28	34	995	57	5.53	4.74
28	35	273	5	0.16	3.17
28	36	314	56	2.65	0.03
28	37	585	63	10	0.03
28	38	129	52	1.78	0.03
28	39	728	67	13.14	0.03
29	0	381	58	8.17	0.03
29	1	996	24	19.08	4.74
29	2	652	65	0	0.03
29	3	200	3	12.89	3.17
29	4	59	50	9	0.03
29	5	731	17	1	3.17
29	6	915	71	3.75	0.03
29	7	605	64	0	0.03
29	8	701	66	4.82	0.03
29	9	595	13	18.39	3.17
29	10	624	64	0	0.03
29	11	878	71	3.34	0.03
29	12	516	11	5.09	3.17
29	13	299	56	3.54	0.03
29	14	854	20	33	3.17
29	15	131	2	16.47	3.17
29	16	552	12	10.92	3.17
29	17	709	66	4.64	0.03
29	18	705	16	1	3.17
29	19	547	62	33	0.03
29	20	219	54	27.17	0.03
29	21	356	57	20.46	0.03
29	22	489	11	15.99	3.17
29	23	413	59	12.59	0.03
29	24	50	50	33	1.6
29	25	936	72	0	0.03
29	26	91	51	0	0.03
29	27	921	72	0.66	0.03
29	28	945	72	2.59	0.03
29	29	858	70	3.34	0.03
29	30	632	64	0	0.03
29	31	50	25	25.87	1.6
29	32	98	51	0	0.03
29	33	891	71	0	0.03
29	34	995	57	0	4.74
29	35	268	5	4.89	3.17
29	36	314	56	0.41	0.03
29	37	592	63	6.83	0.03
29	38	136	52	7.54	0.03
29	39	754	67	25.89	0.03
30	0	381	58	0	0.03
30	1	996	24	29.09	3.17
30	2	660	65	7.79	0.03
30	3	175	3	24.89	3.17
30	4	77	50	17.26	0.03
30	5	719	16	12.13	3.17
30	6	921	72	5.56	0.03
30	7	612	64	7.23	0.03
30	8	716	66	15.77	0.03
30	9	568	13	26.97	3.17
30	10	632	64	8.21	0.03
30	11	882	71	4.16	0.03
30	12	506	11	10.34	3.17
30	13	303	56	4.16	0.03
30	14	821	19	33	3.17
30	15	114	1	17.31	3.17
30	16	536	12	16.07	3.17
30	17	726	67	16.63	0.03
30	18	694	16	10.54	3.17
30	19	548	62	0.63	0.03
30	20	240	54	21.04	0.03
30	21	356	57	0	0.03
30	22	469	10	19.82	3.17
30	23	434	59	21.59	0.03
30	24	50	50	33	0.03
30	25	940	72	4.49	0.03
30	26	98	51	7	0.03
30	27	926	72	5.56	0.03
30	28	945	72	0	0.03
30	29	858	70	0	0.03
30	30	642	65	10.44	0.03
30	31	50	38	13.03	1.6
30	32	105	51	7	0.03
30	33	899	71	7.64	0.03
30	34	995	49	8.59	4.74
30	35	268	5	0	3.17
30	36	319	56	4.16	0.03
30	37	593	63	0.63	0.03
30	38	148	52	11.85	0.03
30	39	776	68	21.92	0.03
31	0	381	58	0	0.03
31	1	963	23	33	3.17
31	2	660	65	0	0.03
31	3	148	2	26.78	3.17
31	4	84	50	7.52	0.03
31	5	719	16	0	3.17
31	6	926	72	5.39	0.03
31	7	612	64	0	0.03
31	8	730	67	13.48	0.03
31	9	555	12	13.1	3.17
31	10	632	64	0	0.03
31	11	891	71	9.36	0.03
31	12	493	11	13.1	3.17
31	13	304	56	0.72	0.03
31	14	788	18	33	3.17
31	15	94	1	20.01	3.17
31	16	523	12	13.1	3.17
31	17	752	67	26.36	0.03
31	18	694	16	0	3.17
31	19	560	62	12.79	0.03
31	20	241	54	0.72	0.03
31	21	365	58	8.53	0.03
31	22	441	9	28.08	3.17
31	23	450	60	15.14	0.03
31	24	57	50	7.52	0.03
31	25	940	72	0	0.03
31	26	109	51	11.43	0.03
31	27	932	72	5.39	0.03
31	28	951	72	5.93	0.03
31	29	861	70	3.03	0.03
31	30	642	65	0	0.03
31	31	50	41	2.84	1.6
31	32	117	51	11.43	0.03
31	33	904	71	5.39	0.03
31	34	995	48	0.55	4.74
31	35	268	5	0	3.17
31	36	322	56	3.73	0.03
31	37	593	63	0	0.03
31	38	164	52	16.06	0.03
31	39	799	69	23.11	0.03
32	0	381	58	0	0.03
32	1	930	22	33	3.17
32	2	666	65	6.63	0.03
32	3	115	1	33	3.17
32	4	92	51	8.37	0.03
32	5	717	16	1.55	3.17
32	6	929	72	3.27	0.03
32	7	612	64	0	0.03
32	8	753	67	23.08	0.03
32	9	535	12	19.59	3.17
32	10	634	64	1.77	0.03
32	11	894	71	3.27	0.03
32	12	469	10	23.71	3.17
32	13	309	56	4.74	0.03
32	14	765	18	22.77	3.17
32	15	70	0	23.65	3.17
32	16	513	11	10.18	3.17
32	17	777	68	25.26	0.03
32	18	694	16	0	3.17
32	19	569	63	8.63	0.03
32	20	243	54	2.67	0.03
32	21	365	58	0	0.03
32	22	408	9	33	3.17
32	23	471	60	21.68	0.03
32	24	65	50	8.37	0.03
32	25	951	72	10.61	0.03
32	26	123	51	13.95	0.03
32	27	935	72	3.27	0.03
32	28	966	73	15.3	0.03
32	29	861	70	0	0.03
32	30	642	65	0	0.03
32	31	50	50	10.77	1.6
32	32	136	52	18.96	0.03
32	33	907	71	3.27	0.03
32	34	995	48	0	4.74
32	35	268	5	0	3.17
32	36	328	57	5.26	0.03
32	37	600	63	7.58	0.03
32	38	188	53	24.45	0.03
32	39	828	69	28.86	0.03
33	0	381	58	0	0.03
33	1	897	21	33	3.17
33	2	672	65	5.33	0.03
33	3	93	1	21.72	3.17
33	4	95	51	2.39	0.03
33	5	713	16	3.76	3.17
33	6	931	72	1.21	0.03
33	7	612	64	0	0.03
33	8	754	67	1.13	0.03
33	9	535	12	0.92	3.17
33	10	640	65	6.62	0.03
33	11	894	71	0	0.03
33	12	458	10	11.17	3.17
33	13	312	56	3.67	0.03
33	14	761	18	3.76	3.17
33	15	51	0	21.72	3.17
33	16	512	11	0.92	3.17
33	17	779	68	1.13	0.03
33	18	694	16	0	3.17
33	19	583	63	13.76	0.03
33	20	258	55	15.06	0.03
33	21	365	58	0	0.03
33	22	375	8	33	3.17
33	23	504	61	33	0.03
33	24	65	50	0	0.03
33	25	959	73	8.19	0.03
33	26	126	51	2.71	0.03
33	27	936	72	1.21	0.03
33	28	971	73	4.57	0.03
33	29	863	70	1.13	0.03
33	30	649	65	6.62	0.03
33	31	50	50	12.75	0.03
33	32	154	52	18.28	0.03
33	33	909	71	2.07	0.03
33	34	995	37	11.23	4.74
33	35	268	5	0	3.17
33	36	339	57	11.68	0.03
33	37	600	63	0	0.03
33	38	216	54	27.35	0.03
33	39	829	69	1.13	0.03
34	0	389	58	8.69	0.03
34	1	864	20	33	3.17
34	2	679	65	7.01	0.03
34	3	76	0	17.64	3.17
34	4	103	51	8.11	0.03
34	5	713	16	0	3.17
34	6	935	72	4.22	0.03
34	7	612	64	0	0.03
34	8	754	67	0	0.03
34	9	535	12	0	3.17
34	10	647	65	7.01	0.03
34	11	894	71	0	0.03
34	12	449	10	9.16	3.17
34	13	313	56	0.49	0.03
34	14	756	17	5.17	3.17
34	15	50	17	17.64	1.6
34	16	511	11	1.42	3.17
34	17	779	68	0	0.03
34	18	694	16	0	3.17
34	19	583	63	0	0.03
34	20	275	55	16.12	0.03
34	21	373	58	8.69	0.03
34	22	342	7	33	3.17
34	23	537	62	33	0.03
34	24	67	50	1.98	0.03
34	25	974	73	15.45	0.03
34	26	135	52	9.33	0.03
34	27	944	72	7.73	0.03
34	28	986	73	15.45	0.03
34	29	870	70	7.14	0.03
34	30	656	65	7.01	0.03
34	31	58	50	8.71	0.03
34	32	180	53	26.61	0.03
34	33	909	71	0	0.03
34	34	996	24	14.86	4.74
34	35	267	5	0.98	3.17
34	36	348	57	8.26	0.03
34	37	600	63	0	0.03
34	38	232	54	16.12	0.03
34	39	839	70	9.62	0.03
35	0	389	58	0	0.03
35	1	831	19	33	3.17
35	2	687	66	8.29	0.03
35	3	51	0	24.65	3.17
35	4	115	51	12.27	0.03
35	5	713	16	0	3.17
35	6	935	72	0	0.03
35	7	623	64	10.5	0.03
35	8	759	68	5.1	0.03
35	9	524	12	10.61	3.17
35	10	647	65	0	0.03
35	11	898	71	3.17	0.03
35	12	449	10	0	3.17
35	13	326	57	13.19	0.03
35	14	741	17	15	3.17
35	15	50	45	27.62	1.6
35	16	497	11	14.19	3.17
35	17	779	68	0	0.03
35	18	694	16	0	3.17
35	19	583	63	0	0.03
35	20	286	56	11.91	0.03
35	21	373	58	0	0.03
35	22	309	6	33	3.17
35	23	537	62	0	0.03
35	24	67	50	0	0.03
35	25	980	73	6.05	0.03
35	26	151	52	16.15	0.03
35	27	946	72	1.71	0.03
35	28	993	73	6.42	0.03
35	29	873	70	3.17	0.03
35	30	656	65	0	0.03
35	31	58	50	0	0.03
35	32	213	54	33	0.03
35	33	912	71	3	0.03
35	34	996	24	15.61	3.17
35	35	267	5	0	3.17
35	36	348	57	0	0.03
35	37	602	64	1.54	0.03
35	38	259	55	26.89	0.03
35	39	855	70	16.25	0.03
36	0	389	58	0	0.03
36	1	808	19	23.18	3.17
36	2	696	66	9.35	0.03
36	3	51	0	11.65	3.17
36	4	140	52	24.76	0.03
36	5	713	16	0	3.17
36	6	935	72	0	0.03
36	7	626	64	3.1	0.03
36	8	763	68	4.16	0.03
36	9	523	12	0.82	3.17
36	10	651	65	3.1	0.03
36	11	903	71	5.49	0.03
36	12	436	9	12.55	3.17
36	13	328	57	1.48	0.03
36	14	741	17	0	3.17
36	15	50	50	33	1.6
36	16	474	10	22.53	3.17
36	17	791	68	12.28	0.03
36	18	694	16	0	3.17
36	19	583	63	0	0.03
36	20	302	56	15.27	0.03
36	21	373	58	0	0.03
36	22	304	6	5.7	3.17
36	23	537	62	0	0.03
36	24	67	50	0	0.03
36	25	987	73	6.9	0.03
36	26	170	53	18.98	0.03
36	27	952	72	6.65	0.03
36	28	995	74	14	0.03
36	29	887	71	14.29	0.03
36	30	659	65	3.1	0.03
36	31	61	50	3.04	0.03
36	32	229	54	15.27	0.03
36	33	918	72	5.49	0.03
36	34	968	23	28	3.17
36	35	261	5	5.7	3.17
36	36	349	57	1.48	0.03
36	37	607	64	4.91	0.03
36	38	274	55	15.27	0.03
36	39	864	70	9.12	0.03
37	0	401	58	11.39	0.03
37	1	783	18	24.97	3.17
37	2	717	66	20.6	0.03
37	3	50	14	14.79	1.6
37	4	169	53	29.05	0.03
37	5	713	16	0	3.17
37	6	940	72	5.36	0.03
37	7	634	64	7.98	0.03
37	8	773	68	9.49	0.03
37	9	523	12	0	3.17
37	10	658	65	7.15	0.03
37	11	903	71	0.32	0.03
37	12	421	9	15.04	3.17
37	13	332	57	3.88	0.03
37	14	741	17	0	3.17
37	15	50	50	33	0.03
37	16	459	10	15.04	3.17
37	17	798	69	6.97	0.03
37	18	692	16	2.29	3.17
37	19	583	63	0	0.03
37	20	306	56	3.88	0.03
37	21	376	58	2.64	0.03
37	22	304	6	0	3.17
37	23	542	62	5.09	0.03
37	24	69	50	2	0.03
37	25	995	74	11.26	0.03
37	26	200	53	29.81	0.03
37	27	958	73	5.36	0.03
37	28	995	62	11.26	4.74
37	29	891	71	4.21	0.03
37	30	669	65	9.88	0.03
37	31	61	50	0	0.03
37	32	247	55	18.32	0.03
37	33	918	72	0.32	0.03
37	34	936	22	31.74	3.17
37	35	244	4	17.35	3.17
37	36	349	57	0	0.03
37	37	607	64	0	0.03
37	38	278	55	3.88	0.03
37	39	876	70	12.04	0.03
38	0	419	59	18.27	0.03
38	1	783	18	0	3.17
38	2	740	67	23.01	0.03
38	3	50	36	21.9	1.6
38	4	189	53	20.02	0.03
38	5	707	16	6.09	3.17
38	6	947	72	6.37	0.03
38	7	646	65	12.22	0.03
38	8	773	68	0.11	0.03
38	9	519	11	4.47	3.17
38	10	670	65	12.22	0.03
38	11	903	71	0	0.03
38	12	399	8	22.64	3.17
38	13	335	57	3.28	0.03
38	14	741	17	0	3.17
38	15	55	50	5.5	0.03
38	16	440	9	18.76	3.17
38	17	813	69	15.71	0.03
38	18	689	16	2.94	3.17
38	19	583	63	0	0.03
38	20	306	56	0	0.03
38	21	386	58	10.08	0.03
38	22	298	6	5.62	3.17
38	23	560	62	17.92	0.03
38	24	82	50	12.86	0.03
38	25	995	56	17.83	4.74
38	26	218	54	17.53	0.03
38	27	974	73	16.23	0.03
38	28	995	44	17.83	4.74
38	29	895	71	3.17	0.03
38	30	681	66	12.22	0.03
38	31	67	50	5.5	0.03
38	32	247	55	0	0.03
38	33	921	72	2.43	0.03
38	34	903	21	32.74	3.17
38	35	218	4	26.24	3.17
38	36	360	57	11.4	0.03
38	37	607	64	0	0.03
38	38	278	55	0	0.03
38	39	879	71	3.17	0.03
39	0	450	60	30.87	0.03
39	1	783	18	0	3.17
39	2	740	67	0	0.03
39	3	50	50	24.88	1.6
39	4	201	53	11.77	0.03
39	5	705	16	1.91	3.17
39	6	963	73	16.6	0.03
39	7	648	65	1.56	0.03
39	8	773	68	0	0.03
39	9	515	11	4.01	3.17
39	10	689	66	19.42	0.03
39	11	912	71	8.4	0.03
39	12	387	8	11.2	3.17
39	13	350	57	15.43	0.03
39	14	741	17	0	3.17
39	15	66	50	11.18	0.03
39	16	429	9	11.2	3.17
39	17	831	69	17.7	0.03
39	18	675	15	14.01	3.17
39	19	583	63	0.71	0.03
39	20	309	56	3.51	0.03
39	21	401	58	15.39	0.03
39	22	291	6	6.98	3.17
39	23	561	62	0.71	0.03
39	24	103	51	20.82	0.03
39	25	995	42	14.15	4.74
39	26	218	54	0	0.03
39	27	988	73	13.8	0.03
39	28	996	30	14.15	4.74
39	29	897	71	2.6	0.03
39	30	703	66	22.31	0.03
39	31	78	50	11.66	0.03
39	32	247	55	0	0.03
39	33	931	72	10.14	0.03
39	34	870	20	33	3.17
39	35	190	3	27.42	3.17
39	36	376	58	15.39	0.03
39	37	607	64	0	0.03
39	38	278	55	0	0.03
39	39	881	71	1.53	0.03
40	0	478	60	28.36	0.03
40	1	783	18	0	3.17
40	2	747	67	6.46	0.03
40	3	50	50	33	0.03
40	4	201	53	0.05	0.03
40	5	699	16	5.99	3.17
40	6	980	73	17.19	0.03
40	7	652	65	4.2	0.03
40	8	784	68	10.66	0.03
40	9	504	11	10.87	3.17
40	10	702	66	12.84	0.03
40	11	912	71	0	0.03
40	12	367	8	20.91	3.17
40	13	369	58	19.01	0.03
40	14	733	17	7.45	3.17
40	15	81	50	14.77	0.03
40	16	415	9	14.19	3.17
40	17	850	70	18.72	0.03
40	18	658	15	17.46	3.17
40	19	591	63	7.52	0.03
40	20	310	56	1.29	0.03
40	21	417	59	15.99	0.03
40	22	279	5	12.05	3.17
40	23	561	62	0.26	0.03
40	24	119	51	15.96	0.03
40	25	996	24	18.82	4.74
40	26	218	54	0	0.03
40	27	995	74	24.99	0.03
40	28	996	24	18.82	4.74
40	29	897	71	0	0.03
40	30	716	66	12.84	0.03
40	31	98	51	19.28	0.03
40	32	247	55	0.31	0.03
40	33	944	72	13.49	0.03
40	34	837	19	33	3.17
40	35	161	2	28.87	3.17
40	36	392	58	15.99	0.03
40	37	617	64	10.26	0.03
40	38	289	56	11.61	0.03
40	39	884	71	3.2	0.03
41	0	511	61	33	0.03
41	1	782	18	0.33	3.17
41	2	749	67	2.91	0.03
41	3	53	50	3.63	0.03
41	4	204	53	3.23	0.03
41	5	688	16	11.51	3.17
41	6	995	74	25.92	0.03
41	7	666	65	13.57	0.03
41	8	801	69	17.44	0.03
41	9	492	11	11.86	3.17
41	10	718	66	15.37	0.03
41	11	912	71	0	0.03
41	12	337	7	29.26	3.17
41	13	375	58	5.42	0.03
41	14	732	17	1.21	3.17
41	15	85	50	3.63	0.03
41	16	411	9	3.52	3.17
41	17	850	70	0	0.03
41	18	639	14	18.36	3.17
41	19	591	63	0.42	0.03
41	20	318	56	7.74	0.03
41	21	444	60	27.13	0.03
41	22	277	5	2.17	3.17
41	23	561	62	0	0.03
41	24	123	51	3.63	0.03
41	25	996	24	10.26	3.17
41	26	221	54	3.23	0.03
41	27	995	63	10.26	4.74
41	28	996	24	31.44	3.17
41	29	897	71	0	0.03
41	30	731	67	15.37	0.03
41	31	101	51	3.63	0.03
41	32	247	55	0	0.03
41	33	965	73	20.54	0.03
41	34	837	19	0.33	3.17
41	35	132	2	28.91	3.17
41	36	397	58	5.42	0.03
41	37	617	64	0.42	0.03
41	38	301	56	11.33	0.03
41	39	884	71	0	0.03
42	0	535	62	24.02	0.03
42	1	771	18	11.46	3.17
42	2	757	67	7.56	0.03
42	3	65	50	12.25	0.03
42	4	212	54	7.7	0.03
42	5	667	15	20.88	3.17
42	6	995	54	19.95	4.74
42	7	682	66	16.04	0.03
42	8	811	69	9.7	0.03
42	9	474	10	17.96	3.17
42	10	725	67	7.56	0.03
42	11	923	72	11.23	0.03
42	12	304	6	33	3.17
42	13	385	58	10.83	0.03
42	14	721	17	10.87	3.17
42	15	88	50	3.76	0.03
42	16	406	9	5.68	3.17
42	17	860	70	10.51	0.03
42	18	612	14	27.28	3.17
42	19	591	63	0	0.03
42	20	331	57	12.77	0.03
42	21	459	60	14.24	0.03
42	22	264	5	12.69	3.17
42	23	561	62	0	0.03
42	24	137	52	14.56	0.03
42	25	978	23	17.91	3.17
42	26	221	54	0.53	0.03
42	27	995	43	19.95	4.74
42	28	966	23	29.35	3.17
42	29	897	71	0	0.03
42	30	739	67	7.56	0.03
42	31	114	51	13	0.03
42	32	253	55	6.12	0.03
42	33	978	73	13.32	0.03
42	34	830	19	7.15	3.17
42	35	105	1	27.03	3.17
42	36	397	58	0	0.03
42	37	617	64	0	0.03
42	38	312	56	11.01	0.03
42	39	884	71	0	0.03
43	0	545	62	10.28	0.03
43	1	758	17	12.55	3.17
43	2	769	68	11.94	0.03
43	3	78	50	13.04	0.03
43	4	215	54	3.7	0.03
43	5	638	14	29.14	3.17
43	6	996	27	26.86	4.74
43	7	682	66	0	0.03
43	8	823	69	12.25	0.03
43	9	448	10	26.17	3.17
43	10	725	67	0	0.03
43	11	945	72	22.31	0.03
43	12	284	5	20.21	3.17
43	13	385	58	0	0.03
43	14	709	16	12.22	3.17
43	15	101	51	13.04	0.03
43	16	398	8	7.63	3.17
43	17	871	70	10.83	0.03
43	18	583	13	28.6	3.17
43	19	601	64	9.91	0.03
43	20	348	57	16.73	0.03
43	21	474	60	14.96	0.03
43	22	244	4	20.21	3.17
43	23	571	63	10.28	0.03
43	24	155	52	18.25	0.03
43	25	951	22	27.1	3.17
43	26	225	54	3.7	0.03
43	27	996	24	26.86	4.74
43	28	933	22	33	3.17
43	29	907	71	10.26	0.03
43	30	751	67	11.89	0.03
43	31	133	52	18.56	0.03
43	32	273	55	19.06	0.03
43	33	995	74	17.91	0.03
43	34	819	19	10.38	3.17
43	35	75	0	30.63	3.17
43	36	397	58	0	0.03
43	37	617	64	0	0.03
43	38	324	56	12.69	0.03
43	39	884	71	0	0.03
44	0	556	62	10.82	0.03
44	1	748	17	10.64	3.17
44	2	791	68	21.72	0.03
44	3	86	50	7.4	0.03
44	4	219	54	3.92	0.03
44	5	605	14	32.62	3.17
44	6	996	24	16.22	4.74
44	7	687	66	5.03	0.03
44	8	840	70	16.9	0.03
44	9	446	10	1.57	3.17
44	10	727	67	2.3	0.03
44	11	971	73	25.69	0.03
44	12	255	5	28.71	3.17
44	13	389	58	3.44	0.03
44	14	696	16	13.56	3.17
44	15	105	51	4.02	0.03
44	16	396	8	1.57	3.17
44	17	871	70	0	0.03
44	18	559	12	24.72	3.17
44	19	604	64	2.91	0.03
44	20	368	58	20.05	0.03
44	21	489	61	15.83	0.03
44	22	212	4	32.23	3.17
44	23	585	63	13.62	0.03
44	24	161	52	5.68	0.03
44	25	932	22	19.06	3.17
44	26	225	54	0	0.03
44	27	996	24	16.22	3.17
44	28	900	21	33	3.17
44	29	925	72	17.58	0.03
44	30	759	68	8.63	0.03
44	31	141	52	8.36	0.03
44	32	299	56	26.93	0.03
44	33	995	57	16.22	4.74
44	34	814	19	5.66	3.17
44	35	51	0	33	3.17
44	36	407	59	10.13	0.03
44	37	620	64	2.91	0.03
44	38	344	57	19.05	0.03
44	39	884	71	0	0.03
45	0	562	63	5.66	0.03
45	1	745	17	2.37	3.17
45	2	791	68	0	0.03
45	3	86	50	0	0.03
45	4	219	54	0	0.03
45	5	585	13	19.83	3.17
45	6	996	24	26.37	3.17
45	7	698	66	11.66	0.03
45	8	840	70	0	0.03
45	9	434	9	12.67	3.17
45	10	739	67	11.31	0.03
45	11	995	74	33	0.03
45	12	230	4	25.22	3.17
45	13	398	58	9.45	0.03
45	14	678	15	17.79	3.17
45	15	105	51	0	0.03
45	16	394	8	2.27	3.17
45	17	871	70	0	0.03
45	18	530	12	28.41	3.17
45	19	613	64	8.5	0.03
45	20	377	58	9.45	0.03
45	21	500	61	10.39	0.03
45	22	191	3	20.49	3.17
45	23	594	63	8.5	0.03
45	24	161	52	0	0.03
45	25	907	21	25.13	3.17
45	26	225	54	0	0.03
45	27	968	23	27.85	3.17
45	28	867	20	33	3.17
45	29	955	73	30.18	0.03
45	30	759	68	0	0.03
45	31	145	52	3.57	0.03
45	32	321	56	21.97	0.03
45	33	995	52	5.52	4.74
45	34	798	18	16.26	3.17
45	35	50	27	27.75	1.6
45	36	422	59	14.72	0.03
45	37	632	64	11.54	0.03
45	38	356	57	12.45	0.03
45	39	888	71	3.76	0.03
46	0	571	63	9.38	0.03
46	1	731	17	13.98	3.17
46	2	791	68	0	0.03
46	3	94	51	8.47	0.03
46	4	222	54	2.68	0.03
46	5	557	12	28.07	3.17
46	6	980	23	15.45	3.17
46	7	719	67	21.03	0.03
46	8	840	70	0.37	0.03
46	9	419	9	15.03	3.17
46	10	744	67	5.35	0.03
46	11	995	72	1.94	4.74
46	12	200	3	30.1	3.17
46	13	409	59	10.49	0.03
46	14	656	15	22.09	3.17
46	15	108	51	2.17	0.03
46	16	384	8	10.63	3.17
46	17	877	71	6.16	0.03
46	18	497	11	32.92	3.17
46	19	613	64	0.77	0.03
46	20	391	58	13.48	0.03
46	21	513	61	13.28	0.03
46	22	164	2	27.55	3.17
46	23	594	63	0.77	0.03
46	24	161	52	0	0.03
46	25	886	21	21.07	3.17
46	26	228	54	2.68	0.03
46	27	939	22	28.93	3.17
46	28	834	19	33	3.17
46	29	988	73	33	0.03
46	30	759	68	0	0.03
46	31	145	52	0	0.03
46	32	335	57	13.28	0.03
46	33	995	50	1.94	4.74
46	34	769	18	28.91	3.17
46	35	50	50	24.13	1.6
46	36	442	59	19.67	0.03
46	37	633	64	0.77	0.03
46	38	369	58	13.28	0.03
46	39	898	71	9.83	0.03
47	0	585	63	13.95	0.03
47	1	721	17	10.33	3.17
47	2	794	68	2.98	0.03
47	3	95	51	0.28	0.03
47	4	226	54	3.93	0.03
47	5	524	12	33	3.17
47	6	953	22	27.54	3.17
47	7	730	67	10.55	0.03
47	8	853	70	12.97	0.03
47	9	400	8	18.38	3.17
47	10	755	67	10.55	0.03
47	11	995	68	3.12	4.74
47	12	180	3	20.18	3.17
47	13	429	59	19.88	0.03
47	14	640	14	15.68	3.17
47	15	108	51	0.28	0.03
47	16	364	7	19.28	3.17
47	17	894	71	16.17	0.03
47	18	464	10	33	3.17
47	19	621	64	7.13	0.03
47	20	409	59	17.98	0.03
47	21	531	62	17.91	0.03
47	22	144	2	20.18	3.17
47	23	606	64	11.23	0.03
47	24	172	53	10.44	0.03
47	25	857	20	28.8	3.17
47	26	232	54	3.93	0.03
47	27	906	21	33	3.17
47	28	808	19	26.31	3.17
47	29	995	74	31.09	0.03
47	30	770	68	10.55	0.03
47	31	152	52	6.99	0.03
47	32	340	57	5.49	0.03
47	33	995	46	4.01	4.74
47	34	758	17	10.33	3.17
47	35	50	50	33	0.03
47	36	463	60	20.93	0.03
47	37	633	64	0	0.03
47	38	374	58	4.6	0.03
47	39	918	72	20.03	0.03
48	0	599	63	13.67	0.03
48	1	717	16	4.08	3.17
48	2	800	69	6.73	0.03
48	3	103	51	8.54	0.03
48	4	233	54	7.31	0.03
48	5	491	11	33	3.17
48	6	949	22	4.08	3.17
48	7	743	67	12.99	0.03
48	8	857	70	3.8	0.03
48	9	370	8	30.23	3.17
48	10	761	68	6.78	0.03
48	11	995	68	0	4.74
48	12	148	2	32.34	3.17
48	13	450	60	21.63	0.03
48	14	625	14	14.9	3.17
48	15	119	51	11.6	0.03
48	16	332	7	32.16	3.17
48	17	914	71	20.54	0.03
48	18	444	9	20.62	3.17
48	19	631	64	10.45	0.03
48	20	428	59	19.01	0.03
48	21	561	62	30.31	0.03
48	22	111	1	33	3.17
48	23	616	64	10.45	0.03
48	24	192	53	20.94	0.03
48	25	853	20	4.08	3.17
48	26	239	54	7.31	0.03
48	27	902	21	4.08	3.17
48	28	804	19	4.08	3.17
48	29	995	74	0	4.74
48	30	777	68	6.73	0.03
48	31	161	52	9.67	0.03
48	32	340	57	0	0.03
48	33	995	46	0	4.74
48	34	754	17	4.08	3.17
48	35	71	50	21.97	0.03
48	36	484	61	21.63	0.03
48	37	643	65	10.45	0.03
48	38	386	58	12.01	0.03
48	39	949	72	31.77	0.03
49	0	608	64	9.21	0.03
49	1	710	16	7.3	3.17
49	2	807	69	6.22	0.03
49	3	103	51	0	0.03
49	4	242	54	9.11	0.03
49	5	480	10	11.44	3.17
49	6	936	22	13.09	3.17
49	7	744	67	1.38	0.03
49	8	860	70	3.3	0.03
49	9	337	7	33	3.17
49	10	763	68	1.38	0.03
49	11	995	68	0	4.74
49	12	115	1	33	3.17
49	13	474	60	23.55	0.03
49	14	601	13	24.49	3.17
49	15	125	51	5.09	0.03
49	16	303	6	28.67	3.17
49	17	937	72	23.35	0.03
49	18	432	9	11.44	3.17
49	19	647	65	15.98	0.03
49	20	451	60	23.55	0.03
49	21	571	63	9.21	0.03
49	22	78	0	33	3.17
49	23	629	64	13.37	0.03
49	24	213	54	20.78	0.03
49	25	838	20	14.7	3.17
49	26	248	55	9.11	0.03
49	27	902	21	0	3.17
49	28	791	18	12.71	3.17
49	29	995	74	0	4.74
49	30	786	68	9.74	0.03
49	31	179	53	17.17	0.03
49	32	343	57	2.69	0.03
49	33	995	46	0.25	4.74
49	34	737	17	17.03	3.17
49	35	87	50	15.56	0.03
49	36	508	61	23.55	0.03
49	37	659	65	15.98	0.03
49	38	388	58	2.63	0.03
49	39	982	73	33	0.03
50	0	621	64	12.55	0.03
50	1	700	16	9.77	3.17
50	2	811	69	4.1	0.03
50	3	113	51	10.16	0.03
50	4	258	55	15.82	0.03
50	5	457	10	23.28	3.17
50	6	922	22	13.76	3.17
50	7	744	67	0	0.03
50	8	871	70	11.05	0.03
50	9	317	6	20.18	3.17
50	10	763	68	0	0.03
50	11	995	58	10.9	4.74
50	12	82	0	33	3.17
50	13	489	61	15.32	0.03
50	14	589	13	11.65	3.17
50	15	132	52	7.81	0.03
50	16	270	5	33	3.17
50	17	955	72	17.24	0.03
50	18	416	9	16.9	3.17
50	19	661	65	13.49	0.03
50	20	466	60	15.32	0.03
50	21	571	63	0.26	0.03
50	22	51	0	33	3.17
50	23	643	65	13.49	0.03
50	24	224	54	11.24	0.03
50	25	822	19	15.61	3.17
50	26	265	55	16.63	0.03
50	27	892	21	10.17	3.17
50	28	773	18	18.18	3.17
50	29	995	74	0	4.74
50	30	791	68	4.1	0.03
50	31	198	53	19	0.03
50	32	343	57	0	0.03
50	33	995	46	0	4.74
50	34	727	17	9.77	3.17
50	35	97	51	10.16	0.03
50	36	532	62	23.98	0.03
50	37	673	65	13.49	0.03
50	38	402	58	13.89	0.03
50	39	995	74	33	0.03
51	0	631	64	10.55	0.03
51	1	689	16	10.48	3.17
51	2	811	69	0.64	0.03
51	3	126	51	12.36	0.03
51	4	280	55	21.72	0.03
51	5	444	9	12.82	3.17
51	6	903	21	19	3.17
51	7	756	67	12.11	0.03
51	8	883	71	11.94	0.03
51	9	309	6	7.67	3.17
51	10	770	68	6.83	0.03
51	11	995	57	0.14	4.74
51	12	51	0	32.19	3.17
51	13	497	61	7.41	0.03
51	14	564	13	24.58	3.17
51	15	145	52	12.36	0.03
51	16	237	4	33	3.17
51	17	972	73	17.4	0.03
51	18	396	8	19.3	3.17
51	19	678	65	17.89	0.03
51	20	472	60	5.76	0.03
51	21	578	63	7.41	0.03
51	22	50	33	33	1.6
51	23	661	65	17.89	0.03
51	24	240	54	15.44	0.03
51	25	804	19	18.79	3.17
51	26	286	56	21.72	0.03
51	27	873	20	19	3.17
51	28	762	18	11.66	3.17
51	29	995	74	0	4.74
51	30	791	68	0	0.03
51	31	206	53	8.66	0.03
51	32	345	57	2.58	0.03
51	33	995	45	0.14	4.74
51	34	716	16	11.66	3.17
51	35	110	51	12.36	0.03
51	36	539	62	7.41	0.03
51	37	690	66	17.89	0.03
51	38	417	59	15.02	0.03
51	39	995	74	0	4.74
52	0	631	64	0	0.03
52	1	680	16	9.23	3.17
52	2	818	69	7.13	0.03
52	3	126	51	0.32	0.03
52	4	299	56	19.22	0.03
52	5	425	9	19.19	3.17
52	6	893	21	10.19	3.17
52	7	765	68	8.6	0.03
52	8	896	71	12.9	0.03
52	9	301	6	7.88	3.17
52	10	778	68	8.6	0.03
52	11	995	57	0	4.74
52	12	50	33	33	1.6
52	13	511	61	14.29	0.03
52	14	531	12	33	3.17
52	15	145	52	0.32	0.03
52	16	204	3	33	3.17
52	17	995	74	23.17	0.03
52	18	367	8	29.22	3.17
52	19	685	66	6.57	0.03
52	20	485	61	12.49	0.03
52	21	590	63	11.27	0.03
52	22	50	50	33	1.6
52	23	667	65	6.57	0.03
52	24	260	55	20.49	0.03
52	25	785	18	18.94	3.17
52	26	319	56	32.26	0.03
52	27	863	20	10.19	3.17
52	28	749	17	12.43	3.17
52	29	995	74	0	4.74
52	30	791	68	0	0.03
52	31	215	54	8.7	0.03
52	32	353	57	7.44	0.03
52	33	996	33	12.41	4.74
52	34	705	16	10.38	3.17
52	35	110	51	0.32	0.03
52	36	549	62	9.94	0.03
52	37	713	66	22.58	0.03
52	38	435	59	17.73	0.03
52	39	995	74	0	4.74
53	0	633	64	1.47	0.03
53	1	675	15	4.92	3.17
53	2	828	69	9.57	0.03
53	3	134	52	8.45	0.03
53	4	316	56	16.78	0.03
53	5	404	8	20.03	3.17
53	6	889	21	3.96	3.17
53	7	773	68	8.31	0.03
53	8	919	72	22.88	0.03
53	9	282	5	19.5	3.17
53	10	783	68	4.55	0.03
53	11	995	47	10.8	4.74
53	12	50	50	31.73	1.6
53	13	532	62	20.71	0.03
53	14	511	11	20.12	3.17
53	15	156	52	10.84	0.03
53	16	173	3	31.7	3.17
53	17	995	74	0	4.74
53	18	334	7	33	3.17
53	19	699	66	13.66	0.03
53	20	502	61	17.18	0.03
53	21	605	64	15.95	0.03
53	22	50	50	31.73	0.03
53	23	668	65	0.48	0.03
53	24	277	55	16.78	0.03
53	25	769	18	15.93	3.17
53	26	335	57	16.78	0.03
53	27	840	20	22.34	3.17
53	28	731	17	18	3.17
53	29	995	62	11.43	4.74
53	30	796	68	5.27	0.03
53	31	235	54	20.04	0.03
53	32	370	58	16.78	0.03
53	33	996	28	4.73	4.74
53	34	705	16	0.38	3.17
53	35	120	51	9.95	0.03
53	36	566	63	16.5	0.03
53	37	731	67	18.09	0.03
53	38	442	59	7.03	0.03
53	39	995	74	0	4.74
54	0	633	64	0	0.03
54	1	663	15	12.54	3.17
54	2	828	69	0.42	0.03
54	3	150	52	15.9	0.03
54	4	328	57	12.34	0.03
54	5	392	8	12.59	3.17
54	6	889	21	0	3.17
54	7	777	68	3.57	0.03
54	8	952	72	32.77	0.03
54	9	274	5	7.65	3.17
54	10	795	68	12.06	0.03
54	11	995	47	0	4.74
54	12	50	50	33	0.03
54	13	539	62	6.96	0.03
54	14	484	11	27.72	3.17
54	15	167	52	11.1	0.03
54	16	140	2	33	3.17
54	17	995	74	0	4.74
54	18	326	7	7.65	3.17
54	19	718	66	19.72	0.03
54	20	509	61	6.96	0.03
54	21	612	64	6.96	0.03
54	22	79	50	29.63	0.03
54	23	668	65	0	0.03
54	24	282	55	4.53	0.03
54	25	751	17	17.68	3.17
54	26	349	57	13.75	0.03
54	27	811	19	29.53	3.17
54	28	725	17	6.14	3.17
54	29	995	62	0	4.74
54	30	807	69	11.54	0.03
54	31	256	55	21.01	0.03
54	32	395	58	25.75	0.03
54	33	996	28	0	4.74
54	34	705	16	0	3.17
54	35	136	52	15.9	0.03
54	36	573	63	6.96	0.03
54	37	745	67	14.38	0.03
54	38	454	60	11.68	0.03
54	39	995	74	0	4.74
55	0	633	64	0	0.03
55	1	654	15	8.28	3.17
55	2	841	70	12.2	0.03
55	3	167	52	16.61	0.03
55	4	334	57	6.28	0.03
55	5	371	8	21.15	3.17
55	6	887	21	2.08	3.17
55	7	781	68	4.6	0.03
55	8	985	73	33	0.03
55	9	259	5	14.73	3.17
55	10	807	69	12.2	0.03
55	11	995	47	0	4.74
55	12	82	50	33	0.03
55	13	550	62	11	0.03
55	14	462	10	21.41	3.17
55	15	184	53	16.61	0.03
55	16	117	1	22.97	3.17
55	17	995	73	0.06	4.74
55	18	326	7	0	3.17
55	19	720	67	1.79	0.03
55	20	510	61	1.4	0.03
55	21	612	64	0	0.03
55	22	112	51	33	0.03
55	23	671	65	3.39	0.03
55	24	293	56	11.16	0.03
55	25	737	17	14.44	3.17
55	26	368	58	18.53	0.03
55	27	778	18	33	3.17
55	28	717	16	8.34	3.17
55	29	995	62	0	4.74
55	30	820	69	12.2	0.03
55	31	267	55	11.16	0.03
55	32	412	59	17.01	0.03
55	33	996	28	0	4.74
55	34	697	16	8.34	3.17
55	35	152	52	16.61	0.03
55	36	583	63	10.05	0.03
55	37	747	67	1.79	0.03
55	38	468	60	14.57	0.03
55	39	995	73	0.06	4.74
56	0	638	64	5.38	0.03
56	1	643	15	11.91	3.17
56	2	850	70	9.81	0.03
56	3	178	53	10.87	0.03
56	4	348	57	13.16	0.03
56	5	371	8	0	3.17
56	6	883	21	4.07	3.17
56	7	791	68	9.88	0.03
56	8	995	74	33	0.03
56	9	253	5	6.39	3.17
56	10	817	69	9.81	0.03
56	11	995	47	0	4.74
56	12	93	51	10.87	0.03
56	13	570	63	20.84	0.03
56	14	431	9	31.23	3.17
56	15	194	53	10.87	0.03
56	16	99	1	17.41	3.17
56	17	995	73	0	4.74
56	18	326	7	0	3.17
56	19	720	67	0	0.03
56	20	513	61	3.14	0.03
56	21	616	64	3.95	0.03
56	22	123	51	10.87	0.03
56	23	684	66	12.55	0.03
56	24	293	56	0	0.03
56	25	726	17	10.62	3.17
56	26	389	58	21.11	0.03
56	27	767	18	10.62	3.17
56	28	706	16	10.62	3.17
56	29	995	62	0	4.74
56	30	829	69	9.81	0.03
56	31	267	55	0	0.03
56	32	439	59	26.23	0.03
56	33	996	28	0	4.74
56	34	686	16	10.62	3.17
56	35	163	52	10.87	0.03
56	36	594	63	11.17	0.03
56	37	754	67	6.87	0.03
56	38	483	61	15.12	0.03
56	39	995	73	0	4.74
57	0	640	65	2.17	0.03
57	1	641	15	1.37	3.17
57	2	869	70	18.42	0.03
57	3	188	53	10.63	0.03
57	4	360	57	12.4	0.03
57	5	371	8	0	3.17
57	6	871	20	11.39	3.17
57	7	807	69	15.57	0.03
57	8	995	74	0	4.74
57	9	242	4	10.57	3.17
57	10	825	69	8.7	0.03
57	11	995	36	10.55	4.74
57	12	112	51	18.69	0.03
57	13	573	63	2.17	0.03
57	14	431	9	0	3.17
57	15	208	54	13.89	0.03
57	16	79	0	20.27	3.17
57	17	995	73	0	4.74
57	18	319	6	7.79	3.17
57	19	724	67	3.46	0.03
57	20	515	61	1.92	0.03
57	21	619	64	2.17	0.03
57	22	143	52	19.66	0.03
57	23	696	66	12.59	0.03
57	24	293	56	0	0.03
57	25	721	17	5.23	3.17
57	26	391	58	1.92	0.03
57	27	762	18	5.23	3.17
57	28	705	16	0.95	3.17
57	29	995	61	1.11	4.74
57	30	838	70	8.7	0.03
57	31	267	55	0	0.03
57	32	441	59	1.92	0.03
57	33	996	24	8.11	4.74
57	34	675	15	11.03	3.17
57	35	174	53	10.63	0.03
57	36	596	63	2.17	0.03
57	37	768	68	13.37	0.03
57	38	485	61	1.92	0.03
57	39	995	73	0	4.74
58	0	646	65	6.21	0.03
58	1	637	14	4.69	3.17
58	2	900	71	31.17	0.03
58	3	207	53	18.24	0.03
58	4	373	58	12.9	0.03
58	5	363	7	8.06	3.17
58	6	859	20	12.48	3.17
58	7	820	69	13.48	0.03
58	8	995	74	0	4.74
58	9	231	4	11.64	3.17
58	10	839	70	13.48	0.03
58	11	995	36	0	4.74
58	12	125	51	13.43	0.03
58	13	578	63	5.81	0.03
58	14	431	9	0	3.17
58	15	227	54	19.19	0.03
58	16	51	0	28.6	3.17
58	17	995	73	0	4.74
58	18	319	6	0	3.17
58	19	726	67	2.53	0.03
58	20	524	62	8.38	0.03
58	21	621	64	2.85	0.03
58	22	150	52	7.31	0.03
58	23	699	66	2.53	0.03
58	24	293	56	0.31	0.03
58	25	715	16	5.82	3.17
58	26	391	58	0	0.03
58	27	753	17	9.33	3.17
58	28	694	16	10.82	3.17
58	29	995	51	9.93	4.74
58	30	852	70	13.48	0.03
58	31	267	55	0	0.03
58	32	445	60	4.78	0.03
58	33	996	24	6.08	3.17
58	34	658	15	17.02	3.17
58	35	185	53	11.12	0.03
58	36	599	63	2.85	0.03
58	37	768	68	0.41	0.03
58	38	496	61	11.02	0.03
58	39	995	73	0	4.74
59	0	653	65	6.12	0.03
59	1	634	14	2.46	3.17
59	2	933	72	33	0.03
59	3	214	54	7.38	0.03
59	4	380	58	7.41	0.03
59	5	349	7	13.71	3.17
59	6	837	19	22.16	3.17
59	7	823	69	2.66	0.03
59	8	995	74	0	4.74
59	9	222	4	9.02	3.17
59	10	842	70	2.66	0.03
59	11	996	29	7.12	4.74
59	12	131	52	5.3	0.03
59	13	580	63	1.3	0.03
59	14	418	9	12.71	3.17
59	15	235	54	7.38	0.03
59	16	50	33	33	1.6
59	17	995	73	0	4.74
59	18	317	6	1.96	3.17
59	19	733	67	7.07	0.03
59	20	525	62	0.92	0.03
59	21	636	64	14.74	0.03
59	22	150	52	0	0.03
59	23	699	66	0	0.03
59	24	294	56	0.54	0.03
59	25	706	16	9.13	3.17
59	26	396	58	4.89	0.03
59	27	752	17	0.38	3.17
59	28	693	16	1.04	3.17
59	29	995	51	0	4.74
59	30	872	70	20.31	0.03
59	31	277	55	9.88	0.03
59	32	449	60	3.86	0.03
59	33	983	23	12.57	3.17
59	34	654	15	4.51	3.17
59	35	192	53	7.38	0.03
59	36	613	64	13.94	0.03
59	37	768	68	0	0.03
59	38	496	61	0	0.03
59	39	995	73	0	4.74
60	0	653	65	0	0.03
60	1	631	14	3.06	3.17
60	2	966	73	33	0.03
60	3	218	54	4.26	0.03
60	4	393	58	12.36	0.03
60	5	342	7	7.47	3.17
60	6	812	19	24.9	3.17
60	7	835	69	11.7	0.03
60	8	995	74	0	4.74
60	9	203	3	18.54	3.17
60	10	852	70	10.2	0.03
60	11	996	24	14.27	4.74
60	12	138	52	7.17	0.03
60	13	585	63	5.16	0.03
60	14	415	9	3.62	3.17
60	15	247	55	11.72	0.03
60	16	50	50	33	1.6
60	17	995	73	0	4.74
60	18	309	6	7.47	3.17
60	19	733	67	0	0.03
60	20	529	62	4.04	0.03
60	21	636	64	0	0.03
60	22	161	52	10.81	0.03
60	23	711	66	12.1	0.03
60	24	294	56	0	0.03
60	25	706	16	0	3.17
60	26	409	59	13.29	0.03
60	27	743	17	9.55	3.17
60	28	679	15	13.87	3.17
60	29	995	49	2.49	4.74
60	30	884	71	12.43	0.03
60	31	277	55	0	0.03
60	32	463	60	13.37	0.03
60	33	960	23	23.67	3.17
60	34	650	15	3.06	3.17
60	35	201	53	8.42	0.03
60	36	613	64	0	0.03
60	37	776	68	7.64	0.03
60	38	498	61	1.69	0.03
60	39	995	73	0	4.74
61	0	653	65	0	0.03
61	1	624	14	7.4	3.17
61	2	995	74	32.22	0.03
61	3	223	54	4.56	0.03
61	4	410	59	17.53	0.03
61	5	342	7	0	3.17
61	6	779	18	33	3.17
61	7	842	70	7.5	0.03
61	8	995	74	0	4.74
61	9	175	3	28.31	3.17
61	10	859	70	7.5	0.03
61	11	996	24	9.34	3.17
61	12	143	52	4.88	0.03
61	13	592	63	7.22	0.03
61	14	406	9	8.62	3.17
61	15	252	55	5.65	0.03
61	16	50	50	33	0.03
61	17	995	73	0	4.74
61	18	299	6	9.85	3.17
61	19	744	67	10.73	0.03
61	20	529	62	0	0.03
61	21	641	65	5.31	0.03
61	22	174	53	13.14	0.03
61	23	726	67	14.6	0.03
61	24	295	56	1.2	0.03
61	25	694	16	11.76	3.17
61	26	426	59	17.53	0.03
61	27	732	17	10.99	3.17
61	28	677	15	2.7	3.17
61	29	995	36	12.14	4.74
61	30	905	71	20.66	0.03
61	31	283	55	5.65	0.03
61	32	465	60	2.36	0.03
61	33	940	22	19.94	3.17
61	34	648	15	2.7	3.17
61	35	205	53	4.56	0.03
61	36	623	64	10.23	0.03
61	37	776	68	0	0.03
61	38	500	61	2.36	0.03
61	39	995	73	0	4.74
62	0	653	65	0	0.03
62	1	619	14	4.46	3.17
62	2	995	70	3.01	4.74
62	3	223	54	0	0.03
62	4	419	59	8.84	0.03
62	5	342	7	0	3.17
62	6	761	18	17.29	3.17
62	7	856	70	13.83	0.03
62	8	995	70	3.01	4.74
62	9	145	2	29.7	3.17
62	10	873	70	13.83	0.03
62	11	978	23	17.52	3.17
62	12	144	52	1.48	0.03
62	13	592	63	0	0.03
62	14	392	8	13.66	3.17
62	15	265	55	13.03	0.03
62	16	82	50	33	0.03
62	17	995	70	3.01	4.74
62	18	289	6	10.44	3.17
62	19	746	67	2.4	0.03
62	20	535	62	6.41	0.03
62	21	641	65	0	0.03
62	22	174	53	0	0.03
62	23	728	67	2.4	0.03
62	24	295	56	0	0.03
62	25	689	16	4.6	3.17
62	26	450	60	23.78	0.03
62	27	714	16	17.29	3.17
62	28	677	15	0	3.17
62	29	996	25	11.69	4.74
62	30	934	72	28.99	0.03
62	31	288	56	4.83	0.03
62	32	475	60	10.53	0.03
62	33	908	21	31.95	3.17
62	34	640	14	7.31	3.17
62	35	205	53	0	0.03
62	36	623	64	0	0.03
62	37	778	68	2.4	0.03
62	38	504	61	3.77	0.03
62	39	995	70	3.01	4.74
63	0	655	65	2.63	0.03
63	1	607	14	12.15	3.17
63	2	995	70	0	4.74
63	3	229	54	6.63	0.03
63	4	439	59	20.32	0.03
63	5	329	7	12.91	3.17
63	6	737	17	24.04	3.17
63	7	870	70	13.95	0.03
63	8	995	70	0	4.74
63	9	123	1	22.69	3.17
63	10	899	71	25.88	0.03
63	11	955	22	23.35	3.17
63	12	148	52	3.4	0.03
63	13	592	63	0	0.03
63	14	367	8	25.69	3.17
63	15	275	55	9.58	0.03
63	16	86	50	3.4	0.03
63	17	995	70	0	4.74
63	18	272	5	16.85	3.17
63	19	751	67	4.8	0.03
63	20	535	62	0	0.03
63	21	644	65	2.63	0.03
63	22	174	53	0	0.03
63	23	733	67	4.8	0.03
63	24	302	56	7.56	0.03
63	25	687	16	2.04	3.17
63	26	466	60	16.27	0.03
63	27	705	16	9.32	3.17
63	28	675	15	2.04	3.17
63	29	996	24	14.88	4.74
63	30	959	73	25.4	0.03
63	31	295	56	7.56	0.03
63	32	483	61	7.51	0.03
63	33	875	20	33	3.17
63	34	634	14	6.61	3.17
63	35	205	53	0	0.03
63	36	623	64	0	0.03
63	37	778	68	0	0.03
63	38	504	61	0	0.03
63	39	995	70	0	4.74
64	0	657	65	1.48	0.03
64	1	592	13	14.78	3.17
64	2	995	70	0	4.74
64	3	238	54	8.82	0.03
64	4	439	59	0	0.03
64	5	304	6	24.97	3.17
64	6	731	17	6.48	3.17
64	7	888	71	17.98	0.03
64	8	995	70	0	4.74
64	9	98	1	25	3.17
64	10	927	72	28.24	0.03
64	11	925	22	29.97	3.17
64	12	153	52	5.63	0.03
64	13	596	63	4.28	0.03
64	14	342	7	24.97	3.17
64	15	288	56	13.16	0.03
64	16	86	50	0	0.03
64	17	995	70	0	4.74
64	18	263	5	8.55	3.17
64	19	752	67	0.52	0.03
64	20	535	62	0	0.03
64	21	646	65	1.48	0.03
64	22	174	53	0.48	0.03
64	23	733	67	0	0.03
64	24	317	56	14.94	0.03
64	25	681	16	6.48	3.17
64	26	466	60	0	0.03
64	27	699	16	6.48	3.17
64	28	666	15	8.95	3.17
64	29	996	24	27.22	3.17
64	30	992	73	33	0.03
64	31	305	56	9.93	0.03
64	32	483	61	0	0.03
64	33	842	20	33	3.17
64	34	622	14	11.8	3.17
64	35	208	54	2.88	0.03
64	36	623	64	0	0.03
64	37	778	68	0.52	0.03
64	38	504	61	0	0.03
64	39	995	70	0	4.74
65	0	663	65	6.33	0.03
65	1	572	13	19.83	3.17
65	2	995	70	0	4.74
65	3	260	55	21.58	0.03
65	4	439	59	0	0.03
65	5	278	5	25.92	3.17
65	6	726	17	4.4	3.17
65	7	900	71	12.25	0.03
65	8	995	70	0	4.74
65	9	67	0	30.36	3.17
65	10	960	73	33	0.03
65	11	892	21	33	3.17
65	12	161	52	7.98	0.03
65	13	596	63	0	0.03
65	14	316	6	25.92	3.17
65	15	296	56	7.96	0.03
65	16	86	50	0	0.03
65	17	995	70	0	4.74
65	18	246	4	17.5	3.17
65	19	752	67	0	0.03
65	20	535	62	0	0.03
65	21	652	65	6.33	0.03
65	22	174	53	0	0.03
65	23	735	67	2.38	0.03
65	24	328	57	10.14	0.03
65	25	681	16	0	3.17
65	26	466	60	0	0.03
65	27	699	16	0	3.17
65	28	656	15	10.03	3.17
65	29	963	23	33	3.17
65	30	995	74	33	0.03
65	31	315	56	10.14	0.03
65	32	483	61	0	0.03
65	33	809	19	33	3.17
65	34	607	14	15.29	3.17
65	35	208	54	0	0.03
65	36	623	64	0	0.03
65	37	778	68	0	0.03
65	38	504	61	0	0.03
65	39	995	70	0	4.74
66	0	680	66	16.69	0.03
66	1	556	12	16.2	3.17
66	2	995	70	0	4.74
66	3	270	55	10.23	0.03
66	4	446	60	6.73	0.03
66	5	261	5	16.75	3.17
66	6	720	17	6.86	3.17
66	7	923	72	22.71	0.03
66	8	995	70	0	4.74
66	9	51	0	33	3.17
66	10	993	73	33	0.03
66	11	859	20	33	3.17
66	12	166	52	4.32	0.03
66	13	599	63	2.49	0.03
66	14	291	6	25.33	3.17
66	15	306	56	10.23	0.03
66	16	92	51	5.91	0.03
66	17	995	68	2.17	4.74
66	18	221	4	24.8	3.17
66	19	752	67	0	0.03
66	20	542	62	6.62	0.03
66	21	669	65	16.69	0.03
66	22	179	53	4.32	0.03
66	23	735	67	0	0.03
66	24	347	57	19.47	0.03
66	25	672	15	9.39	3.17
66	26	472	60	6.12	0.03
66	27	690	16	8.94	3.17
66	28	636	14	19.53	3.17
66	29	930	22	33	3.17
66	30	995	74	0	4.74
66	31	335	57	19.47	0.03
66	32	491	61	8.39	0.03
66	33	776	18	33	3.17
66	34	586	13	20.76	3.17
66	35	217	54	8.86	0.03
66	36	628	64	5.29	0.03
66	37	791	68	12.41	0.03
66	38	510	61	5.79	0.03
66	39	995	63	7.37	4.74
67	0	702	66	22.72	0.03
67	1	529	12	27.37	3.17
67	2	995	64	6.87	4.74
67	3	287	56	16.79	0.03
67	4	460	60	13.79	0.03
67	5	235	4	25.61	3.17
67	6	717	16	2.64	3.17
67	7	940	72	17.16	0.03
67	8	995	62	8.86	4.74
67	9	50	33	33	1.6
67	10	995	74	25.23	0.03
67	11	827	19	32.32	3.17
67	12	172	53	6.83	0.03
67	13	606	64	7.35	0.03
67	14	268	5	22.89	3.17
67	15	325	57	19	0.03
67	16	101	51	8.76	0.03
67	17	995	59	8.86	4.74
67	18	194	3	27.58	3.17
67	19	754	67	2.01	0.03
67	20	552	62	10.82	0.03
67	21	674	65	5.07	0.03
67	22	180	53	1.15	0.03
67	23	740	67	5.05	0.03
67	24	367	58	19.92	0.03
67	25	653	15	18.16	3.17
67	26	476	60	3.87	0.03
67	27	690	16	0	3.17
67	28	611	14	25.49	3.17
67	29	897	21	33	3.17
67	30	995	69	4.35	4.74
67	31	345	57	10.84	0.03
67	32	491	61	0	0.03
67	33	773	18	2.64	3.17
67	34	573	13	12.73	3.17
67	35	231	54	14.13	0.03
67	36	631	64	2.89	0.03
67	37	805	69	14.36	0.03
67	38	510	61	0	0.03
67	39	995	54	8.86	4.74
68	0	716	66	13.2	0.03
68	1	508	11	20.77	3.17
68	2	995	64	0	4.74
68	3	287	56	0.22	0.03
68	4	467	60	7.45	0.03
68	5	206	3	29.1	3.17
68	6	708	16	9.19	3.17
68	7	955	73	15.36	0.03
68	8	995	62	0	4.74
68	9	50	50	33	1.6
68	10	995	74	0	4.74
68	11	804	19	22.96	3.17
68	12	172	53	0	0.03
68	13	606	64	0	0.03
68	14	247	5	20.26	3.17
68	15	325	57	0.22	0.03
68	16	116	51	15.58	0.03
68	17	995	55	4.52	4.74
68	18	171	3	22.21	3.17
68	19	768	68	14.21	0.03
68	20	563	63	10.33	0.03
68	21	679	65	5.67	0.03
68	22	182	53	1.68	0.03
68	23	745	67	5.12	0.03
68	24	381	58	14.39	0.03
68	25	636	14	17.15	3.17
68	26	476	60	0	0.03
68	27	690	16	0	3.17
68	28	600	13	10.75	3.17
68	29	864	20	32.33	3.17
68	30	995	69	0	4.74
68	31	346	57	0.22	0.03
68	32	500	61	8.3	0.03
68	33	770	18	3.39	3.17
68	34	563	13	10.75	3.17
68	35	253	55	22.09	0.03
68	36	631	64	0	0.03
68	37	823	69	17.68	0.03
68	38	510	61	0	0.03
68	39	995	41	13.1	4.74
69	0	716	66	0	0.03
69	1	486	11	22.39	3.17
69	2	995	64	0	4.74
69	3	287	56	0	0.03
69	4	467	60	0	0.03
69	5	173	3	33	3.17
69	6	703	16	5.03	3.17
69	7	973	73	17.73	0.03
69	8	995	62	0	4.74
69	9	50	50	33	0.03
69	10	995	74	0	4.74
69	11	792	18	11.75	3.17
69	12	172	53	0	0.03
69	13	611	64	4.85	0.03
69	14	216	4	31.38	3.17
69	15	325	57	0	0.03
69	16	137	52	20.46	0.03
69	17	995	44	11.01	4.74
69	18	138	2	33	3.17
69	19	794	68	26.28	0.03
69	20	581	63	18.49	0.03
69	21	681	66	1.81	0.03
69	22	191	53	9.93	0.03
69	23	745	67	0	0.03
69	24	406	59	24.49	0.03
69	25	615	14	21.29	3.17
69	26	476	60	0	0.03
69	27	690	16	0	3.17
69	28	582	13	18.04	3.17
69	29	837	19	27.13	3.17
69	30	995	69	0	4.74
69	31	348	57	2.45	0.03
69	32	500	61	0	0.03
69	33	761	18	8.81	3.17
69	34	549	12	13.86	3.17
69	35	253	55	0	0.03
69	36	638	64	7.34	0.03
69	37	853	70	29.96	0.03
69	38	510	61	0	0.03
69	39	996	26	14.89	4.74
70	0	716	66	0	0.03
70	1	469	10	16.77	3.17
70	2	995	61	2.77	4.74
70	3	292	56	5.33	0.03
70	4	477	60	9.99	0.03
70	5	152	2	21.76	3.17
70	6	703	16	0	3.17
70	7	983	73	9.89	0.03
70	8	995	59	2.77	4.74
70	9	78	50	28.9	0.03
70	10	995	74	0	4.74
70	11	781	18	10.55	3.17
70	12	172	53	0	0.03
70	13	619	64	8.01	0.03
70	14	194	3	21.76	3.17
70	15	325	57	0	0.03
70	16	151	52	14.68	0.03
70	17	996	31	12.72	4.74
70	18	105	1	33	3.17
70	19	827	69	33	0.03
70	20	599	63	17.7	0.03
70	21	691	66	9.96	0.03
70	22	191	53	0	0.03
70	23	752	67	6.45	0.03
70	24	439	59	33	0.03
70	25	611	14	4.35	3.17
70	26	486	61	9.99	0.03
70	27	690	16	0	3.17
70	28	578	13	4.35	3.17
70	29	827	19	10.55	3.17
70	30	995	65	4.06	4.74
70	31	361	57	12.46	0.03
70	32	500	61	0	0.03
70	33	744	17	16.91	3.17
70	34	544	12	4.35	3.17
70	35	253	55	0.16	0.03
70	36	653	65	14.1	0.03
70	37	886	71	33	0.03
70	38	515	61	5	0.03
70	39	996	24	12.72	4.74
71	0	720	67	4.51	0.03
71	1	443	9	25.47	3.17
71	2	995	59	2	4.74
71	3	306	56	13.98	0.03
71	4	480	60	2.53	0.03
71	5	122	1	29.95	3.17
71	6	703	16	0	3.17
71	7	995	74	21.21	0.03
71	8	995	57	2	4.74
71	9	111	51	33	0.03
71	10	995	70	3.26	4.74
71	11	765	18	16.62	3.17
71	12	177	53	4.56	0.03
71	13	626	64	7.33	0.03
71	14	164	2	30.73	3.17
71	15	336	57	10.59	0.03
71	16	163	52	11.68	0.03
71	17	996	24	11.26	4.74
71	18	72	0	33	3.17
71	19	860	70	33	0.03
71	20	606	64	7.33	0.03
71	21	695	66	4.15	0.03
71	22	192	53	0.64	0.03
71	23	763	68	11.71	0.03
71	24	441	59	2.53	0.03
71	25	599	13	11.24	3.17
71	26	489	61	2.53	0.03
71	27	690	16	0	3.17
71	28	562	13	15.17	3.17
71	29	827	19	0	3.17
71	30	995	63	2	4.74
71	31	383	58	22.5	0.03
71	32	501	61	1.59	0.03
71	33	744	17	0	3.17
71	34	531	12	13.73	3.17
71	35	264	55	10.99	0.03
71	36	667	65	13.98	0.03
71	37	908	71	21.75	0.03
71	38	524	62	9.3	0.03
71	39	996	24	13.15	3.17
72	0	722	67	1.73	0.03
72	1	417	9	26.82	3.17
72	2	995	57	2.03	4.74
72	3	310	56	4.04	0.03
72	4	483	61	2.99	0.03
72	5	89	0	33	3.17
72	6	700	16	3.09	3.17
72	7	995	70	3.84	4.74
72	8	995	47	10.23	4.74
72	9	111	51	0	0.03
72	10	995	66	3.84	4.74
72	11	761	18	3.99	3.17
72	12	177	53	0	0.03
72	13	626	64	0	0.03
72	14	131	2	33	3.17
72	15	359	57	23.55	0.03
72	16	163	52	0	0.03
72	17	996	24	22.6	3.17
72	18	51	0	32.36	3.17
72	19	887	71	26.48	0.03
72	20	606	64	0	0.03
72	21	697	66	1.73	0.03
72	22	200	53	8.29	0.03
72	23	774	68	10.92	0.03
72	24	442	59	0.91	0.03
72	25	599	13	0.2	3.17
72	26	492	61	2.99	0.03
72	27	687	16	3.09	3.17
72	28	554	12	8.33	3.17
72	29	827	19	0	3.17
72	30	995	61	2.03	4.74
72	31	384	58	0.91	0.03
72	32	504	61	2.99	0.03
72	33	740	17	3.99	3.17
72	34	522	11	8.33	3.17
72	35	279	55	14.95	0.03
72	36	674	65	7.54	0.03
72	37	939	72	31.58	0.03
72	38	527	62	2.99	0.03
72	39	975	23	20.78	3.17
73	0	722	67	0	0.03
73	1	385	8	32.11	3.17
73	2	995	44	12.97	4.74
73	3	317	56	6.33	0.03
73	4	483	61	0	0.03
73	5	64	0	24.88	3.17
73	6	700	16	0	3.17
73	7	995	70	0	4.74
73	8	996	25	22.06	4.74
73	9	119	51	8	0.03
73	10	995	66	0	4.74
73	11	761	18	0	3.17
73	12	185	53	8.42	0.03
73	13	637	64	11.01	0.03
73	14	98	1	33	3.17
73	15	369	58	9.95	0.03
73	16	172	53	8.92	0.03
73	17	972	23	23.8	3.17
73	18	50	24	24.88	1.6
73	19	901	71	14.37	0.03
73	20	612	64	5.34	0.03
73	21	697	66	0	0.03
73	22	210	54	9.55	0.03
73	23	792	68	17.83	0.03
73	24	449	60	6.66	0.03
73	25	599	13	0	3.17
73	26	492	61	0	0.03
73	27	687	16	0	3.17
73	28	538	12	15.82	3.17
73	29	818	19	9.05	3.17
73	30	995	61	0	4.74
73	31	394	58	9.95	0.03
73	32	510	61	5.81	0.03
73	33	740	17	0	3.17
73	34	522	11	0	3.17
73	35	285	55	5.54	0.03
73	36	674	65	0	0.03
73	37	972	73	33	0.03
73	38	541	62	13.5	0.03
73	39	950	22	25.27	3.17
74	0	726	67	4.18	0.03
74	1	354	7	30.8	3.17
74	2	996	24	22.83	4.74
74	3	328	57	11.72	0.03
74	4	483	61	0.1	0.03
74	5	51	0	33	3.17
74	6	700	16	0	3.17
74	7	995	70	0	4.74
74	8	996	24	23.21	4.74
74	9	123	51	3.21	0.03
74	10	995	66	0	4.74
74	11	761	18	0	3.17
74	12	191	53	5.58	0.03
74	13	648	65	10.63	0.03
74	14	65	0	33	3.17
74	15	390	58	20.78	0.03
74	16	177	53	5.58	0.03
74	17	948	22	23.53	3.17
74	18	50	49	24.49	1.6
74	19	909	71	7.58	0.03
74	20	630	64	17.97	0.03
74	21	697	66	0	0.03
74	22	216	54	5.58	0.03
74	23	819	69	26.55	0.03
74	24	452	60	3.15	0.03
74	25	599	13	0	3.17
74	26	492	61	0.1	0.03
74	27	676	15	10.55	3.17
74	28	530	12	8.62	3.17
74	29	818	19	0	3.17
74	30	995	61	0	4.74
74	31	416	59	21.88	0.03
74	32	526	62	15.61	0.03
74	33	740	17	0	3.17
74	34	514	11	8.62	3.17
74	35	296	56	11.09	0.03
74	36	674	65	0	0.03
74	37	995	74	33	0.03
74	38	557	62	16.42	0.03
74	39	917	22	33	3.17
75	0	726	67	0	0.03
75	1	329	7	24.28	3.17
75	2	996	24	27.99	3.17
75	3	347	57	18.1	0.03
75	4	484	61	0.72	0.03
75	5	50	13	13.07	1.6
75	6	700	16	0	3.17
75	7	995	67	2.26	4.74
75	8	996	24	12.1	3.17
75	9	129	52	6.7	0.03
75	10	995	64	2.43	4.74
75	11	761	18	0	3.17
75	12	194	53	3.32	0.03
75	13	648	65	0	0.03
75	14	51	0	33	3.17
75	15	390	58	0	0.03
75	16	184	53	6.45	0.03
75	17	930	22	18.25	3.17
75	18	50	50	13.07	1.6
75	19	925	72	16.65	0.03
75	20	630	64	0	0.03
75	21	697	66	0	0.03
75	22	225	54	9.31	0.03
75	23	841	70	22.7	0.03
75	24	452	60	0	0.03
75	25	596	13	2.9	3.17
75	26	493	61	0.72	0.03
75	27	675	15	1.01	3.17
75	28	523	12	6.73	3.17
75	29	817	19	0.53	3.17
75	30	995	61	0	4.74
75	31	416	59	0	0.03
75	32	542	62	16.25	0.03
75	33	729	17	10.62	3.17
75	34	493	11	20.98	3.17
75	35	310	56	13.6	0.03
75	36	674	65	0	0.03
75	37	995	71	2.26	4.74
75	38	586	63	29.14	0.03
75	39	884	21	33	3.17
76	0	727	67	0.76	0.03
76	1	300	6	29.63	3.17
76	2	992	23	3.4	3.17
76	3	364	57	16.99	0.03
76	4	484	61	0	0.03
76	5	50	22	9.31	1.6
76	6	691	16	8.33	3.17
76	7	995	65	2.84	4.74
76	8	992	23	3.4	3.17
76	9	148	52	18.87	0.03
76	10	995	55	8.83	4.74
76	11	761	18	0	3.17
76	12	206	53	11.33	0.03
76	13	655	65	7.53	0.03
76	14	51	9	9.31	1.6
76	15	390	58	0	0.03
76	16	189	53	5.13	0.03
76	17	906	21	24.68	3.17
76	18	50	50	25.88	0.03
76	19	945	72	20.26	0.03
76	20	630	64	0	0.03
76	21	697	66	0	0.03
76	22	236	54	10.83	0.03
76	23	874	70	32.82	0.03
76	24	452	60	0	0.03
76	25	589	13	7.7	3.17
76	26	493	61	0	0.03
76	27	665	15	9.51	3.17
76	28	520	11	2.67	3.17
76	29	816	19	1.28	3.17
76	30	995	50	10.98	4.74
76	31	423	59	7.7	0.03
76	32	557	62	15.22	0.03
76	33	721	17	8.33	3.17
76	34	460	10	33	3.17
76	35	314	56	4.7	0.03
76	36	675	65	0.99	0.03
76	37	995	71	0	4.74
76	38	586	63	0	0.03
76	39	851	20	33	3.17
77	0	740	67	12.99	0.03
77	1	273	5	27.31	3.17
77	2	978	23	14.08	3.17
77	3	367	58	3.72	0.03
77	4	485	61	1.27	0.03
77	5	50	42	20.22	1.6
77	6	677	15	14.4	3.17
77	7	995	60	4.25	4.74
77	8	978	23	14.08	3.17
77	9	148	52	0	0.03
77	10	995	48	7.53	4.74
77	11	753	17	7.43	3.17
77	12	206	53	0	0.03
77	13	666	65	10.08	0.03
77	14	50	29	20.22	1.6
77	15	394	58	3.72	0.03
77	16	189	53	0	0.03
77	17	889	21	16.46	3.17
77	18	64	50	14.93	0.03
77	19	955	72	9.15	0.03
77	20	639	64	9.72	0.03
77	21	702	66	4.64	0.03
77	22	236	54	0	0.03
77	23	907	71	33	0.03
77	24	452	60	0	0.03
77	25	574	13	14.25	3.17
77	26	494	61	1.27	0.03
77	27	650	15	15.76	3.17
77	28	510	11	10.18	3.17
77	29	802	19	14	3.17
77	30	996	31	18.98	4.74
77	31	432	59	8.15	0.03
77	32	569	63	11.85	0.03
77	33	706	16	15.16	3.17
77	34	439	9	20.8	3.17
77	35	320	56	6.12	0.03
77	36	677	65	1.83	0.03
77	37	995	71	0	4.74
77	38	592	63	5.73	0.03
77	39	837	19	14	3.17
78	0	762	68	21.92	0.03
78	1	249	5	23.86	3.17
78	2	967	23	11.46	3.17
78	3	367	58	0	0.03
78	4	485	61	0	0.03
78	5	50	50	19.04	1.6
78	6	655	15	21.75	3.17
78	7	995	52	7.84	4.74
78	8	967	23	11.46	3.17
78	9	153	52	4.4	0.03
78	10	995	39	8.73	4.74
78	11	742	17	10.9	3.17
78	12	206	53	0	0.03
78	13	674	65	8.4	0.03
78	14	50	48	19.04	1.6
78	15	400	58	6.12	0.03
78	16	193	53	4.06	0.03
78	17	865	20	24.04	3.17
78	18	81	50	17.03	0.03
78	19	955	72	0	0.03
78	20	639	64	0	0.03
78	21	715	66	13.76	0.03
78	22	241	54	5.06	0.03
78	23	907	71	0	0.03
78	24	452	60	0	0.03
78	25	548	12	26.52	3.17
78	26	494	61	0	0.03
78	27	625	14	24.84	3.17
78	28	509	11	0.95	3.17
78	29	780	18	22.26	3.17
78	30	996	24	24.96	4.74
78	31	432	59	0	0.03
78	32	573	63	4.45	0.03
78	33	698	16	7.84	3.17
78	34	422	9	16.52	3.17
78	35	333	57	12.68	0.03
78	36	683	66	6.29	0.03
78	37	995	71	0	4.74
78	38	597	63	4.45	0.03
78	39	818	19	18.61	3.17
79	0	787	68	25.33	0.03
79	1	217	4	31.44	3.17
79	2	961	23	5.93	3.17
79	3	376	58	8.34	0.03
79	4	485	61	0	0.03
79	5	50	50	25.68	0.03
79	6	633	14	22.37	3.17
79	7	995	42	10.84	4.74
79	8	961	23	5.93	3.17
79	9	159	52	6.31	0.03
79	10	996	28	10.67	4.74
79	11	742	17	0.22	3.17
79	12	209	54	3.75	0.03
79	13	680	66	6.46	0.03
79	14	50	50	13.33	1.6
79	15	413	59	13.22	0.03
79	16	195	53	2.23	0.03
79	17	840	20	25.45	3.17
79	18	111	51	29.55	0.03
79	19	962	73	7.6	0.03
79	20	652	65	12.42	0.03
79	21	739	67	23.47	0.03
79	22	255	55	14.76	0.03
79	23	907	71	0	0.03
79	24	461	60	8.74	0.03
79	25	544	12	3.82	3.17
79	26	504	61	9.81	0.03
79	27	593	13	31.79	3.17
79	28	505	11	3.82	3.17
79	29	767	18	12.52	3.17
79	30	996	24	31.59	3.17
79	31	436	59	4.42	0.03
79	32	573	63	0	0.03
79	33	684	16	13.72	3.17
79	34	405	9	17.51	3.17
79	35	341	57	8.34	0.03
79	36	690	66	6.46	0.03
79	37	995	60	11.29	4.74
79	38	605	64	8.73	0.03
79	39	797	18	20.74	3.17
80	0	818	69	30.9	0.03
80	1	195	3	22.75	3.17
80	2	950	22	10.7	3.17
80	3	387	58	11.57	0.03
80	4	485	61	0.33	0.03
80	5	82	50	33	0.03
80	6	603	14	29.47	3.17
80	7	996	24	18.97	4.74
80	8	950	22	10.7	3.17
80	9	166	52	6.95	0.03
80	10	996	24	20.64	4.74
80	11	736	17	5.9	3.17
80	12	226	54	16.3	0.03
80	13	694	66	14.05	0.03
80	14	50	50	10.91	0.03
80	15	417	59	3.38	0.03
80	16	196	53	0.59	0.03
80	17	835	19	4.19	3.17
80	18	118	51	6.95	0.03
80	19	964	73	1.96	0.03
80	20	657	65	5.29	0.03
80	21	768	68	29.69	0.03
80	22	281	55	26.01	0.03
80	23	911	71	4.13	0.03
80	24	464	60	3.51	0.03
80	25	544	12	0	3.17
80	26	510	61	6.74	0.03
80	27	572	13	20.98	3.17
80	28	505	11	0	3.17
80	29	763	18	4.19	3.17
80	30	977	23	19.27	3.17
80	31	439	59	3.38	0.03
80	32	578	63	5.04	0.03
80	33	663	15	21.23	3.17
80	34	387	8	18.26	3.17
80	35	343	57	1.78	0.03
80	36	704	66	14.05	0.03
80	37	995	54	5.58	4.74
80	38	605	64	0	0.03
80	39	793	18	4.19	3.17
81	0	841	70	23.01	0.03
81	1	169	3	25.16	3.17
81	2	950	22	0.17	3.17
81	3	404	58	16.48	0.03
81	4	485	61	0	0.03
81	5	93	51	10.42	0.03
81	6	602	14	1.69	3.17
81	7	996	24	21.68	3.17
81	8	950	22	0.17	3.17
81	9	166	52	0	0.03
81	10	996	24	32.67	3.17
81	11	722	17	14.68	3.17
81	12	229	54	3.41	0.03
81	13	698	66	3.72	0.03
81	14	67	50	17.31	0.03
81	15	428	59	11.29	0.03
81	16	204	53	8.17	0.03
81	17	833	19	1.99	3.17
81	18	128	52	10.42	0.03
81	19	968	73	3.7	0.03
81	20	665	65	7.82	0.03
81	21	801	69	32.85	0.03
81	22	312	56	30.11	0.03
81	23	925	72	13.67	0.03
81	24	464	60	0	0.03
81	25	542	12	1.69	3.17
81	26	525	62	14.16	0.03
81	27	570	13	1.69	3.17
81	28	501	11	4.5	3.17
81	29	754	17	9.29	3.17
81	30	967	23	9.78	3.17
81	31	443	59	3.13	0.03
81	32	594	63	15.57	0.03
81	33	650	15	12.77	3.17
81	34	360	7	26.9	3.17
81	35	347	57	3.51	0.03
81	36	722	67	18.67	0.03
81	37	995	47	7.83	4.74
81	38	617	64	11.51	0.03
81	39	776	18	16.83	3.17
82	0	874	70	33	0.03
82	1	136	2	33	3.17
82	2	945	22	5.35	3.17
82	3	404	58	0	0.03
82	4	494	61	8.6	0.03
82	5	115	51	22.17	0.03
82	6	597	13	4.46	3.17
82	7	990	23	5.35	3.17
82	8	945	22	5.35	3.17
82	9	177	53	10.77	0.03
82	10	990	23	5.35	3.17
82	11	712	16	9.87	3.17
82	12	229	54	0	0.03
82	13	706	66	8.2	0.03
82	14	78	50	11.58	0.03
82	15	428	59	0	0.03
82	16	204	53	0	0.03
82	17	825	19	8.49	3.17
82	18	148	52	19.98	0.03
82	19	979	73	11.12	0.03
82	20	671	65	6.56	0.03
82	21	834	69	33	0.03
82	22	318	56	6.19	0.03
82	23	947	72	22.1	0.03
82	24	464	60	0	0.03
82	25	542	12	0	3.17
82	26	538	62	13.62	0.03
82	27	557	12	13.22	3.17
82	28	499	11	2.19	3.17
82	29	751	17	2.85	3.17
82	30	961	23	5.35	3.17
82	31	443	59	0	0.03
82	32	601	64	7.01	0.03
82	33	634	14	16.07	3.17
82	34	340	7	20.24	3.17
82	35	353	57	6.19	0.03
82	36	751	67	28.29	0.03
82	37	995	35	11.35	4.74
82	38	634	64	17.19	0.03
82	39	774	18	2.85	3.17
83	0	900	71	26.02	0.03
83	1	103	1	33	3.17
83	2	932	22	12.63	3.17
83	3	412	59	8.01	0.03
83	4	498	61	4.01	0.03
83	5	115	51	0	0.03
83	6	582	13	15.43	3.17
83	7	988	23	2.89	3.17
83	8	931	22	13.99	3.17
83	9	177	53	0	0.03
83	10	985	23	5.16	3.17
83	11	695	16	17.1	3.17
83	12	232	54	3.2	0.03
83	13	719	66	12.14	0.03
83	14	83	50	4.63	0.03
83	15	429	59	0.71	0.03
83	16	204	53	0	0.03
83	17	816	19	9.26	3.17
83	18	148	52	0	0.03
83	19	995	74	16.82	0.03
83	20	673	65	1.89	0.03
83	21	860	70	26.02	0.03
83	22	318	56	0	0.03
83	23	964	73	16.82	0.03
83	24	464	60	0	0.03
83	25	542	12	0	3.17
83	26	554	62	15.77	0.03
83	27	557	12	0	3.17
83	28	499	11	0	3.17
83	29	735	17	15.74	3.17
83	30	949	22	12.63	3.17
83	31	443	59	0	0.03
83	32	603	64	1.91	0.03
83	33	616	14	18.08	3.17
83	34	311	6	29.01	3.17
83	35	369	58	16.23	0.03
83	36	779	68	28.38	0.03
83	37	996	24	13.32	4.74
83	38	636	64	1.89	0.03
83	39	774	18	0	3.17
84	0	932	72	32.34	0.03
84	1	70	0	33	3.17
84	2	922	22	10.21	3.17
84	3	414	59	2.19	0.03
84	4	511	61	12.99	0.03
84	5	115	51	0	0.03
84	6	578	13	3.58	3.17
84	7	988	23	0	3.17
84	8	921	22	10.21	3.17
84	9	177	53	0	0.03
84	10	985	23	0	3.17
84	11	675	15	19.57	3.17
84	12	234	54	1.77	0.03
84	13	743	67	24.36	0.03
84	14	99	51	15.89	0.03
84	15	433	59	4.39	0.03
84	16	215	54	11.44	0.03
84	17	807	19	8.43	3.17
84	18	154	52	6.11	0.03
84	19	995	50	23.67	4.74
84	20	677	65	3.4	0.03
84	21	883	71	22.35	0.03
84	22	328	57	10.38	0.03
84	23	992	73	27.82	0.03
84	24	465	60	0.81	0.03
84	25	535	12	7.68	3.17
84	26	576	63	22.31	0.03
84	27	554	12	3.58	3.17
84	28	487	11	11.99	3.17
84	29	716	16	18.9	3.17
84	30	939	22	10.21	3.17
84	31	447	60	4.39	0.03
84	32	603	64	0	0.03
84	33	601	14	14.75	3.17
84	34	278	5	33	3.17
84	35	390	58	21.45	0.03
84	36	804	69	25.01	0.03
84	37	996	24	23.67	3.17
84	38	639	64	3.06	0.03
84	39	774	18	0	3.17
85	0	963	73	31.11	0.03
85	1	51	0	33	3.17
85	2	910	21	11.98	3.17
85	3	419	59	5.63	0.03
85	4	514	61	3.48	0.03
85	5	128	51	12.76	0.03
85	6	570	13	8.32	3.17
85	7	981	23	6.91	3.17
85	8	909	21	11.98	3.17
85	9	186	53	9.45	0.03
85	10	973	23	12.41	3.17
85	11	664	15	11.67	3.17
85	12	234	54	0	0.03
85	13	775	68	32.09	0.03
85	14	112	51	12.76	0.03
85	15	439	59	5.63	0.03
85	16	225	54	9.03	0.03
85	17	798	18	9.01	3.17
85	18	154	52	0	0.03
85	19	996	24	27.88	4.74
85	20	682	66	5.03	0.03
85	21	914	71	31.5	0.03
85	22	348	57	19.45	0.03
85	23	995	74	31.11	0.03
85	24	469	60	3.65	0.03
85	25	530	12	4.95	3.17
85	26	576	63	0	0.03
85	27	549	12	4.95	3.17
85	28	464	10	22.49	3.17
85	29	705	16	11.67	3.17
85	30	935	22	3.97	3.17
85	31	451	60	3.65	0.03
85	32	603	64	0	0.03
85	33	593	13	8.32	3.17
85	34	245	4	33	3.17
85	35	396	58	5.63	0.03
85	36	832	69	27.79	0.03
85	37	989	23	6.91	3.17
85	38	651	65	11.63	0.03
85	39	769	18	4.39	3.17
86	0	995	74	33	0.03
86	1	50	20	20.39	1.6
86	2	905	21	4.79	3.17
86	3	425	59	5.76	0.03
86	4	514	61	0	0.03
86	5	128	51	0	0.03
86	6	570	13	0	3.17
86	7	973	23	7.84	3.17
86	8	904	21	4.79	3.17
86	9	188	53	1.66	0.03
86	10	965	23	7.84	3.17
86	11	643	15	20.59	3.17
86	12	236	54	1.66	0.03
86	13	808	69	33	0.03
86	14	112	51	0	0.03
86	15	444	60	5.39	0.03
86	16	226	54	1.66	0.03
86	17	781	18	17.17	3.17
86	18	154	52	0	0.03
86	19	996	24	33	3.17
86	20	696	66	13.91	0.03
86	21	947	72	33	0.03
86	22	366	58	18.83	0.03
86	23	995	41	33	4.74
86	24	483	61	14.11	0.03
86	25	530	12	0	3.17
86	26	586	63	9.78	0.03
86	27	549	12	0	3.17
86	28	431	9	33	3.17
86	29	701	16	3.96	3.17
86	30	927	22	7.84	3.17
86	31	456	60	5.39	0.03
86	32	608	64	5.65	0.03
86	33	583	13	9.89	3.17
86	34	212	4	33	3.17
86	35	401	58	5.3	0.03
86	36	865	70	33	0.03
86	37	981	23	7.84	3.17
86	38	667	65	16.7	0.03
86	39	757	17	12.53	3.17
87	0	995	45	28.48	4.74
87	1	50	43	23.01	1.6
87	2	896	21	9.24	3.17
87	3	429	59	3.6	0.03
87	4	514	61	0	0.03
87	5	128	51	0	0.03
87	6	570	13	0.11	3.17
87	7	955	22	17.59	3.17
87	8	889	21	15.09	3.17
87	9	188	53	0	0.03
87	10	945	22	19.93	3.17
87	11	614	14	29.32	3.17
87	12	245	54	9.04	0.03
87	13	841	70	33	0.03
87	14	112	51	0	0.03
87	15	445	60	1.42	0.03
87	16	235	54	8.94	0.03
87	17	766	18	15.56	3.17
87	18	164	52	9.71	0.03
87	19	985	23	11	3.17
87	20	717	66	21.01	0.03
87	21	976	73	28.48	0.03
87	22	385	58	18.34	0.03
87	23	996	24	33	4.74
87	24	487	61	4.24	0.03
87	25	530	12	0	3.17
87	26	593	63	6.67	0.03
87	27	549	12	0	3.17
87	28	398	8	33	3.17
87	29	691	16	9.35	3.17
87	30	918	22	8.96	3.17
87	31	457	60	1.42	0.03
87	32	615	64	6.67	0.03
87	33	583	13	0.11	3.17
87	34	179	3	33	3.17
87	35	405	59	3.6	0.03
87	36	892	71	27.64	0.03
87	37	970	23	11	3.17
87	38	684	66	16.76	0.03
87	39	741	17	15.56	3.17
88	0	996	24	21.27	4.74
88	1	50	50	20	1.6
88	2	877	20	19.2	3.17
88	3	439	59	10.45	0.03
88	4	518	61	3.52	0.03
88	5	133	52	5.08	0.03
88	6	570	13	0	3.17
88	7	935	22	20.7	3.17
88	8	864	20	24.53	3.17
88	9	200	53	12.7	0.03
88	10	924	22	20.7	3.17
88	11	614	14	0	3.17
88	12	254	55	9.58	0.03
88	13	873	70	31.9	0.03
88	14	115	51	3.3	0.03
88	15	450	60	4.23	0.03
88	16	245	54	9.58	0.03
88	17	755	17	10.2	3.17
88	18	177	53	12.7	0.03
88	19	973	23	12.2	3.17
88	20	744	67	27.63	0.03
88	21	995	74	24.78	0.03
88	22	393	58	8.17	0.03
88	23	996	24	21.27	3.17
88	24	487	61	0	0.03
88	25	526	12	3.97	3.17
88	26	593	63	0	0.03
88	27	549	12	0	3.17
88	28	365	7	33	3.17
88	29	686	16	5.69	3.17
88	30	898	21	20.22	3.17
88	31	462	60	4.51	0.03
88	32	615	64	0	0.03
88	33	583	13	0	3.17
88	34	146	2	33	3.17
88	35	410	59	5.29	0.03
88	36	919	72	26.48	0.03
88	37	950	22	19.74	3.17
88	38	714	66	29.76	0.03
88	39	731	17	10.2	3.17
89	0	996	24	14.65	4.74
89	1	50	50	14.32	0.03
89	2	865	20	11.22	3.17
89	3	439	59	0	0.03
89	4	526	62	8.46	0.03
89	5	138	52	5.31	0.03
89	6	570	13	0	3.17
89	7	923	22	11.22	3.17
89	8	845	20	19.58	3.17
89	9	215	54	15	0.03
89	10	913	21	11.22	3.17
89	11	613	14	0.77	3.17
89	12	272	55	17.8	0.03
89	13	897	71	24.5	0.03
89	14	115	51	0	0.03
89	15	450	60	0	0.03
89	16	262	55	17.8	0.03
89	17	746	17	9.59	3.17
89	18	192	53	15	0.03
89	19	967	23	5.37	3.17
89	20	771	68	26.89	0.03
89	21	995	50	23.99	4.74
89	22	393	58	0	0.03
89	23	990	23	5.37	3.17
89	24	488	61	1.24	0.03
89	25	521	11	4.24	3.17
89	26	593	63	0	0.03
89	27	549	12	0	3.17
89	28	332	7	33	3.17
89	29	668	15	17.56	3.17
89	30	886	21	11.22	3.17
89	31	462	60	0	0.03
89	32	627	64	11.97	0.03
89	33	582	13	1.48	3.17
89	34	113	1	33	3.17
89	35	410	59	0	0.03
89	36	952	72	32.73	0.03
89	37	939	22	11.22	3.17
89	38	741	67	26.89	0.03
89	39	721	17	9.59	3.17
90	0	996	24	20.7	3.17
90	1	54	50	4.46	0.03
90	2	852	20	13.56	3.17
90	3	444	60	4.39	0.03
90	4	545	62	18.63	0.03
90	5	151	52	12.41	0.03
90	6	570	13	0	3.17
90	7	910	21	13.56	3.17
90	8	816	19	28.16	3.17
90	9	234	54	18.6	0.03
90	10	900	21	13.56	3.17
90	11	613	14	0	3.17
90	12	295	56	22.65	0.03
90	13	922	72	25.21	0.03
90	14	121	51	6.36	0.03
90	15	450	60	0	0.03
90	16	285	55	22.65	0.03
90	17	745	17	1	3.17
90	18	211	54	18.82	0.03
90	19	965	23	2.11	3.17
90	20	800	69	28.69	0.03
90	21	996	29	20.7	4.74
90	22	403	58	9.73	0.03
90	23	990	23	0	3.17
90	24	488	61	0	0.03
90	25	521	11	0	3.17
90	26	593	63	0	0.03
90	27	549	12	0	3.17
90	28	299	6	33	3.17
90	29	668	15	0	3.17
90	30	873	20	13.56	3.17
90	31	470	60	8.48	0.03
90	32	630	64	2.85	0.03
90	33	582	13	0	3.17
90	34	80	0	33	3.17
90	35	422	59	11.23	0.03
90	36	982	73	30.25	0.03
90	37	937	22	2.11	3.17
90	38	769	68	28.69	0.03
90	39	706	16	14.88	3.17
