models=Manhattan	maxpausetime=2	minspeed=22	fixedacceleration=false	maps=Manhattan	height=500	hlines=160,	width=500	dir12lanespace=50	vlines=0,	maxacceleration=10	maxspeed=33	safedistanceratio=2.0	positiveaccratio=2.0	filenamegenerator=simple	seed=outputtrace	numberiterate=true	defaultfilter=edu.sharif.ce.dml.common.data.trace.filter.DirectoryFilter	isinput=false	fileaddress=output	multiple=false	tracewriter=text	nodenumber=10	maxsimulationtime=1000
Time	Node	PositionX	PositionY	Speed	Direction Angle
1	0	0	210	0	0
1	1	0	160	0	-1.57
1	2	50	75	4.93	1.57
1	3	0	160	0	-1.57
1	4	50	497	4.08	1.57
1	5	50	31	8.09	1.57
1	6	0	160	0	-1.57
1	7	50	252	4.06	1.57
1	8	50	245	4.06	1.57
1	9	0	160	0	0
2	0	0	210	0	0
2	1	0	160	0	-1.57
2	2	50	84	8.72	1.57
2	3	0	160	0	-1.57
2	4	50	500	4.49	1.57
2	5	50	48	16.49	1.57
2	6	0	160	0	-1.57
2	7	50	252	0	1.57
2	8	50	245	0	1.57
2	9	3	160	3.42	0
3	0	0	160	0	0
3	1	0	160	0	-1.57
3	2	50	95	10.68	1.57
3	3	0	160	0	-1.57
3	4	50	500	0	1.57
3	5	50	59	11.24	1.57
3	6	0	160	0	-1.57
3	7	50	252	0	1.57
3	8	50	245	0	1.57
3	9	3	160	0	0
4	0	0	160	0	0
4	1	0	156	3.07	-1.57
4	2	50	111	16.6	1.57
4	3	0	160	0	-1.57
4	4	0	500	0	-1.57
4	5	50	62	3.14	1.57
4	6	0	160	0	-1.57
4	7	50	255	3.64	1.57
4	8	50	248	2.62	1.57
4	9	3	160	0	0
5	0	0	160	0	0
5	1	0	150	6.41	-1.57
5	2	50	126	14.57	1.57
5	3	0	160	0	-1.57
5	4	0	498	1.78	-1.57
5	5	50	62	0	1.57
5	6	0	160	0	-1.57
5	7	50	255	0	1.57
5	8	50	249	0.55	1.57
5	9	13	160	9.63	0
6	0	0	160	0	0
6	1	0	150	0	-1.57
6	2	50	135	8.9	1.57
6	3	0	160	0	-1.57
6	4	0	488	9.76	-1.57
6	5	50	62	0	1.57
6	6	0	160	0	-1.57
6	7	50	260	4.21	1.57
6	8	50	249	0.77	1.57
6	9	23	160	10.01	0
7	0	8	160	8.9	0
7	1	0	140	9.93	-1.57
7	2	50	142	6.68	1.57
7	3	0	156	3.73	-1.57
7	4	0	485	2.48	-1.57
7	5	50	62	0	1.57
7	6	0	156	3.73	-1.57
7	7	50	267	7.45	1.57
7	8	50	252	2.65	1.57
7	9	41	160	18.67	0
8	0	23	160	14.65	0
8	1	0	124	16.24	-1.57
8	2	50	144	2.12	1.57
8	3	0	143	13.02	-1.57
8	4	0	485	0	-1.57
8	5	50	62	0	1.57
8	6	0	144	11.73	-1.57
8	7	50	278	10.88	1.57
8	8	50	252	0	1.57
8	9	66	160	25.05	0
9	0	32	160	9.26	0
9	1	0	102	21.93	-1.57
9	2	50	154	9.85	1.57
9	3	0	131	12.04	-1.57
9	4	0	477	8.77	-1.57
9	5	50	62	0	1.57
9	6	0	136	8.13	-1.57
9	7	50	293	15.18	1.57
9	8	50	257	5.24	1.57
9	9	87	160	20.77	0
10	0	35	160	2.69	0
10	1	0	87	15.29	-1.57
10	2	50	160	6.75	1.57
10	3	0	113	17.37	-1.57
10	4	0	459	18.08	-1.57
10	5	50	62	0	1.57
10	6	0	126	10.35	-1.57
10	7	50	312	18.39	1.57
10	8	50	261	3.9	1.57
10	9	115	160	27.6	0
11	0	35	160	0	0
11	1	0	80	6.82	-1.57
11	2	50	160	0	1.57
11	3	0	107	6.82	-1.57
11	4	0	439	19.96	-1.57
11	5	50	67	4.88	1.57
11	6	0	119	6.82	-1.57
11	7	50	321	8.9	1.57
11	8	50	274	13.32	1.57
11	9	148	160	33	0
12	0	38	160	2.74	0
12	1	0	75	4.7	-1.57
12	2	50	160	0	1.57
12	3	0	107	0	-1.57
12	4	0	411	27.73	-1.57
12	5	50	67	0.49	1.57
12	6	0	119	0	-1.57
12	7	50	334	13.95	1.57
12	8	50	296	21.16	1.57
12	9	180	160	32.57	0
13	0	38	160	0.21	0
13	1	0	70	4.91	-1.57
13	2	50	166	6.81	1.57
13	3	0	99	7.15	-1.57
13	4	0	378	33	-1.57
13	5	50	68	0.58	1.57
13	6	0	117	1.34	-1.57
13	7	50	339	4.06	1.57
13	8	50	309	13.49	1.57
13	9	213	160	33	0
14	0	43	160	4.83	0
14	1	0	57	12.97	-1.57
14	2	50	178	11.2	1.57
14	3	0	93	6.16	-1.57
14	4	0	345	33	-1.57
14	5	50	68	0	1.57
14	6	0	113	4.03	-1.57
14	7	50	350	11.02	1.57
14	8	50	327	17.43	1.57
14	9	239	160	25.3	0
15	0	53	160	10.12	0
15	1	0	40	17.04	-1.57
15	2	50	198	20.21	1.57
15	3	0	79	13.74	-1.57
15	4	0	312	33	-1.57
15	5	50	68	0	1.57
15	6	0	113	0	-1.57
15	7	50	359	9.94	1.57
15	8	50	336	9.38	1.57
15	9	270	160	31.2	0
16	0	70	160	17	0
16	1	0	17	22.86	-1.57
16	2	50	224	25.87	1.57
16	3	0	71	8.41	-1.57
16	4	0	285	27.43	-1.57
16	5	50	68	0	1.57
16	6	0	113	0	-1.57
16	7	50	367	7.39	1.57
16	8	50	351	15.33	1.57
16	9	297	160	27.22	0
17	0	88	160	18.57	0
17	1	0	3	14.76	-1.57
17	2	50	249	25.6	1.57
17	3	0	56	15.04	-1.57
17	4	0	252	33	-1.57
17	5	50	68	0	1.57
17	6	0	111	2.38	-1.57
17	7	50	377	9.73	1.57
17	8	50	361	9.73	1.57
17	9	330	160	33	0
18	0	109	160	20.38	0
18	1	0	0	10.68	-1.57
18	2	50	282	32.78	1.57
18	3	0	33	22.7	-1.57
18	4	0	219	33	-1.57
18	5	50	77	8.92	1.57
18	6	0	111	0	-1.57
18	7	50	377	0.37	1.57
18	8	50	361	0.37	1.57
18	9	363	160	33	0
19	0	139	160	29.69	0
19	1	0	0	0	-1.57
19	2	50	315	33	1.57
19	3	0	33	0	-1.57
19	4	0	210	25.33	-1.57
19	5	50	95	17.56	1.57
19	6	0	104	6.79	-1.57
19	7	50	377	0.19	1.57
19	8	50	368	6.85	1.57
19	9	396	160	33	0
20	0	172	160	33	0
20	1	50	0	0	1.57
20	2	50	317	2.25	1.57
20	3	0	27	6.05	-1.57
20	4	0	160	0	0
20	5	50	116	21.29	1.57
20	6	0	104	0	-1.57
20	7	50	379	2.25	1.57
20	8	50	370	2.25	1.57
20	9	421	160	24.82	0
21	0	205	160	33	0
21	1	50	9	9.68	1.57
21	2	50	317	0	1.57
21	3	0	27	0	-1.57
21	4	4	160	4.49	0
21	5	50	137	20.78	1.57
21	6	0	100	3.77	-1.57
21	7	50	389	9.9	1.57
21	8	50	373	2.77	1.57
21	9	445	160	24.53	0
22	0	238	160	33	0
22	1	50	9	0	1.57
22	2	50	322	4.58	1.57
22	3	0	27	0	-1.57
22	4	14	160	9.65	0
22	5	50	148	11.08	1.57
22	6	0	100	0	-1.57
22	7	50	398	8.41	1.57
22	8	50	373	0	1.57
22	9	478	160	32.25	0
23	0	271	160	33	0
23	1	50	9	0	1.57
23	2	50	327	5.31	1.57
23	3	0	22	5.25	-1.57
23	4	24	160	9.88	0
23	5	50	160	17.98	1.57
23	6	0	90	9.94	-1.57
23	7	50	407	8.79	1.57
23	8	50	378	4.59	1.57
23	9	500	160	23.85	0
24	0	304	160	33	0
24	1	50	12	2.89	1.57
24	2	50	339	12.08	1.57
24	3	0	22	0	-1.57
24	4	35	160	11.53	0
24	5	50	160	0	1.57
24	6	0	87	3.65	-1.57
24	7	50	417	10.5	1.57
24	8	50	389	11.65	1.57
24	9	500	210	0	3.14
25	0	337	160	33	0
25	1	50	12	0	1.57
25	2	50	353	14.15	1.57
25	3	0	18	3.9	-1.57
25	4	50	160	15.14	0
25	5	50	210	0	3.14
25	6	0	82	4.9	-1.57
25	7	50	437	20.38	1.57
25	8	50	393	3.66	1.57
25	9	493	210	6.76	3.14
26	0	370	160	33	0
26	1	50	21	9.1	1.57
26	2	50	365	11.51	1.57
26	3	0	16	2.43	-1.57
26	4	74	160	23.32	0
26	5	40	210	9.08	3.14
26	6	0	69	12.75	-1.57
26	7	50	454	16.32	1.57
26	8	50	398	4.54	1.57
26	9	483	210	9.82	3.14
27	0	403	160	33	0
27	1	50	36	15.01	1.57
27	2	50	370	4.87	1.57
27	3	0	9	6.89	-1.57
27	4	94	160	20.37	0
27	5	40	210	0	3.14
27	6	0	50	19.04	-1.57
27	7	50	474	20.02	1.57
27	8	50	403	4.87	1.57
27	9	468	210	14.87	3.14
28	0	436	160	33	0
28	1	50	59	22.45	1.57
28	2	50	384	13.92	1.57
28	3	0	4	4.65	-1.57
28	4	115	160	20.68	0
28	5	40	210	0	3.14
28	6	0	39	11.18	-1.57
28	7	50	500	29.5	1.57
28	8	50	411	8.08	1.57
28	9	451	210	16.76	3.14
29	0	469	160	33	0
29	1	50	87	28.35	1.57
29	2	50	386	2.43	1.57
29	3	0	0	5.81	-1.57
29	4	127	160	12.75	0
29	5	40	210	0	3.14
29	6	0	30	9.28	-1.57
29	7	0	500	0	-1.57
29	8	50	413	2.43	1.57
29	9	428	210	23.76	3.14
30	0	497	160	28.72	0
30	1	50	120	33	1.57
30	2	50	398	11.93	1.57
30	3	50	0	0	1.57
30	4	132	160	4.55	0
30	5	40	210	0	3.14
30	6	0	19	10.88	-1.57
30	7	0	500	0	-1.57
30	8	50	413	0	1.57
30	9	401	210	26.59	3.14
31	0	500	160	19.65	0
31	1	50	153	33	1.57
31	2	50	401	2.57	1.57
31	3	50	3	3.51	1.57
31	4	139	160	7.44	0
31	5	35	210	4.98	3.14
31	6	0	1	17.96	-1.57
31	7	0	495	4.38	-1.57
31	8	50	416	2.57	1.57
31	9	381	210	20.16	3.14
32	0	500	210	0	3.14
32	1	50	160	33	1.57
32	2	50	404	3.71	1.57
32	3	50	16	13.36	1.57
32	4	156	160	16.4	0
32	5	35	210	0	3.14
32	6	0	0	21.25	-1.57
32	7	0	489	5.77	-1.57
32	8	50	420	4.26	1.57
32	9	356	210	24.69	3.14
33	0	493	210	6.53	3.14
33	1	50	160	0	0
33	2	50	410	5.58	1.57
33	3	50	26	9.42	1.57
33	4	171	160	15.46	0
33	5	33	210	2.15	3.14
33	6	50	0	0	1.57
33	7	0	476	13.71	-1.57
33	8	50	430	9.91	1.57
33	9	338	210	18.31	3.14
34	0	483	210	9.71	3.14
34	1	50	160	0	0
34	2	50	410	0	1.57
34	3	50	44	17.75	1.57
34	4	191	160	19.6	0
34	5	31	210	2.62	3.14
34	6	50	0	0.02	1.57
34	7	0	454	21.14	-1.57
34	8	50	433	3.73	1.57
34	9	319	210	18.72	3.14
35	0	469	210	14.08	3.14
35	1	55	160	5.01	0
35	2	50	420	9.73	1.57
35	3	50	65	21.04	1.57
35	4	213	160	21.9	0
35	5	24	210	6.37	3.14
35	6	50	7	7.5	1.57
35	7	0	437	17.21	-1.57
35	8	50	441	7.39	1.57
35	9	292	210	27.43	3.14
36	0	448	210	21.02	3.14
36	1	55	160	0	0
36	2	50	430	10.27	1.57
36	3	50	81	16.68	1.57
36	4	243	160	29.87	0
36	5	24	210	0	3.14
36	6	50	7	0	1.57
36	7	0	420	17.56	-1.57
36	8	50	441	0	1.57
36	9	264	210	28.04	3.14
37	0	424	210	23.97	3.14
37	1	57	160	2.27	0
37	2	50	436	5.71	1.57
37	3	50	106	24.69	1.57
37	4	276	160	33	0
37	5	18	210	6.18	3.14
37	6	50	7	0	1.57
37	7	0	395	24.86	-1.57
37	8	50	446	4.89	1.57
37	9	231	210	33	3.14
38	0	407	210	16.71	3.14
38	1	64	160	7.15	0
38	2	50	436	0	1.57
38	3	50	127	21.01	1.57
38	4	300	160	24.72	0
38	5	3	210	15.15	3.14
38	6	50	17	9.76	1.57
38	7	0	362	33	-1.57
38	8	50	446	0	1.57
38	9	203	210	27.77	3.14
39	0	394	210	13.28	3.14
39	1	75	160	10.79	0
39	2	50	436	0	1.57
39	3	50	152	25.29	1.57
39	4	328	160	27.3	0
39	5	0	210	21.43	3.14
39	6	50	33	16.14	1.57
39	7	0	332	29.48	-1.57
39	8	50	446	0	1.57
39	9	178	210	24.68	3.14
40	0	385	210	9.42	3.14
40	1	77	160	2.48	0
40	2	50	437	1.51	1.57
40	3	50	160	27.18	1.57
40	4	347	160	19.52	0
40	5	0	160	0	0
40	6	50	42	8.76	1.57
40	7	0	307	25.26	-1.57
40	8	50	451	5.23	1.57
40	9	155	210	23.32	3.14
41	0	373	210	11.6	3.14
41	1	87	160	10.28	0
41	2	50	439	1.85	1.57
41	3	50	160	0	1.57
41	4	362	160	15.16	0
41	5	6	160	6.19	0
41	6	50	60	18.63	1.57
41	7	0	274	33	-1.57
41	8	50	451	0	1.57
41	9	141	210	14.16	3.14
42	0	353	210	20.26	3.14
42	1	93	160	5.02	0
42	2	50	443	3.61	1.57
42	3	50	210	0	3.14
42	4	373	160	10.65	0
42	5	17	160	11.09	0
42	6	50	82	21.66	1.57
42	7	0	246	27.64	-1.57
42	8	50	453	2.13	1.57
42	9	124	210	16.63	3.14
43	0	330	210	22.91	3.14
43	1	98	160	5.75	0
43	2	50	451	8.24	1.57
43	3	45	210	4.05	3.14
43	4	390	160	16.96	0
43	5	19	160	2.27	0
43	6	50	102	19.55	1.57
43	7	0	223	23.87	-1.57
43	8	50	464	11.2	1.57
43	9	101	210	22.87	3.14
44	0	307	210	22.69	3.14
44	1	112	160	13.33	0
44	2	50	452	1.47	1.57
44	3	35	210	10.03	3.14
44	4	409	160	18.95	0
44	5	28	160	8.89	0
44	6	50	129	27.25	1.57
44	7	0	210	24.8	-1.57
44	8	50	466	1.47	1.57
44	9	69	210	32.01	3.14
45	0	286	210	20.9	3.14
45	1	122	160	10.49	0
45	2	50	452	0	1.57
45	3	18	210	16.93	3.14
45	4	433	160	24.22	0
45	5	41	160	12.81	0
45	6	50	151	22.6	1.57
45	7	0	210	0	-1.57
45	8	50	466	0	1.57
45	9	50	210	33	3.14
46	0	260	210	26.34	3.14
46	1	137	160	15.31	0
46	2	50	452	0	1.57
46	3	0	210	21.13	3.14
46	4	459	160	26.01	0
46	5	55	160	13.94	0
46	6	50	160	25.2	1.57
46	7	0	210	0	-1.57
46	8	50	466	0	1.57
46	9	50	210	0	3.14
47	0	233	210	26.92	3.14
47	1	150	160	12.79	0
47	2	50	452	0	1.57
47	3	0	210	0	0
47	4	491	160	31.6	0
47	5	66	160	11.75	0
47	6	50	160	0	1.57
47	7	0	209	0.87	-1.57
47	8	50	466	0	1.57
47	9	50	210	0	1.57
48	0	213	210	19.7	3.14
48	1	167	160	16.97	0
48	2	50	452	0	1.57
48	3	0	210	0	-1.57
48	4	500	160	33	0
48	5	88	160	21.21	0
48	6	50	210	0	3.14
48	7	0	209	0	-1.57
48	8	50	466	0	1.57
48	9	50	216	6.08	1.57
49	0	185	210	28.61	3.14
49	1	189	160	22.2	0
49	2	50	452	0	1.57
49	3	0	209	0.95	-1.57
49	4	500	210	0	3.14
49	5	115	160	27.13	0
49	6	47	210	2.02	3.14
49	7	0	208	0.95	-1.57
49	8	50	469	3.51	1.57
49	9	50	216	0	1.57
50	0	159	210	26.21	3.14
50	1	214	160	24.93	0
50	2	50	452	0	1.57
50	3	0	209	0	-1.57
50	4	492	210	7.92	3.14
50	5	141	160	26.18	0
50	6	41	210	6.7	3.14
50	7	0	208	0	-1.57
50	8	50	473	3.59	1.57
50	9	50	223	7.43	1.57
51	0	126	210	33	3.14
51	1	240	160	26.06	0
51	2	50	460	7.94	1.57
51	3	0	209	0	-1.57
51	4	476	210	15.7	3.14
51	5	159	160	18.47	0
51	6	29	210	11.83	3.14
51	7	0	201	7.05	-1.57
51	8	50	473	0	1.57
51	9	50	239	16.23	1.57
52	0	93	210	33	3.14
52	1	273	160	33	0
52	2	50	460	0	1.57
52	3	0	209	0	-1.57
52	4	463	210	12.97	3.14
52	5	179	160	20.04	0
52	6	9	210	19.97	3.14
52	7	0	201	0	-1.57
52	8	50	473	0	1.57
52	9	50	265	26.04	1.57
53	0	63	210	30.04	3.14
53	1	306	160	33	0
53	2	50	460	0	1.57
53	3	0	209	0	-1.57
53	4	443	210	19.97	3.14
53	5	205	160	25.5	0
53	6	0	210	25.52	3.14
53	7	0	197	3.26	-1.57
53	8	50	477	4.23	1.57
53	9	50	289	23.26	1.57
54	0	50	210	20.51	3.14
54	1	339	160	33	0
54	2	50	460	0.22	1.57
54	3	0	207	1.53	-1.57
54	4	417	210	26.31	3.14
54	5	225	160	20.49	0
54	6	0	160	0	0
54	7	0	190	6.98	-1.57
54	8	50	482	4.9	1.57
54	9	50	303	14.62	1.57
55	0	50	210	0	1.57
55	1	372	160	33	0
55	2	50	460	0	1.57
55	3	0	197	10.49	-1.57
55	4	398	210	18.35	3.14
55	5	248	160	22.13	0
55	6	2	160	2.25	0
55	7	0	183	7.35	-1.57
55	8	50	483	1.27	1.57
55	9	50	322	18.84	1.57
56	0	50	217	7.84	1.57
56	1	405	160	33	0
56	2	50	470	9.52	1.57
56	3	0	191	5.56	-1.57
56	4	373	210	25.29	3.14
56	5	272	160	24.84	0
56	6	2	160	0	0
56	7	0	173	10.42	-1.57
56	8	50	483	0	1.57
56	9	50	348	25.77	1.57
57	0	50	231	13.62	1.57
57	1	438	160	33	0
57	2	50	473	2.62	1.57
57	3	0	183	7.73	-1.57
57	4	344	210	29.26	3.14
57	5	303	160	30.4	0
57	6	6	160	4.72	0
57	7	0	170	2.78	-1.57
57	8	50	483	0	1.57
57	9	50	374	26.6	1.57
58	0	50	246	15.5	1.57
58	1	464	160	25.92	0
58	2	50	473	0	1.57
58	3	0	183	0	-1.57
58	4	324	210	19.41	3.14
58	5	336	160	33	0
58	6	9	160	3.01	0
58	7	0	157	12.38	-1.57
58	8	50	483	0	1.57
58	9	50	406	31.85	1.57
59	0	50	252	5.56	1.57
59	1	493	160	28.27	0
59	2	50	474	1.11	1.57
59	3	0	177	6.08	-1.57
59	4	309	210	15.46	3.14
59	5	365	160	28.89	0
59	6	9	160	0	0
59	7	0	144	12.98	-1.57
59	8	50	483	0	1.57
59	9	50	439	32.5	1.57
60	0	50	267	14.98	1.57
60	1	500	160	32.13	0
60	2	50	477	3.41	1.57
60	3	0	168	9.1	-1.57
60	4	293	210	16.07	3.14
60	5	391	160	26.48	0
60	6	10	160	0.58	0
60	7	0	124	20.68	-1.57
60	8	50	490	7.14	1.57
60	9	50	442	3.41	1.57
61	0	50	288	20.82	1.57
61	1	500	160	0	0
61	2	50	485	7.73	1.57
61	3	0	153	14.84	-1.57
61	4	282	210	11.02	3.14
61	5	424	160	33	0
61	6	10	160	0	0
61	7	0	101	22.38	-1.57
61	8	50	500	13.11	1.57
61	9	50	448	6.02	1.57
62	0	50	317	29.45	1.57
62	1	500	210	0	3.14
62	2	50	499	14.29	1.57
62	3	0	134	19.52	-1.57
62	4	263	210	18.79	3.14
62	5	452	160	27.93	0
62	6	15	160	4.69	0
62	7	0	69	32.05	-1.57
62	8	0	500	0	-1.57
62	9	50	450	1.69	1.57
63	0	50	350	32.98	1.57
63	1	499	210	0.24	3.14
63	2	50	500	16.06	1.57
63	3	0	112	21.25	-1.57
63	4	236	210	26.65	3.14
63	5	475	160	23.24	0
63	6	21	160	6.11	0
63	7	0	43	26.39	-1.57
63	8	0	500	0	-1.57
63	9	50	458	8.42	1.57
64	0	50	377	26.74	1.57
64	1	489	210	10.22	3.14
64	2	50	500	0	1.57
64	3	0	87	25.49	-1.57
64	4	214	210	22.54	3.14
64	5	492	160	16.96	0
64	6	25	160	3.81	0
64	7	0	20	22.87	-1.57
64	8	0	493	6.82	-1.57
64	9	50	467	8.76	1.57
65	0	50	403	26.48	1.57
65	1	484	210	4.82	3.14
65	2	0	500	0	-1.57
65	3	0	58	28.68	-1.57
65	4	191	210	22.63	3.14
65	5	500	160	26.18	0
65	6	35	160	10.34	0
65	7	0	0	26.91	-1.57
65	8	0	477	15.25	-1.57
65	9	50	484	17.44	1.57
66	0	50	430	26.08	1.57
66	1	476	210	8.59	3.14
66	2	0	500	0	-1.57
66	3	0	36	22.31	-1.57
66	4	171	210	19.98	3.14
66	5	500	210	0	3.14
66	6	36	160	0.54	0
66	7	50	0	0	1.57
66	8	0	459	18.5	-1.57
66	9	50	500	21.79	1.57
67	0	50	459	29.18	1.57
67	1	464	210	11.44	3.14
67	2	0	492	7.85	-1.57
67	3	0	7	28.58	-1.57
67	4	151	210	20.05	3.14
67	5	491	210	8.98	3.14
67	6	43	160	7.72	0
67	7	50	6	6.3	1.57
67	8	0	448	11.24	-1.57
67	9	50	500	0	1.57
68	0	50	459	0	1.57
68	1	454	210	10.54	3.14
68	2	0	483	8.89	-1.57
68	3	0	0	33	-1.57
68	4	129	210	21.92	3.14
68	5	473	210	17.96	3.14
68	6	52	160	9.04	0
68	7	50	21	15	1.57
68	8	0	433	14.49	-1.57
68	9	0	500	0	-1.57
69	0	50	468	9.01	1.57
69	1	436	210	17.45	3.14
69	2	0	466	16.99	-1.57
69	3	50	0	0	1.57
69	4	111	210	18.36	3.14
69	5	455	210	17.45	3.14
69	6	67	160	15.14	0
69	7	50	45	24.27	1.57
69	8	0	425	8.2	-1.57
69	9	0	495	4.04	-1.57
70	0	50	486	18.76	1.57
70	1	419	210	17.43	3.14
70	2	0	453	12.62	-1.57
70	3	50	0	0.92	1.57
70	4	100	210	11.16	3.14
70	5	442	210	12.81	3.14
70	6	85	160	17.43	0
70	7	50	63	17.84	1.57
70	8	0	425	0	-1.57
70	9	0	493	1.97	-1.57
71	0	50	500	20.22	1.57
71	1	393	210	25.42	3.14
71	2	0	449	3.66	-1.57
71	3	50	10	9.51	1.57
71	4	83	210	16.99	3.14
71	5	436	210	6.2	3.14
71	6	105	160	20.1	0
71	7	50	88	25.44	1.57
71	8	0	417	7.85	-1.57
71	9	0	491	2.01	-1.57
72	0	50	500	0	1.57
72	1	377	210	16.84	3.14
72	2	0	449	0	-1.57
72	3	50	10	0.43	1.57
72	4	65	210	17.91	3.14
72	5	430	210	5.72	3.14
72	6	130	160	25.48	0
72	7	50	114	26.09	1.57
72	8	0	407	10.6	-1.57
72	9	0	479	12.01	-1.57
73	0	0	500	0	-1.57
73	1	350	210	26.47	3.14
73	2	0	443	6.56	-1.57
73	3	50	19	8.49	1.57
73	4	50	210	27.28	3.14
73	5	421	210	9.62	3.14
73	6	162	160	31.22	0
73	7	50	141	26.26	1.57
73	8	0	386	20.1	-1.57
73	9	0	473	6.56	-1.57
74	0	0	500	0	-1.57
74	1	324	210	25.97	3.14
74	2	0	431	11.96	-1.57
74	3	50	28	9.12	1.57
74	4	50	210	0	3.14
74	5	402	210	18.37	3.14
74	6	195	160	33	0
74	7	50	160	27.79	1.57
74	8	0	361	25.54	-1.57
74	9	0	459	14.28	-1.57
75	0	0	500	0	-1.57
75	1	297	210	26.93	3.14
75	2	0	422	9.41	-1.57
75	3	50	47	19.11	1.57
75	4	50	210	0	3.14
75	5	382	210	20.23	3.14
75	6	228	160	33	0
75	7	50	160	0	1.57
75	8	0	337	24.01	-1.57
75	9	0	449	9.41	-1.57
76	0	0	491	8.15	-1.57
76	1	264	210	33	3.14
76	2	0	417	4.25	-1.57
76	3	50	71	24.36	1.57
76	4	48	210	1.6	3.14
76	5	354	210	28.1	3.14
76	6	261	160	33	0
76	7	50	210	0	3.14
76	8	0	307	29.72	-1.57
76	9	0	445	4.25	-1.57
77	0	0	475	16.53	-1.57
77	1	231	210	33	3.14
77	2	0	404	13.65	-1.57
77	3	50	104	32.3	1.57
77	4	45	210	2.46	3.14
77	5	321	210	33	3.14
77	6	294	160	33	0
77	7	50	210	0	3.14
77	8	0	276	30.79	-1.57
77	9	0	432	13.13	-1.57
78	0	0	461	13.91	-1.57
78	1	208	210	23.01	3.14
78	2	0	388	15.67	-1.57
78	3	50	137	33	1.57
78	4	33	210	12.34	3.14
78	5	288	210	33	3.14
78	6	327	160	33	0
78	7	50	210	0	3.14
78	8	0	243	33	-1.57
78	9	0	417	14.58	-1.57
79	0	0	446	15.16	-1.57
79	1	184	210	24.56	3.14
79	2	0	367	21.38	-1.57
79	3	50	160	33	1.57
79	4	17	210	15.92	3.14
79	5	255	210	33	3.14
79	6	357	160	30.36	0
79	7	40	210	9.09	3.14
79	8	0	227	15.92	-1.57
79	9	0	393	24.03	-1.57
80	0	0	423	22.36	-1.57
80	1	158	210	25.76	3.14
80	2	0	352	14.75	-1.57
80	3	50	160	0	1.57
80	4	5	210	12.44	3.14
80	5	228	210	26.68	3.14
80	6	390	160	33	0
80	7	23	210	17.02	3.14
80	8	0	220	7.29	-1.57
80	9	0	378	14.84	-1.57
81	0	0	399	24.55	-1.57
81	1	136	210	22.28	3.14
81	2	0	346	6.14	-1.57
81	3	50	160	0	1.57
81	4	2	210	2.97	3.14
81	5	201	210	27.45	3.14
81	6	423	160	33	0
81	7	20	210	2.97	3.14
81	8	0	217	2.97	-1.57
81	9	0	363	15.32	-1.57
82	0	0	389	9.99	-1.57
82	1	111	210	24.74	3.14
82	2	0	333	13.19	-1.57
82	3	50	163	4	1.57
82	4	0	210	1.97	3.14
82	5	182	210	18.44	3.14
82	6	456	160	33	0
82	7	12	210	8.41	3.14
82	8	0	215	1.97	-1.57
82	9	0	353	9.99	-1.57
83	0	0	385	3.84	-1.57
83	1	85	210	25.41	3.14
83	2	0	320	12.5	-1.57
83	3	50	168	4.84	1.57
83	4	0	210	9.18	3.14
83	5	173	210	9.76	3.14
83	6	489	160	32.95	0
83	7	9	210	3.29	3.14
83	8	0	212	3.29	-1.57
83	9	0	348	5.31	-1.57
84	0	0	377	8.21	-1.57
84	1	54	210	30.99	3.14
84	2	0	313	7.42	-1.57
84	3	50	180	11.46	1.57
84	4	0	160	0	0
84	5	172	210	0.74	3.14
84	6	500	160	26.36	0
84	7	5	210	3.62	3.14
84	8	0	210	10.21	-1.57
84	9	0	343	5.04	-1.57
85	0	0	366	10.94	-1.57
85	1	50	210	22.23	3.14
85	2	0	302	10.79	-1.57
85	3	50	193	13.64	1.57
85	4	0	160	0	0
85	5	167	210	4.98	3.14
85	6	500	160	0	0
85	7	5	210	0	3.14
85	8	0	210	0	-1.57
85	9	0	329	13.3	-1.57
86	0	0	351	14.46	-1.57
86	1	50	210	0	3.14
86	2	0	285	17.22	-1.57
86	3	50	207	13.82	1.57
86	4	9	160	9.67	0
86	5	158	210	8.79	3.14
86	6	500	210	0	3.14
86	7	5	210	0	3.14
86	8	0	201	8.58	-1.57
86	9	0	322	7.79	-1.57
87	0	0	341	10.23	-1.57
87	1	50	210	0	3.14
87	2	0	264	20.35	-1.57
87	3	50	231	23.44	1.57
87	4	26	160	16.52	0
87	5	141	210	17.54	3.14
87	6	493	210	6.06	3.14
87	7	0	210	7.9	3.14
87	8	0	185	15.43	-1.57
87	9	0	311	10.23	-1.57
88	0	0	325	16.4	-1.57
88	1	43	210	6.61	3.14
88	2	0	236	28.56	-1.57
88	3	50	247	16.18	1.57
88	4	44	160	18.38	0
88	5	116	210	24.28	3.14
88	6	483	210	10.58	3.14
88	7	0	210	0	3.14
88	8	0	172	13.23	-1.57
88	9	0	294	17.82	-1.57
89	0	0	302	23.14	-1.57
89	1	36	210	6.47	3.14
89	2	0	236	0	-1.57
89	3	50	257	10.14	1.57
89	4	71	160	26.52	0
89	5	98	210	18.41	3.14
89	6	479	210	3.7	3.14
89	7	0	210	0	0
89	8	0	158	14.29	-1.57
89	9	0	273	20.39	-1.57
90	0	0	274	27.17	-1.57
90	1	28	210	8.84	3.14
90	2	0	233	2.81	-1.57
90	3	50	274	17.27	1.57
90	4	98	160	27.88	0
90	5	70	210	27.92	3.14
90	6	471	210	7.82	3.14
90	7	0	160	0	0
90	8	0	143	15.19	-1.57
90	9	0	247	26.04	-1.57
91	0	0	266	8.28	-1.57
91	1	19	210	8.28	3.14
91	2	0	225	8.28	-1.57
91	3	50	297	22.5	1.57
91	4	126	160	27.78	0
91	5	50	210	31.59	3.14
91	6	469	210	2.52	3.14
91	7	0	160	0	0
91	8	0	134	8.44	-1.57
91	9	0	239	8.28	-1.57
92	0	0	262	4.34	-1.57
92	1	6	210	13.47	3.14
92	2	0	210	16.11	-1.57
92	3	50	317	20.24	1.57
92	4	157	160	30.56	0
92	5	50	210	0	3.14
92	6	466	210	3.15	3.14
92	7	0	160	0	0
92	8	0	119	15.26	-1.57
92	9	0	226	12.82	-1.57
93	0	0	256	5.55	-1.57
93	1	6	210	0	3.14
93	2	0	210	0	-1.57
93	3	50	339	21.8	1.57
93	4	190	160	33	0
93	5	48	210	1.62	3.14
93	6	456	210	9.47	3.14
93	7	0	160	0	0
93	8	0	102	16.68	-1.57
93	9	0	226	0	-1.57
94	0	0	247	9.57	-1.57
94	1	6	210	0	3.14
94	2	0	210	0	0
94	3	50	352	13.22	1.57
94	4	223	160	33	0
94	5	48	210	0	3.14
94	6	454	210	1.92	3.14
94	7	8	160	8.94	0
94	8	0	77	25.83	-1.57
94	9	0	226	0	-1.57
95	0	0	236	10.88	-1.57
95	1	6	210	0	3.14
95	2	0	210	0	0
95	3	50	371	18.74	1.57
95	4	256	160	33	0
95	5	48	210	0	3.14
95	6	451	210	3.58	3.14
95	7	23	160	14.96	0
95	8	0	57	19.9	-1.57
95	9	0	218	7.71	-1.57
96	0	0	233	2.39	-1.57
96	1	0	210	5.52	3.14
96	2	0	160	0	0
96	3	50	393	22.17	1.57
96	4	289	160	33	0
96	5	40	210	7.56	3.14
96	6	443	210	7.23	3.14
96	7	45	160	22.04	0
96	8	0	40	16.47	-1.57
96	9	0	216	2.39	-1.57
97	0	0	233	0	-1.57
97	1	0	210	13.1	3.14
97	2	1	160	1.5	0
97	3	50	417	24.02	1.57
97	4	322	160	33	0
97	5	36	210	4.55	3.14
97	6	427	210	16.16	3.14
97	7	63	160	17.21	0
97	8	0	21	19.11	-1.57
97	9	0	210	5.9	-1.57
98	0	0	233	0	-1.57
98	1	0	210	0	3.14
98	2	4	160	3.19	0
98	3	50	449	32.47	1.57
98	4	349	160	27.41	0
98	5	26	210	10.06	3.14
98	6	413	210	14.1	3.14
98	7	72	160	9.01	0
98	8	0	9	12.46	-1.57
98	9	0	210	0.15	-1.57
99	0	0	233	0	-1.57
99	1	0	210	0	-1.57
99	2	12	160	7.35	0
99	3	50	482	32.8	1.57
99	4	382	160	33	0
99	5	11	210	15.15	3.14
99	6	399	210	14.55	3.14
99	7	86	160	14.32	0
99	8	0	0	8.66	-1.57
99	9	0	210	0	-1.57
100	0	0	233	0	-1.57
100	1	0	207	2.85	-1.57
100	2	27	160	15.02	0
100	3	50	500	33	1.57
100	4	411	160	28.45	0
100	5	11	210	0	3.14
100	6	390	210	8.82	3.14
100	7	105	160	18.53	0
100	8	0	0	16.65	-1.57
100	9	0	210	0	-1.57
101	0	0	224	9.14	-1.57
101	1	0	196	10.95	-1.57
101	2	46	160	19.39	0
101	3	50	500	0	1.57
101	4	444	160	33	0
101	5	5	210	5.7	3.14
101	6	377	210	13.14	3.14
101	7	128	160	23.88	0
101	8	50	0	0	1.57
101	9	0	210	6.9	-1.57
102	0	0	224	0	-1.57
102	1	0	186	9.22	-1.57
102	2	60	160	14.07	0
102	3	0	500	0	-1.57
102	4	474	160	30.75	0
102	5	5	210	0	3.14
102	6	367	210	10.12	3.14
102	7	155	160	26.65	0
102	8	50	7	7.12	1.57
102	9	0	210	0	-1.57
103	0	0	224	0	-1.57
103	1	0	177	9.53	-1.57
103	2	83	160	22.73	0
103	3	0	491	8.29	-1.57
103	4	500	160	33	0
103	5	2	210	2.41	3.14
103	6	351	210	15.88	3.14
103	7	176	160	20.69	0
103	8	50	9	2.72	1.57
103	9	0	210	0	0
104	0	0	221	3.32	-1.57
104	1	0	166	10.74	-1.57
104	2	100	160	17.72	0
104	3	0	490	0.97	-1.57
104	4	500	160	0	0
104	5	1	210	1.13	3.14
104	6	331	210	19.38	3.14
104	7	187	160	10.9	0
104	8	50	11	1.39	1.57
104	9	0	210	0	-1.57
105	0	0	210	10.65	-1.57
105	1	0	164	2.24	-1.57
105	2	117	160	16.76	0
105	3	0	490	0	-1.57
105	4	500	210	0	3.14
105	5	0	210	11.03	3.14
105	6	308	210	23.33	3.14
105	7	199	160	12.15	0
105	8	50	13	2.25	1.57
105	9	0	207	2.81	-1.57
106	0	0	210	0	-1.57
106	1	0	159	5.31	-1.57
106	2	140	160	22.29	0
106	3	0	490	0	-1.57
106	4	500	210	0	3.14
106	5	0	210	0	3.14
106	6	288	210	20.12	3.14
106	7	205	160	5.88	0
106	8	50	21	7.9	1.57
106	9	0	203	3.64	-1.57
107	0	0	210	6.09	-1.57
107	1	0	152	6.5	-1.57
107	2	153	160	13.41	0
107	3	0	487	2.97	-1.57
107	4	491	210	8	3.14
107	5	0	160	0	0
107	6	277	210	11.21	3.14
107	7	217	160	12.08	0
107	8	50	35	14.01	1.57
107	9	0	195	8.04	-1.57
108	0	0	210	0	-1.57
108	1	0	141	11.37	-1.57
108	2	175	160	22.2	0
108	3	0	487	0	-1.57
108	4	480	210	11	3.14
108	5	9	160	9.9	0
108	6	269	210	7.35	3.14
108	7	233	160	16.37	0
108	8	50	58	23.29	1.57
108	9	0	195	0	-1.57
109	0	0	160	0	0
109	1	0	124	17.23	-1.57
109	2	205	160	29.65	0
109	3	0	480	7.52	-1.57
109	4	462	210	18.89	3.14
109	5	20	160	10.63	0
109	6	256	210	13.2	3.14
109	7	248	160	14.55	0
109	8	50	89	30.7	1.57
109	9	0	187	7.71	-1.57
110	0	8	160	8.66	0
110	1	0	107	16.16	-1.57
110	2	218	160	13.06	0
110	3	0	463	17.06	-1.57
110	4	436	210	25.5	3.14
110	5	21	160	0.82	0
110	6	239	210	17.47	3.14
110	7	261	160	13.06	0
110	8	50	110	21.39	1.57
110	9	0	182	4.82	-1.57
111	0	13	160	4.53	0
111	1	0	92	15.54	-1.57
111	2	223	160	5.52	0
111	3	0	451	11.41	-1.57
111	4	407	210	29.2	3.14
111	5	25	160	4.53	0
111	6	227	210	11.18	3.14
111	7	284	160	22.94	0
111	8	50	140	29.92	1.57
111	9	0	178	4.61	-1.57
112	0	13	160	0	0
112	1	0	71	21.25	-1.57
112	2	224	160	1.09	0
112	3	0	448	3.77	-1.57
112	4	382	210	24.55	3.14
112	5	36	160	10.73	0
112	6	214	210	13.11	3.14
112	7	315	160	31.79	0
112	8	50	160	33	1.57
112	9	0	165	13.07	-1.57
113	0	13	160	0	0
113	1	0	55	15.16	-1.57
113	2	224	160	0	0
113	3	0	448	0	-1.57
113	4	360	210	22.37	3.14
113	5	56	160	20.37	0
113	6	193	210	21.83	3.14
113	7	348	160	33	0
113	8	50	160	0	1.57
113	9	0	152	12.39	-1.57
114	0	13	160	0	0
114	1	0	36	19.69	-1.57
114	2	227	160	2.29	0
114	3	0	446	1.31	-1.57
114	4	336	210	24.21	3.14
114	5	78	160	21.77	0
114	6	178	210	14.88	3.14
114	7	381	160	33	0
114	8	50	160	0	0
114	9	0	133	19.51	-1.57
115	0	18	160	5.77	0
115	1	0	17	18.81	-1.57
115	2	230	160	3.27	0
115	3	0	446	0	-1.57
115	4	307	210	28.34	3.14
115	5	105	160	26.48	0
115	6	162	210	15.57	3.14
115	7	414	160	33	0
115	8	55	160	5.62	0
115	9	0	116	17.26	-1.57
116	0	22	160	3.44	0
116	1	0	0	24.63	-1.57
116	2	237	160	6.9	0
116	3	0	445	0.76	-1.57
116	4	282	210	25.08	3.14
116	5	136	160	31.75	0
116	6	153	210	9.33	3.14
116	7	447	160	33	0
116	8	55	160	0	0
116	9	0	108	8.02	-1.57
117	0	31	160	9.51	0
117	1	0	0	0	-1.57
117	2	246	160	9.01	0
117	3	0	436	9.76	-1.57
117	4	250	210	32.72	3.14
117	5	162	160	26.02	0
117	6	149	210	3.61	3.14
117	7	480	160	33	0
117	8	55	160	0	0
117	9	0	94	13.77	-1.57
118	0	33	160	1.99	0
118	1	50	0	0	1.57
118	2	254	160	7.91	0
118	3	0	418	17.25	-1.57
118	4	217	210	32.53	3.14
118	5	184	160	21.05	0
118	6	149	210	0	3.14
118	7	500	160	33	0
118	8	57	160	1.99	0
118	9	0	76	17.36	-1.57
119	0	38	160	4.53	0
119	1	50	9	9.35	1.57
119	2	259	160	5.55	0
119	3	0	408	10.72	-1.57
119	4	184	210	33	3.14
119	5	205	160	21.66	0
119	6	146	210	3.18	3.14
119	7	500	210	0	3.14
119	8	68	160	11.11	0
119	9	0	50	26.36	-1.57
120	0	40	160	2	0
120	1	50	24	14.75	1.57
120	2	268	160	8.45	0
120	3	0	403	4.35	-1.57
120	4	177	210	6.68	3.14
120	5	227	160	21.64	0
120	6	139	210	6.68	3.14
120	7	500	210	0	3.14
120	8	84	160	15.74	0
120	9	0	23	27.01	-1.57
121	0	40	160	0	0
121	1	50	39	15.57	1.57
121	2	286	160	18.15	0
121	3	0	392	11.56	-1.57
121	4	174	210	3.52	3.14
121	5	252	160	24.78	0
121	6	136	210	3.67	3.14
121	7	496	210	3.47	3.14
121	8	103	160	18.62	0
121	9	0	6	17.01	-1.57
122	0	40	160	0	0
122	1	50	56	17.26	1.57
122	2	307	160	20.88	0
122	3	0	370	21.43	-1.57
122	4	170	210	4.24	3.14
122	5	270	160	18.61	0
122	6	123	210	12.24	3.14
122	7	487	210	8.83	3.14
122	8	117	160	14.1	0
122	9	0	0	20.79	-1.57
123	0	46	160	5.76	0
123	1	50	82	25.79	1.57
123	2	331	160	23.78	0
123	3	0	351	19.26	-1.57
123	4	169	210	0.21	3.14
123	5	286	160	15.89	0
123	6	103	210	20.47	3.14
123	7	470	210	17.58	3.14
123	8	131	160	14.17	0
123	9	0	0	0	-1.57
124	0	60	160	13.96	0
124	1	50	114	32.01	1.57
124	2	358	160	27.85	0
124	3	0	324	26.86	-1.57
124	4	161	210	8.94	3.14
124	5	305	160	18.65	0
124	6	91	210	11.5	3.14
124	7	449	210	20.99	3.14
124	8	152	160	21.51	0
124	9	50	0	0	1.57
125	0	78	160	18.72	0
125	1	50	147	33	1.57
125	2	382	160	23.65	0
125	3	0	294	30.63	-1.57
125	4	149	210	11.44	3.14
125	5	327	160	22.73	0
125	6	80	210	11.55	3.14
125	7	420	210	28.27	3.14
125	8	181	160	28.34	0
125	9	50	1	1.85	1.57
126	0	102	160	24.08	0
126	1	50	160	33	1.57
126	2	398	160	15.94	0
126	3	0	261	33	-1.57
126	4	145	210	4.12	3.14
126	5	343	160	15.05	0
126	6	75	210	4.55	3.14
126	7	394	210	26.66	3.14
126	8	200	160	18.91	0
126	9	50	10	8.39	1.57
127	0	133	160	30.9	0
127	1	50	160	0	1.57
127	2	417	160	18.84	0
127	3	0	228	33	-1.57
127	4	140	210	4.99	3.14
127	5	362	160	19.34	0
127	6	63	210	12.44	3.14
127	7	366	210	28.03	3.14
127	8	210	160	10.54	0
127	9	50	21	10.92	1.57
128	0	159	160	25.46	0
128	1	50	160	0	1.57
128	2	433	160	16.53	0
128	3	0	210	25.74	-1.57
128	4	132	210	8.23	3.14
128	5	388	160	26.6	0
128	6	57	210	5.91	3.14
128	7	336	210	29.72	3.14
128	8	220	160	9.8	0
128	9	50	35	14.4	1.57
129	0	159	160	0.3	0
129	1	50	162	2.05	1.57
129	2	446	160	12.2	0
129	3	0	160	0	0
129	4	132	210	0.15	3.14
129	5	401	160	12.2	0
129	6	50	210	12.46	3.14
129	7	315	210	20.5	3.14
129	8	220	160	0.3	0
129	9	50	53	17.83	1.57
130	0	162	160	2.93	0
130	1	50	170	8.23	1.57
130	2	465	160	19.65	0
130	3	8	160	8.08	0
130	4	127	210	4.83	3.14
130	5	406	160	5.37	0
130	6	50	210	0	1.57
130	7	291	210	24.46	3.14
130	8	224	160	3.29	0
130	9	50	69	15.94	1.57
131	0	170	160	7.69	0
131	1	50	170	0	1.57
131	2	490	160	24.32	0
131	3	17	160	9	0
131	4	115	210	11.52	3.14
131	5	412	160	6.06	0
131	6	50	211	1.16	1.57
131	7	271	210	19.91	3.14
131	8	233	160	9.12	0
131	9	50	77	8.27	1.57
132	0	171	160	1.5	0
132	1	50	178	8.57	1.57
132	2	500	160	31.58	0
132	3	27	160	10.67	0
132	4	98	210	17.42	3.14
132	5	419	160	7.28	0
132	6	50	211	0	1.57
132	7	251	210	20.55	3.14
132	8	251	160	18.13	0
132	9	50	92	14.5	1.57
133	0	171	160	0	0
133	1	50	192	13.77	1.57
133	2	500	160	0	0
133	3	41	160	14	0
133	4	80	210	17.55	3.14
133	5	419	160	0	0
133	6	50	217	6.31	1.57
133	7	221	210	29.86	3.14
133	8	275	160	23.79	0
133	9	50	111	19.41	1.57
134	0	171	160	0	0
134	1	50	206	14.09	1.57
134	2	500	210	0	3.14
134	3	65	160	23.63	0
134	4	55	210	25.18	3.14
134	5	428	160	8.67	0
134	6	50	233	15.97	1.57
134	7	197	210	23.41	3.14
134	8	290	160	15.89	0
134	9	50	140	29.05	1.57
135	0	179	160	7.93	0
135	1	50	216	9.55	1.57
135	2	493	210	6.56	3.14
135	3	96	160	31.59	0
135	4	50	210	31.97	3.14
135	5	441	160	12.96	0
135	6	50	244	11.19	1.57
135	7	169	210	27.98	3.14
135	8	311	160	20.05	0
135	9	50	160	23.21	1.57
136	0	195	160	15.73	0
136	1	50	230	14.67	1.57
136	2	476	210	16.53	3.14
136	3	129	160	33	0
136	4	50	210	0	3.14
136	5	455	160	13.86	0
136	6	50	253	8.97	1.57
136	7	136	210	33	3.14
136	8	329	160	18.64	0
136	9	50	210	0	3.14
137	0	215	160	19.7	0
137	1	50	248	17.33	1.57
137	2	465	210	11.29	3.14
137	3	159	160	29.87	0
137	4	50	210	0	3.14
137	5	472	160	17	0
137	6	50	270	17.33	1.57
137	7	104	210	32.48	3.14
137	8	341	160	12.32	0
137	9	50	210	0	3.14
138	0	244	160	29.59	0
138	1	50	258	10.39	1.57
138	2	449	210	16.08	3.14
138	3	191	160	31.79	0
138	4	50	210	0	3.14
138	5	494	160	22.34	0
138	6	50	281	10.39	1.57
138	7	80	210	23.46	3.14
138	8	358	160	16.93	0
138	9	50	210	0	3.14
139	0	271	160	26.78	0
139	1	50	273	14.6	1.57
139	2	439	210	10.42	3.14
139	3	215	160	24.31	0
139	4	41	210	8.16	3.14
139	5	500	160	30.67	0
139	6	50	298	17.54	1.57
139	7	63	210	17.46	3.14
139	8	370	160	11.61	0
139	9	41	210	8.16	3.14
140	0	304	160	33	0
140	1	50	279	6.53	1.57
140	2	422	210	16.3	3.14
140	3	245	160	29.74	0
140	4	27	210	14.2	3.14
140	5	500	160	0	0
140	6	50	324	26.02	1.57
140	7	54	210	8.68	3.14
140	8	386	160	15.92	0
140	9	39	210	2.1	3.14
141	0	337	160	33	0
141	1	50	292	13.18	1.57
141	2	407	210	15.02	3.14
141	3	276	160	30.42	0
141	4	23	210	4.62	3.14
141	5	500	210	0	3.14
141	6	50	353	28.25	1.57
141	7	50	210	9.57	3.14
141	8	404	160	17.97	0
141	9	35	210	4.62	3.14
142	0	370	160	33	0
142	1	50	307	14.23	1.57
142	2	394	210	13.44	3.14
142	3	309	160	33	0
142	4	11	210	11.95	3.14
142	5	500	210	0	3.14
142	6	50	375	22.33	1.57
142	7	50	210	0	3.14
142	8	424	160	19.95	0
142	9	25	210	9.58	3.14
143	0	399	160	28.7	0
143	1	50	328	21.53	1.57
143	2	373	210	20.96	3.14
143	3	342	160	33	0
143	4	6	210	4.1	3.14
143	5	494	210	5.29	3.14
143	6	50	390	14.71	1.57
143	7	50	210	0	3.14
143	8	436	160	11.7	0
143	9	21	210	4.1	3.14
144	0	420	160	21.52	0
144	1	50	354	26.01	1.57
144	2	359	210	13.68	3.14
144	3	373	160	31.88	0
144	4	0	210	9.1	3.14
144	5	493	210	1.02	3.14
144	6	50	402	12.04	1.57
144	7	50	210	0	3.14
144	8	457	160	21.52	0
144	9	15	210	5.84	3.14
145	0	435	160	14.74	0
145	1	50	366	11.65	1.57
145	2	353	210	5.99	3.14
145	3	388	160	14.74	0
145	4	0	160	0	0
145	5	483	210	10.43	3.14
145	6	50	413	11.65	1.57
145	7	42	210	7.92	3.14
145	8	472	160	14.74	0
145	9	2	210	12.98	3.14
146	0	448	160	12.8	0
146	1	50	368	2.61	1.57
146	2	345	210	7.77	3.14
146	3	411	160	22.66	0
146	4	7	160	7.14	0
146	5	463	210	19.46	3.14
146	6	50	430	16.19	1.57
146	7	32	210	9.73	3.14
146	8	478	160	6.2	0
146	9	0	210	4.26	3.14
147	0	452	160	4.48	0
147	1	50	379	10.25	1.57
147	2	331	210	14.23	3.14
147	3	415	160	4.48	0
147	4	21	160	14.34	0
147	5	447	210	16.17	3.14
147	6	50	448	18.63	1.57
147	7	17	210	14.65	3.14
147	8	488	160	10.11	0
147	9	0	160	0	0
148	0	455	160	3.18	0
148	1	50	397	17.95	1.57
148	2	313	210	17.82	3.14
148	3	424	160	8.29	0
148	4	45	160	24.12	0
148	5	423	210	23.84	3.14
148	6	50	467	18.38	1.57
148	7	0	210	19.42	3.14
148	8	500	160	17.66	0
148	9	0	160	0	0
149	0	456	160	1.02	0
149	1	50	422	25.56	1.57
149	2	303	210	10.59	3.14
149	3	435	160	11.22	0
149	4	76	160	30.49	0
149	5	395	210	28.37	3.14
149	6	50	491	24.67	1.57
149	7	0	210	0	3.14
149	8	500	210	0	3.14
149	9	7	160	7.24	0
150	0	467	160	10.28	0
150	1	50	440	18.05	1.57
150	2	288	210	14.93	3.14
150	3	443	160	7.96	0
150	4	109	160	33	0
150	5	362	210	33	3.14
150	6	50	500	28.67	1.57
150	7	0	210	0	-1.57
150	8	498	210	1.86	3.14
150	9	13	160	6.43	0
151	0	484	160	17.52	0
151	1	50	467	26.54	1.57
151	2	267	210	20.55	3.14
151	3	458	160	15.67	0
151	4	142	160	33	0
151	5	329	210	33	3.14
151	6	50	500	0	1.57
151	7	0	210	0	-1.57
151	8	493	210	5.08	3.14
151	9	27	160	13.51	0
152	0	500	160	21.14	0
152	1	50	490	23.31	1.57
152	2	245	210	22.63	3.14
152	3	473	160	14.21	0
152	4	174	160	32.67	0
152	5	296	210	33	3.14
152	6	0	500	0	-1.57
152	7	0	210	0	-1.57
152	8	481	210	11.59	3.14
152	9	32	160	5.59	0
153	0	500	210	0	3.14
153	1	50	500	26.9	1.57
153	2	213	210	31.61	3.14
153	3	491	160	18.04	0
153	4	207	160	33	0
153	5	263	210	33	3.14
153	6	0	494	5.12	-1.57
153	7	0	210	0	-1.57
153	8	463	210	17.56	3.14
153	9	41	160	8.57	0
154	0	495	210	4.13	3.14
154	1	50	500	0	1.57
154	2	180	210	33	3.14
154	3	500	160	9.41	0
154	4	240	160	33	0
154	5	230	210	33	3.14
154	6	0	481	13.24	-1.57
154	7	0	210	0	-1.57
154	8	438	210	25.18	3.14
154	9	56	160	15.49	0
155	0	482	210	13.32	3.14
155	1	0	500	0	-1.57
155	2	147	210	33	3.14
155	3	500	160	0	0
155	4	273	160	33	0
155	5	197	210	32.78	3.14
155	6	0	463	17.78	-1.57
155	7	0	206	3.77	-1.57
155	8	412	210	26.2	3.14
155	9	66	160	10.1	0
156	0	463	210	19.5	3.14
156	1	0	494	5.59	-1.57
156	2	114	210	33	3.14
156	3	500	210	0	3.14
156	4	306	160	33	0
156	5	170	210	26.85	3.14
156	6	0	443	19.88	-1.57
156	7	0	201	4.28	-1.57
156	8	393	210	19.42	3.14
156	9	70	160	3.74	0
157	0	438	210	24.41	3.14
157	1	0	486	7.42	-1.57
157	2	81	210	33	3.14
157	3	500	210	0	3.14
157	4	339	160	33	0
157	5	137	210	33	3.14
157	6	0	420	23.03	-1.57
157	7	0	199	1.96	-1.57
157	8	370	210	22.88	3.14
157	9	70	160	0	0
158	0	414	210	23.67	3.14
158	1	0	486	0	-1.57
158	2	50	210	33	3.14
158	3	493	210	6.32	3.14
158	4	367	160	27.97	0
158	5	104	210	33	3.14
158	6	0	399	21.49	-1.57
158	7	0	196	3.42	-1.57
158	8	338	210	31.95	3.14
158	9	70	160	0	0
159	0	389	210	25.51	3.14
159	1	0	486	0.61	-1.57
159	2	0	210	0	-1.57
159	3	493	210	0	3.14
159	4	394	160	26.37	0
159	5	71	210	33	3.14
159	6	0	376	22.72	-1.57
159	7	0	186	10	-1.57
159	8	305	210	33	3.14
159	9	77	160	6.42	0
160	0	366	210	22.87	3.14
160	1	0	479	7.28	-1.57
160	2	0	205	4.44	-1.57
160	3	489	210	3.94	3.14
160	4	420	160	26.85	0
160	5	50	210	33	3.14
160	6	0	353	22.86	-1.57
160	7	0	179	7.44	-1.57
160	8	273	210	31.47	3.14
160	9	86	160	9.07	0
161	0	342	210	24.58	3.14
161	1	0	476	2.64	-1.57
161	2	0	205	0	-1.57
161	3	482	210	7.64	3.14
161	4	444	160	23.52	0
161	5	50	210	0	3.14
161	6	0	325	28.82	-1.57
161	7	0	176	2.74	-1.57
161	8	240	210	33	3.14
161	9	105	160	18.85	0
162	0	325	210	16.47	3.14
162	1	0	467	9.31	-1.57
162	2	0	205	0.52	-1.57
162	3	466	210	15.92	3.14
162	4	477	160	33	0
162	5	50	210	0	1.57
162	6	0	305	19.76	-1.57
162	7	0	170	5.99	-1.57
162	8	207	210	33	3.14
162	9	127	160	22.79	0
163	0	317	210	7.95	3.14
163	1	0	451	15.67	-1.57
163	2	0	203	1.45	-1.57
163	3	442	210	24.09	3.14
163	4	500	160	33	0
163	5	50	210	0	1.57
163	6	0	290	14.71	-1.57
163	7	0	165	4.51	-1.57
163	8	174	210	33	3.14
163	9	156	160	28.52	0
164	0	316	210	1.33	3.14
164	1	0	435	15.89	-1.57
164	2	0	203	0	-1.57
164	3	409	210	33	3.14
164	4	500	160	0	0
164	5	50	210	0	1.57
164	6	0	277	12.69	-1.57
164	7	0	164	1.54	-1.57
164	8	141	210	33	3.14
164	9	189	160	33	0
165	0	310	210	6.03	3.14
165	1	0	426	8.84	-1.57
165	2	0	195	7.8	-1.57
165	3	376	210	33	3.14
165	4	500	210	0	3.14
165	5	50	218	8.05	1.57
165	6	0	264	13.15	-1.57
165	7	0	164	0	-1.57
165	8	108	210	33	3.14
165	9	218	160	29.42	0
166	0	303	210	7.22	3.14
166	1	0	416	10.39	-1.57
166	2	0	183	12.68	-1.57
166	3	343	210	33	3.14
166	4	500	210	0	3.14
166	5	50	234	16.48	1.57
166	6	0	252	11.76	-1.57
166	7	0	159	5.28	-1.57
166	8	75	210	33	3.14
166	9	251	160	33	0
167	0	292	210	10.95	3.14
167	1	0	399	16.97	-1.57
167	2	0	172	10.53	-1.57
167	3	332	210	10.95	3.14
167	4	496	210	3.62	3.14
167	5	50	252	18.4	1.57
167	6	0	233	19.31	-1.57
167	7	0	148	10.53	-1.57
167	8	50	210	33	3.14
167	9	284	160	33	0
168	0	272	210	19.96	3.14
168	1	0	374	25.07	-1.57
168	2	0	162	9.68	-1.57
168	3	313	210	18.54	3.14
168	4	485	210	10.66	3.14
168	5	50	277	24.1	1.57
168	6	0	210	28.99	-1.57
168	7	0	136	11.65	-1.57
168	8	0	210	0	-1.57
168	9	317	160	33	0
169	0	244	210	27.86	3.14
169	1	0	356	18.26	-1.57
169	2	0	160	2.33	-1.57
169	3	304	210	8.63	3.14
169	4	482	210	3.68	3.14
169	5	50	301	24.76	1.57
169	6	0	160	0	0
169	7	0	134	2.33	-1.57
169	8	0	200	9.01	-1.57
169	9	349	160	31.91	0
170	0	224	210	20.16	3.14
170	1	0	333	22.2	-1.57
170	2	0	152	8.01	-1.57
170	3	304	210	0	3.14
170	4	472	210	9.87	3.14
170	5	50	321	19.28	1.57
170	6	0	160	0	0
170	7	0	122	11.67	-1.57
170	8	0	188	12.53	-1.57
170	9	382	160	33	0
171	0	200	210	23.54	3.14
171	1	0	304	29.48	-1.57
171	2	0	144	8.27	-1.57
171	3	304	210	0	3.14
171	4	452	210	19.69	3.14
171	5	50	346	25.14	1.57
171	6	1	160	1.87	0
171	7	0	110	12.89	-1.57
171	8	0	173	15.34	-1.57
171	9	409	160	26.46	0
172	0	167	210	32.76	3.14
172	1	0	271	33	-1.57
172	2	0	133	11.17	-1.57
172	3	304	210	0	3.14
172	4	440	210	11.63	3.14
172	5	50	378	31.89	1.57
172	6	6	160	4.99	0
172	7	0	102	7.33	-1.57
172	8	0	156	16.3	-1.57
172	9	436	160	27.39	0
173	0	134	210	33	3.14
173	1	0	243	27.61	-1.57
173	2	0	124	8.15	-1.57
173	3	304	210	0.47	3.14
173	4	428	210	11.96	3.14
173	5	50	402	24.51	1.57
173	6	6	160	0	0
173	7	0	94	8.15	-1.57
173	8	0	148	8.15	-1.57
173	9	465	160	29.01	0
174	0	101	210	33	3.14
174	1	0	217	26.46	-1.57
174	2	0	112	12.16	-1.57
174	3	301	210	3.4	3.14
174	4	407	210	21.16	3.14
174	5	50	432	29.81	1.57
174	6	7	160	0.95	0
174	7	0	84	10.38	-1.57
174	8	0	148	0.19	-1.57
174	9	498	160	33	0
175	0	68	210	33	3.14
175	1	0	210	31.61	-1.57
175	2	0	107	5.22	-1.57
175	3	291	210	9.26	3.14
175	4	396	210	11.51	3.14
175	5	50	453	21.2	1.57
175	6	7	160	0	0
175	7	0	68	15.99	-1.57
175	8	0	143	4.92	-1.57
175	9	500	160	33	0
176	0	50	210	33	3.14
176	1	0	210	0	-1.57
176	2	0	99	7.7	-1.57
176	3	278	210	13.78	3.14
176	4	384	210	12.07	3.14
176	5	50	466	12.42	1.57
176	6	12	160	4.46	0
176	7	0	61	6.89	-1.57
176	8	0	143	0	-1.57
176	9	500	210	0	3.14
177	0	50	210	0	1.57
177	1	0	160	0	0
177	2	0	92	7.28	-1.57
177	3	271	210	6.37	3.14
177	4	362	210	21.45	3.14
177	5	50	478	12.42	1.57
177	6	18	160	6.12	0
177	7	0	57	3.43	-1.57
177	8	0	142	1.44	-1.57
177	9	500	210	0	3.14
178	0	50	210	0	1.57
178	1	2	160	2.97	0
178	2	0	82	10.18	-1.57
178	3	266	210	5.57	3.14
178	4	349	210	12.95	3.14
178	5	50	496	18.2	1.57
178	6	22	160	4.23	0
178	7	0	45	12.53	-1.57
178	8	0	139	3.06	-1.57
178	9	493	210	6.36	3.14
179	0	50	210	0	1.57
179	1	7	160	4.86	0
179	2	0	71	10.53	-1.57
179	3	252	210	13.77	3.14
179	4	334	210	15.42	3.14
179	5	50	500	27.71	1.57
179	6	30	160	8.26	0
179	7	0	32	13.12	-1.57
179	8	0	130	8.64	-1.57
179	9	481	210	12.05	3.14
180	0	50	218	8.62	1.57
180	1	7	160	0	0
180	2	0	69	1.92	-1.57
180	3	232	210	19.4	3.14
180	4	323	210	10.48	3.14
180	5	0	500	0	-1.57
180	6	34	160	4.1	0
180	7	0	26	5.3	-1.57
180	8	0	128	2.04	-1.57
180	9	460	210	20.61	3.14
181	0	50	234	15.67	1.57
181	1	7	160	0	0
181	2	0	62	7.41	-1.57
181	3	212	210	20.87	3.14
181	4	304	210	19.42	3.14
181	5	0	491	8.38	-1.57
181	6	38	160	3.73	0
181	7	0	21	5.07	-1.57
181	8	0	128	0	-1.57
181	9	431	210	29.54	3.14
182	0	50	256	21.84	1.57
182	1	17	160	9.43	0
182	2	0	49	12.8	-1.57
182	3	185	210	26.51	3.14
182	4	294	210	9.56	3.14
182	5	0	476	14.99	-1.57
182	6	40	160	2.23	0
182	7	0	7	14.05	-1.57
182	8	0	128	0	-1.57
182	9	398	210	32.62	3.14
183	0	50	285	28.88	1.57
183	1	20	160	2.97	0
183	2	0	35	14.23	-1.57
183	3	167	210	17.84	3.14
183	4	286	210	7.87	3.14
183	5	0	463	12.76	-1.57
183	6	43	160	2.97	0
183	7	0	0	13.27	-1.57
183	8	0	121	7.37	-1.57
183	9	365	210	33	3.14
184	0	50	318	33	1.57
184	1	28	160	7.89	0
184	2	0	18	17.2	-1.57
184	3	145	210	22.14	3.14
184	4	278	210	8.46	3.14
184	5	0	457	6.84	-1.57
184	6	46	160	2.16	0
184	7	50	0	0	1.57
184	8	0	121	0	-1.57
184	9	332	210	33	3.14
185	0	50	351	33	1.57
185	1	28	160	0	0
185	2	0	6	11.89	-1.57
185	3	121	210	24.37	3.14
185	4	275	210	3.36	3.14
185	5	0	446	10.86	-1.57
185	6	46	160	0	0
185	7	50	6	6.36	1.57
185	8	0	121	0	-1.57
185	9	329	210	3.36	3.14
186	0	50	384	33	1.57
186	1	31	160	3.72	0
186	2	0	0	15.06	-1.57
186	3	98	210	23.23	3.14
186	4	271	210	3.63	3.14
186	5	0	430	15.7	-1.57
186	6	54	160	8.46	0
186	7	50	18	11.75	1.57
186	8	0	113	7.54	-1.57
186	9	322	210	6.98	3.14
187	0	50	415	31.16	1.57
187	1	41	160	9.73	0
187	2	50	0	0	1.57
187	3	68	210	29.59	3.14
187	4	262	210	9.22	3.14
187	5	0	407	23.27	-1.57
187	6	54	160	0	0
187	7	50	32	14.4	1.57
187	8	0	113	0	-1.57
187	9	314	210	7.9	3.14
188	0	50	447	31.91	1.57
188	1	45	160	4.35	0
188	2	50	7	7.54	1.57
188	3	50	210	33	3.14
188	4	250	210	11.69	3.14
188	5	0	378	29.09	-1.57
188	6	58	160	4.35	0
188	7	50	51	19.43	1.57
188	8	0	108	5.26	-1.57
188	9	308	210	6.2	3.14
189	0	50	480	33	1.57
189	1	53	160	7.29	0
189	2	50	16	8.75	1.57
189	3	50	210	0	3.14
189	4	229	210	20.74	3.14
189	5	0	349	28.88	-1.57
189	6	69	160	10.19	0
189	7	50	65	13.67	1.57
189	8	0	100	7.25	-1.57
189	9	308	210	0	3.14
190	0	50	500	33	1.57
190	1	64	160	11.22	0
190	2	50	22	6.16	1.57
190	3	47	210	2.98	3.14
190	4	217	210	12.23	3.14
190	5	0	316	33	-1.57
190	6	79	160	10.94	0
190	7	50	84	19.17	1.57
190	8	0	90	10.73	-1.57
190	9	304	210	4.19	3.14
191	0	50	500	0	1.57
191	1	68	160	3.93	0
191	2	50	30	7.78	1.57
191	3	45	210	1.56	3.14
191	4	211	210	6.35	3.14
191	5	0	283	33	-1.57
191	6	83	160	3.5	0
191	7	50	108	24.17	1.57
191	8	0	70	19.82	-1.57
191	9	290	210	14.06	3.14
192	0	0	500	0	-1.57
192	1	72	160	4.04	0
192	2	50	40	9.99	1.57
192	3	45	210	0	3.14
192	4	210	210	1.07	3.14
192	5	0	250	33	-1.57
192	6	89	160	6.14	0
192	7	50	135	26.54	1.57
192	8	0	49	21.31	-1.57
192	9	271	210	18.86	3.14
193	0	0	500	0	-1.57
193	1	81	160	9.3	0
193	2	50	44	4.48	1.57
193	3	43	210	2.26	3.14
193	4	210	210	0	3.14
193	5	0	217	33	-1.57
193	6	97	160	8.35	0
193	7	50	160	24.81	1.57
193	8	0	28	20.87	-1.57
193	9	243	210	27.56	3.14
194	0	0	492	7.41	-1.57
194	1	96	160	14.76	0
194	2	50	44	0	1.57
194	3	39	210	3.55	3.14
194	4	210	210	0	3.14
194	5	0	210	33	-1.57
194	6	115	160	17.61	0
194	7	50	160	0	1.57
194	8	0	13	14.88	-1.57
194	9	243	210	0	3.14
195	0	0	492	0	-1.57
195	1	117	160	21.01	0
195	2	50	45	0.71	1.57
195	3	32	210	7.21	3.14
195	4	207	210	2.98	3.14
195	5	0	210	0	-1.57
195	6	136	160	21.01	0
195	7	50	160	0	0
195	8	0	0	19.12	-1.57
195	9	243	210	0	3.14
196	0	0	491	1.16	-1.57
196	1	140	160	23.33	0
196	2	50	53	7.6	1.57
196	3	26	210	5.51	3.14
196	4	204	210	2.79	3.14
196	5	0	210	0	-1.57
196	6	159	160	23.33	0
196	7	50	160	0.42	0
196	8	50	0	0	1.57
196	9	241	210	2.55	3.14
197	0	0	483	7.59	-1.57
197	1	157	160	16.34	0
197	2	50	64	11.66	1.57
197	3	18	210	8.92	3.14
197	4	200	210	3.54	3.14
197	5	0	210	0	-1.57
197	6	176	160	16.34	0
197	7	50	160	0	0
197	8	50	5	5.64	1.57
197	9	231	210	10.11	3.14
198	0	0	473	9.85	-1.57
198	1	174	160	16.91	0
198	2	50	73	8.47	1.57
198	3	2	210	15.59	3.14
198	4	189	210	11.53	3.14
198	5	0	208	1.25	-1.57
198	6	193	160	16.91	0
198	7	50	160	0	0
198	8	50	5	0	1.57
198	9	217	210	13.06	3.14
199	0	0	457	16.1	-1.57
199	1	198	160	24.88	0
199	2	50	90	16.96	1.57
199	3	0	210	18.62	3.14
199	4	173	210	15.65	3.14
199	5	0	198	10.73	-1.57
199	6	218	160	25.19	0
199	7	50	160	0	0
199	8	50	10	4.98	1.57
199	9	201	210	16.64	3.14
200	0	0	437	20.54	-1.57
200	1	222	160	23.33	0
200	2	50	114	24.21	1.57
200	3	0	210	0	0
200	4	163	210	10.18	3.14
200	5	0	181	16.47	-1.57
200	6	244	160	26.54	0
200	7	54	160	4.21	0
200	8	50	15	5.09	1.57
200	9	191	210	10.18	3.14
201	0	0	421	16.07	-1.57
201	1	248	160	25.79	0
201	2	50	142	27.78	1.57
201	3	0	210	0	-1.57
201	4	153	210	9.58	3.14
201	5	0	158	22.79	-1.57
201	6	270	160	25.79	0
201	7	63	160	8.44	0
201	8	50	26	11.15	1.57
201	9	173	210	18.13	3.14
202	0	0	397	24.27	-1.57
202	1	266	160	18.7	0
202	2	50	160	33	1.57
202	3	0	210	0	-1.57
202	4	138	210	15.73	3.14
202	5	0	135	22.84	-1.57
202	6	302	160	31.58	0
202	7	81	160	18.13	0
202	8	50	34	7.91	1.57
202	9	157	210	15.73	3.14
203	0	0	367	29.3	-1.57
203	1	293	160	26.94	0
203	2	50	160	0	1.57
203	3	0	210	0	-1.57
203	4	124	210	13.31	3.14
203	5	0	107	28.73	-1.57
203	6	335	160	33	0
203	7	96	160	15.77	0
203	8	50	47	13.08	1.57
203	9	151	210	5.81	3.14
204	0	0	334	33	-1.57
204	1	326	160	32.38	0
204	2	50	160	0	0
204	3	0	210	0	-1.57
204	4	103	210	21.57	3.14
204	5	0	79	28.13	-1.57
204	6	360	160	25.59	0
204	7	111	160	14.8	0
204	8	50	68	20.4	1.57
204	9	150	210	1.48	3.14
205	0	0	307	27.16	-1.57
205	1	344	160	18.87	0
205	2	50	160	0.48	0
205	3	0	202	7.49	-1.57
205	4	87	210	16.36	3.14
205	5	0	46	33	-1.57
205	6	379	160	18.87	0
205	7	133	160	21.74	0
205	8	50	90	22.47	1.57
205	9	145	210	4.59	3.14
206	0	0	285	22.15	-1.57
206	1	370	160	25.49	0
206	2	58	160	7.53	0
206	3	0	187	14.87	-1.57
206	4	78	210	8.07	3.14
206	5	0	13	33	-1.57
206	6	398	160	19.01	0
206	7	153	160	20.26	0
206	8	50	104	13.8	1.57
206	9	131	210	14.17	3.14
207	0	0	267	17.46	-1.57
207	1	382	160	12.53	0
207	2	61	160	3.03	0
207	3	0	171	16.18	-1.57
207	4	68	210	10.66	3.14
207	5	0	0	28.39	-1.57
207	6	411	160	12.53	0
207	7	168	160	14.56	0
207	8	50	120	15.66	1.57
207	9	122	210	8.49	3.14
208	0	0	245	22.69	-1.57
208	1	398	160	15.47	0
208	2	64	160	3.55	0
208	3	0	152	18.86	-1.57
208	4	52	210	16.08	3.14
208	5	0	0	0	-1.57
208	6	426	160	15.47	0
208	7	187	160	19.07	0
208	8	50	139	19.74	1.57
208	9	112	210	10.45	3.14
209	0	0	215	30.14	-1.57
209	1	416	160	18.23	0
209	2	65	160	0.66	0
209	3	0	130	22.25	-1.57
209	4	50	210	22.73	3.14
209	5	50	0	0	1.57
209	6	449	160	22.86	0
209	7	215	160	27.97	0
209	8	50	160	23.73	1.57
209	9	93	210	18.96	3.14
210	0	0	210	24.9	-1.57
210	1	431	160	15.09	0
210	2	74	160	9.09	0
210	3	0	116	14.15	-1.57
210	4	50	210	0	3.14
210	5	50	0	0	1.57
210	6	473	160	24.19	0
210	7	248	160	33	0
210	8	50	160	0	1.57
210	9	93	210	0	3.14
211	0	0	210	0	-1.57
211	1	455	160	24.23	0
211	2	86	160	12.2	0
211	3	0	92	23.71	-1.57
211	4	50	210	0	1.57
211	5	50	9	9.86	1.57
211	6	495	160	21.69	0
211	7	271	160	23.58	0
211	8	50	160	0	0
211	9	91	210	1.74	3.14
212	0	0	160	0	0
212	1	479	160	23.32	0
212	2	100	160	13.95	0
212	3	0	78	14.15	-1.57
212	4	50	213	3.62	1.57
212	5	50	16	6.49	1.57
212	6	500	160	23.32	0
212	7	302	160	31.05	0
212	8	50	160	0	0
212	9	83	210	8.62	3.14
213	0	0	160	0	0
213	1	500	160	22.6	0
213	2	114	160	14.34	0
213	3	0	57	21.09	-1.57
213	4	50	224	11.35	1.57
213	5	50	28	11.67	1.57
213	6	500	210	0	3.14
213	7	326	160	23.76	0
213	8	51	160	1.94	0
213	9	66	210	16.99	3.14
214	0	9	160	9.01	0
214	1	500	210	0	3.14
214	2	131	160	16.8	0
214	3	0	43	13.4	-1.57
214	4	50	243	18.73	1.57
214	5	50	42	14.93	1.57
214	6	490	210	9.92	3.14
214	7	340	160	14	0
214	8	51	160	0	0
214	9	52	210	13.9	3.14
215	0	22	160	13.87	0
215	1	500	210	0	3.14
215	2	155	160	24.31	0
215	3	0	23	20.83	-1.57
215	4	50	252	9.04	1.57
215	5	50	64	21.83	1.57
215	6	479	210	10.37	3.14
215	7	359	160	19.2	0
215	8	51	160	0	0
215	9	50	210	16.1	3.14
216	0	36	160	13.79	0
216	1	490	210	9.32	3.14
216	2	188	160	32.9	0
216	3	0	0	26.32	-1.57
216	4	50	253	0.77	1.57
216	5	50	90	25.89	1.57
216	6	459	210	19.92	3.14
216	7	373	160	13.13	0
216	8	55	160	3.39	0
216	9	50	210	0	3.14
217	0	43	160	7.22	0
217	1	473	210	17.35	3.14
217	2	221	160	33	0
217	3	0	0	0	-1.57
217	4	50	258	4.87	1.57
217	5	50	108	17.83	1.57
217	6	436	210	23.66	3.14
217	7	386	160	13.91	0
217	8	62	160	7.22	0
217	9	50	210	0	1.57
218	0	47	160	3.28	0
218	1	453	210	20.09	3.14
218	2	254	160	33	0
218	3	50	0	0	1.57
218	4	50	267	9.47	1.57
218	5	50	128	19.61	1.57
218	6	409	210	26.53	3.14
218	7	408	160	21.88	0
218	8	77	160	14.82	0
218	9	50	210	0	1.57
219	0	56	160	9.26	0
219	1	432	210	20.3	3.14
219	2	287	160	33	0
219	3	50	3	3.37	1.57
219	4	50	280	12.24	1.57
219	5	50	154	26.89	1.57
219	6	379	210	29.99	3.14
219	7	434	160	25.48	0
219	8	92	160	15.49	0
219	9	50	210	0.21	1.57
220	0	70	160	14.54	0
220	1	421	210	11.64	3.14
220	2	314	160	27.1	0
220	3	50	10	7.5	1.57
220	4	50	293	13.08	1.57
220	5	50	160	27.77	1.57
220	6	346	210	33	3.14
220	7	460	160	25.67	0
220	8	107	160	14.84	0
220	9	50	216	6.73	1.57
221	0	85	160	14.96	0
221	1	407	210	13.89	3.14
221	2	346	160	31.15	0
221	3	50	18	7.83	1.57
221	4	50	303	9.9	1.57
221	5	50	160	0	1.57
221	6	313	210	33	3.14
221	7	484	160	24.71	0
221	8	128	160	20.4	0
221	9	50	219	2.96	1.57
222	0	95	160	9.31	0
222	1	396	210	10.96	3.14
222	2	376	160	30.22	0
222	3	50	21	2.99	1.57
222	4	50	321	18.45	1.57
222	5	50	160	0	0
222	6	280	210	33	3.14
222	7	500	160	30.58	0
222	8	156	160	28.89	0
222	9	50	225	5.76	1.57
223	0	112	160	17.6	0
223	1	379	210	16.62	3.14
223	2	409	160	33	0
223	3	50	21	0	1.57
223	4	50	343	22.48	1.57
223	5	51	160	1.58	0
223	6	247	210	33	3.14
223	7	500	160	0	0
223	8	189	160	33	0
223	9	50	234	9.03	1.57
224	0	140	160	27.31	0
224	1	359	210	20.71	3.14
224	2	442	160	33	0
224	3	50	24	3.15	1.57
224	4	50	370	27	1.57
224	5	61	160	9.65	0
224	6	224	210	23.19	3.14
224	7	500	210	0	3.14
224	8	216	160	26.95	0
224	9	50	248	13.53	1.57
225	0	173	160	33	0
225	1	336	210	23.01	3.14
225	2	475	160	33	0
225	3	50	27	2.77	1.57
225	4	50	403	33	1.57
225	5	79	160	18.1	0
225	6	195	210	28.55	3.14
225	7	497	210	2.92	3.14
225	8	244	160	27.07	0
225	9	50	266	18.72	1.57
226	0	203	160	30.82	0
226	1	310	210	25.46	3.14
226	2	500	160	25.08	0
226	3	50	29	1.92	1.57
226	4	50	436	33	1.57
226	5	105	160	26.37	0
226	6	162	210	33	3.14
226	7	491	210	5.91	3.14
226	8	277	160	33	0
226	9	50	293	26.43	1.57
227	0	236	160	33	0
227	1	277	210	33	3.14
227	2	500	160	0	0
227	3	50	36	7.44	1.57
227	4	50	469	33	1.57
227	5	138	160	32.99	0
227	6	132	210	30.03	3.14
227	7	484	210	6.21	3.14
227	8	300	160	23.77	0
227	9	50	312	19.58	1.57
228	0	269	160	33	0
228	1	247	210	30.62	3.14
228	2	500	210	0	3.14
228	3	50	50	13.5	1.57
228	4	50	498	28.93	1.57
228	5	171	160	32.89	0
228	6	99	210	33	3.14
228	7	474	210	10.52	3.14
228	8	330	160	29.92	0
228	9	50	336	23.46	1.57
229	0	302	160	33	0
229	1	214	210	33	3.14
229	2	499	210	0.02	3.14
229	3	50	70	19.92	1.57
229	4	50	500	26.5	1.57
229	5	204	160	33	0
229	6	75	210	24.41	3.14
229	7	462	210	11.6	3.14
229	8	359	160	29.28	0
229	9	50	368	32.05	1.57
230	0	335	160	33	0
230	1	181	210	33	3.14
230	2	490	210	9.86	3.14
230	3	50	99	28.87	1.57
230	4	50	500	0	1.57
230	5	237	160	32.89	0
230	6	53	210	21.47	3.14
230	7	446	210	16.81	3.14
230	8	392	160	33	0
230	9	50	401	33	1.57
231	0	368	160	33	0
231	1	148	210	33	3.14
231	2	483	210	6.54	3.14
231	3	50	132	33	1.57
231	4	0	500	0	-1.57
231	5	269	160	31.63	0
231	6	50	210	17.83	3.14
231	7	427	210	18.66	3.14
231	8	418	160	25.51	0
231	9	50	427	26.06	1.57
232	0	401	160	33	0
232	1	115	210	33	3.14
232	2	482	210	1.48	3.14
232	3	50	160	33	1.57
232	4	0	498	1.43	-1.57
232	5	302	160	33	0
232	6	0	210	0	-1.57
232	7	399	210	28.1	3.14
232	8	439	160	21.02	0
232	9	50	460	33	1.57
233	0	425	160	23.5	0
233	1	82	210	33	3.14
233	2	482	210	0	3.14
233	3	50	160	0	0
233	4	0	495	3.52	-1.57
233	5	335	160	33	0
233	6	0	205	4.19	-1.57
233	7	367	210	31.27	3.14
233	8	467	160	28.46	0
233	9	50	493	33	1.57
234	0	449	160	24.42	0
234	1	54	210	27.36	3.14
234	2	479	210	2.34	3.14
234	3	52	160	2.07	0
234	4	0	495	0	-1.57
234	5	368	160	33	0
234	6	0	205	0	-1.57
234	7	343	210	24.49	3.14
234	8	500	160	33	0
234	9	50	500	33	1.57
235	0	482	160	33	0
235	1	50	210	30.11	3.14
235	2	479	210	0	3.14
235	3	56	160	4.34	0
235	4	0	495	0	-1.57
235	5	395	160	27.2	0
235	6	0	198	7.65	-1.57
235	7	310	210	32.83	3.14
235	8	500	210	0	3.14
235	9	0	500	0	-1.57
236	0	500	160	32.41	0
236	1	50	210	0	3.14
236	2	472	210	7.14	3.14
236	3	68	160	11.96	0
236	4	0	490	4.8	-1.57
236	5	428	160	33	0
236	6	0	192	6.03	-1.57
236	7	283	210	27.53	3.14
236	8	500	210	0	3.14
236	9	0	495	4.7	-1.57
237	0	500	160	0	0
237	1	50	210	0	3.14
237	2	461	210	10.79	3.14
237	3	90	160	21.67	0
237	4	0	490	0	-1.57
237	5	456	160	28.44	0
237	6	0	178	13.46	-1.57
237	7	258	210	24.27	3.14
237	8	500	210	0	3.14
237	9	0	495	0	-1.57
238	0	500	210	0	3.14
238	1	50	210	0	3.14
238	2	450	210	10.96	3.14
238	3	115	160	25.31	0
238	4	0	485	4.32	-1.57
238	5	488	160	32.26	0
238	6	0	171	7.28	-1.57
238	7	240	210	18.42	3.14
238	8	491	210	8.57	3.14
238	9	0	490	4.32	-1.57
239	0	499	210	0.39	3.14
239	1	50	210	0	3.14
239	2	434	210	16.71	3.14
239	3	142	160	27.03	0
239	4	0	484	1.46	-1.57
239	5	500	160	23.98	0
239	6	0	157	14.29	-1.57
239	7	229	210	11.42	3.14
239	8	477	210	13.83	3.14
239	9	0	489	1.46	-1.57
240	0	499	210	0	3.14
240	1	45	210	4.66	3.14
240	2	416	210	17.18	3.14
240	3	166	160	23.83	0
240	4	0	481	3.32	-1.57
240	5	500	160	0	0
240	6	0	133	23.43	-1.57
240	7	218	210	10.69	3.14
240	8	458	210	18.9	3.14
240	9	0	489	0	-1.57
241	0	490	210	8.93	3.14
241	1	38	210	6.45	3.14
241	2	394	210	21.99	3.14
241	3	198	160	32.34	0
241	4	0	469	12.13	-1.57
241	5	500	210	0	3.14
241	6	0	100	33	-1.57
241	7	215	210	3.12	3.14
241	8	436	210	22.19	3.14
241	9	0	489	0	-1.57
242	0	490	210	0	3.14
242	1	28	210	10.66	3.14
242	2	374	210	20.75	3.14
242	3	231	160	33	0
242	4	0	450	18.95	-1.57
242	5	499	210	0.05	3.14
242	6	0	75	25.59	-1.57
242	7	209	210	5.91	3.14
242	8	405	210	31.1	3.14
242	9	0	489	0	-1.57
243	0	481	210	8.91	3.14
243	1	9	210	18.3	3.14
243	2	359	210	15.13	3.14
243	3	258	160	27.18	0
243	4	0	435	14.51	-1.57
243	5	496	210	3.39	3.14
243	6	0	59	15.79	-1.57
243	7	208	210	1.3	3.14
243	8	390	210	15.13	3.14
243	9	0	489	0	-1.57
244	0	475	210	6.36	3.14
244	1	0	210	21.68	3.14
244	2	336	210	23.09	3.14
244	3	287	160	28.9	0
244	4	0	416	19.55	-1.57
244	5	486	210	10.51	3.14
244	6	0	46	12.76	-1.57
244	7	198	210	9.59	3.14
244	8	376	210	14.06	3.14
244	9	0	479	9.84	-1.57
245	0	460	210	14.47	3.14
245	1	0	210	0	-1.57
245	2	320	210	16	3.14
245	3	308	160	20.86	0
245	4	0	395	20.17	-1.57
245	5	480	210	5.8	3.14
245	6	0	43	3.34	-1.57
245	7	190	210	7.51	3.14
245	8	357	210	18.76	3.14
245	9	0	465	14.54	-1.57
246	0	454	210	6.54	3.14
246	1	0	209	0.65	-1.57
246	2	308	210	11.69	3.14
246	3	322	160	13.78	0
246	4	0	371	24.61	-1.57
246	5	478	210	2.24	3.14
246	6	0	35	7.67	-1.57
246	7	181	210	9.87	3.14
246	8	342	210	15.22	3.14
246	9	0	441	23.39	-1.57
247	0	446	210	8.15	3.14
247	1	0	205	3.51	-1.57
247	2	300	210	8.12	3.14
247	3	341	160	19.64	0
247	4	0	354	16.31	-1.57
247	5	476	210	1.69	3.14
247	6	0	19	15.81	-1.57
247	7	168	210	12.13	3.14
247	8	325	210	16.75	3.14
247	9	0	408	32.98	-1.57
248	0	432	210	13.74	3.14
248	1	0	197	8.71	-1.57
248	2	282	210	17.78	3.14
248	3	367	160	25.75	0
248	4	0	331	22.97	-1.57
248	5	467	210	8.88	3.14
248	6	0	0	19.61	-1.57
248	7	156	210	12.56	3.14
248	8	308	210	17.11	3.14
248	9	0	375	33	-1.57
249	0	412	210	19.88	3.14
249	1	0	184	12.15	-1.57
249	2	264	210	18.28	3.14
249	3	395	160	28.23	0
249	4	0	300	31.54	-1.57
249	5	460	210	7.16	3.14
249	6	0	0	27.74	-1.57
249	7	134	210	21.78	3.14
249	8	299	210	8.98	3.14
249	9	0	342	33	-1.57
250	0	385	210	27	3.14
250	1	0	175	9.05	-1.57
250	2	237	210	26.23	3.14
250	3	428	160	33	0
250	4	0	267	33	-1.57
250	5	460	210	0	3.14
250	6	0	0	0	-1.57
250	7	121	210	12.64	3.14
250	8	281	210	18.23	3.14
250	9	0	318	23.84	-1.57
251	0	367	210	18.55	3.14
251	1	0	166	9.7	-1.57
251	2	211	210	26.6	3.14
251	3	461	160	33	0
251	4	0	234	33	-1.57
251	5	460	210	0.04	3.14
251	6	50	0	0	1.57
251	7	104	210	17.85	3.14
251	8	253	210	27.74	3.14
251	9	0	289	29.28	-1.57
252	0	338	210	28.33	3.14
252	1	0	153	13.11	-1.57
252	2	189	210	22.22	3.14
252	3	494	160	33	0
252	4	0	210	33	-1.57
252	5	457	210	2.93	3.14
252	6	50	6	6.99	1.57
252	7	85	210	18.92	3.14
252	8	234	210	18.74	3.14
252	9	0	265	24.48	-1.57
253	0	310	210	28.53	3.14
253	1	0	136	16.43	-1.57
253	2	173	210	16.04	3.14
253	3	500	160	33	0
253	4	0	210	0	-1.57
253	5	444	210	12.91	3.14
253	6	50	19	12.51	1.57
253	7	63	210	21.73	3.14
253	8	207	210	27.33	3.14
253	9	0	241	23.52	-1.57
254	0	280	210	29.85	3.14
254	1	0	111	25.45	-1.57
254	2	163	210	9.34	3.14
254	3	500	210	0	3.14
254	4	0	160	0	0
254	5	427	210	17.13	3.14
254	6	50	30	11.17	1.57
254	7	50	210	25.11	3.14
254	8	198	210	9.34	3.14
254	9	0	223	17.74	-1.57
255	0	248	210	31.52	3.14
255	1	0	84	26.53	-1.57
255	2	157	210	6.59	3.14
255	3	495	210	4.82	3.14
255	4	0	160	0	0
255	5	401	210	25.74	3.14
255	6	50	47	16.61	1.57
255	7	50	210	0	3.14
255	8	198	210	0	3.14
255	9	0	210	24.21	-1.57
256	0	248	210	0	3.14
256	1	0	55	28.74	-1.57
256	2	140	210	16.4	3.14
256	3	483	210	11.78	3.14
256	4	0	160	0	0
256	5	375	210	25.59	3.14
256	6	50	69	22.14	1.57
256	7	50	210	0	3.14
256	8	198	210	0	3.14
256	9	0	210	0	-1.57
257	0	248	210	0	3.14
257	1	0	22	33	-1.57
257	2	117	210	23.19	3.14
257	3	470	210	12.4	3.14
257	4	8	160	8.88	0
257	5	348	210	27.12	3.14
257	6	50	94	25.06	1.57
257	7	50	210	0	3.14
257	8	196	210	1.96	3.14
257	9	0	160	0	0
258	0	248	210	0	3.14
258	1	0	0	33	-1.57
258	2	91	210	25.58	3.14
258	3	452	210	18.13	3.14
258	4	10	160	1.37	0
258	5	320	210	28.45	3.14
258	6	50	124	30.07	1.57
258	7	44	210	5.13	3.14
258	8	196	210	0	3.14
258	9	0	160	0	0
259	0	248	210	0	3.14
259	1	50	0	0	1.57
259	2	66	210	25.82	3.14
259	3	432	210	20.29	3.14
259	4	21	160	10.81	0
259	5	287	210	33	3.14
259	6	50	150	25.68	1.57
259	7	40	210	4.37	3.14
259	8	194	210	1.18	3.14
259	9	5	160	5.57	0
260	0	239	210	9.24	3.14
260	1	50	0	0.19	1.57
260	2	50	210	30.27	3.14
260	3	402	210	30	3.14
260	4	26	160	5.4	0
260	5	278	210	9.24	3.14
260	6	50	160	26.49	1.57
260	7	40	210	0	3.14
260	8	185	210	9.27	3.14
260	9	10	160	5.4	0
261	0	232	210	6.89	3.14
261	1	50	0	0	1.57
261	2	50	210	0	1.57
261	3	371	210	31.55	3.14
261	4	26	160	0	0
261	5	265	210	12.41	3.14
261	6	50	160	0	1.57
261	7	31	210	9.36	3.14
261	8	172	210	13.51	3.14
261	9	10	160	0	0
262	0	215	210	16.78	3.14
262	1	50	0	0	1.57
262	2	50	218	8.55	1.57
262	3	338	210	33	3.14
262	4	26	160	0.46	0
262	5	257	210	8.64	3.14
262	6	50	160	0	1.57
262	7	18	210	13.07	3.14
262	8	157	210	14.41	3.14
262	9	10	160	0	0
263	0	196	210	19.73	3.14
263	1	50	0	0.03	1.57
263	2	50	230	12.37	1.57
263	3	310	210	27.5	3.14
263	4	28	160	1.08	0
263	5	246	210	10.34	3.14
263	6	50	160	0	1.57
263	7	4	210	13.71	3.14
263	8	143	210	14.66	3.14
263	9	12	160	1.08	0
264	0	170	210	25.25	3.14
264	1	50	4	4.25	1.57
264	2	50	250	19.74	1.57
264	3	286	210	24.3	3.14
264	4	37	160	9	0
264	5	235	210	11.54	3.14
264	6	50	160	0	1.57
264	7	0	210	5.49	3.14
264	8	119	210	23.92	3.14
264	9	12	160	0	0
265	0	140	210	30.93	3.14
265	1	50	8	4.13	1.57
265	2	50	279	28.37	1.57
265	3	262	210	23.33	3.14
265	4	37	160	0	0
265	5	215	210	20.06	3.14
265	6	50	163	3.03	1.57
265	7	0	210	0	3.14
265	8	91	210	27.96	3.14
265	9	12	160	0	0
266	0	109	210	30.92	3.14
266	1	50	9	0.46	1.57
266	2	50	312	33	1.57
266	3	239	210	23	3.14
266	4	40	160	2.99	0
266	5	194	210	20.58	3.14
266	6	50	173	10.04	1.57
266	7	0	160	0	0
266	8	58	210	33	3.14
266	9	12	160	0	0
267	0	83	210	25.75	3.14
267	1	50	10	1.72	1.57
267	2	50	345	33	1.57
267	3	213	210	26.13	3.14
267	4	48	160	8.4	0
267	5	171	210	23.24	3.14
267	6	50	191	18.5	1.57
267	7	2	160	2.13	0
267	8	50	210	33	3.14
267	9	17	160	5.86	0
268	0	83	210	0	3.14
268	1	50	18	7.99	1.57
268	2	50	376	31.53	1.57
268	3	191	210	22.05	3.14
268	4	66	160	17.6	0
268	5	149	210	22.05	3.14
268	6	50	191	0	1.57
268	7	2	160	0	0
268	8	50	210	0	1.57
268	9	29	160	11.3	0
269	0	83	210	0	3.14
269	1	50	36	17.65	1.57
269	2	50	404	27.99	1.57
269	3	166	210	24.96	3.14
269	4	81	160	15.98	0
269	5	124	210	24.95	3.14
269	6	50	191	0	1.57
269	7	7	160	5.29	0
269	8	50	210	0	1.57
269	9	43	160	14.49	0
270	0	74	210	8.89	3.14
270	1	50	49	13.09	1.57
270	2	50	422	18.17	1.57
270	3	157	210	8.89	3.14
270	4	99	160	17.74	0
270	5	115	210	8.89	3.14
270	6	50	191	0	1.57
270	7	12	160	5.31	0
270	8	50	219	9.03	1.57
270	9	58	160	14.7	0
271	0	69	210	4.88	3.14
271	1	50	64	14.83	1.57
271	2	50	431	8.52	1.57
271	3	143	210	13.88	3.14
271	4	112	160	12.48	0
271	5	107	210	8.16	3.14
271	6	50	198	6.72	1.57
271	7	18	160	5.99	0
271	8	50	238	19.02	1.57
271	9	82	160	24.19	0
272	0	60	210	8.9	3.14
272	1	50	73	8.74	1.57
272	2	50	437	6.39	1.57
272	3	125	210	18.92	3.14
272	4	119	160	7.01	0
272	5	92	210	14.57	3.14
272	6	50	211	12.99	1.57
272	7	18	160	0	0
272	8	50	260	22.54	1.57
272	9	89	160	7.01	0
273	0	50	210	17.7	3.14
273	1	50	80	7.76	1.57
273	2	50	449	11.82	1.57
273	3	115	210	9.76	3.14
273	4	135	160	16.69	0
273	5	82	210	9.76	3.14
273	6	50	215	4.13	1.57
273	7	18	160	0	0
273	8	50	290	30.14	1.57
273	9	89	160	0	0
274	0	50	210	0	3.14
274	1	50	82	2.03	1.57
274	2	50	464	15.03	1.57
274	3	107	210	8.16	3.14
274	4	154	160	18.68	0
274	5	75	210	7.26	3.14
274	6	50	227	12.47	1.57
274	7	27	160	9.12	0
274	8	50	323	33	1.57
274	9	93	160	4.4	0
275	0	0	210	0	-1.57
275	1	50	87	4.81	1.57
275	2	50	483	18.74	1.57
275	3	99	210	7.31	3.14
275	4	164	160	9.88	0
275	5	61	210	13.75	3.14
275	6	50	242	14.85	1.57
275	7	30	160	2.51	0
275	8	50	351	27.28	1.57
275	9	96	160	2.34	0
276	0	0	208	1.64	-1.57
276	1	50	87	0	1.57
276	2	50	500	25.41	1.57
276	3	83	210	16.05	3.14
276	4	175	160	11.12	0
276	5	50	210	16.65	3.14
276	6	50	253	11.28	1.57
276	7	38	160	7.98	0
276	8	50	384	33	1.57
276	9	97	160	1.19	0
277	0	0	208	0	-1.57
277	1	50	95	7.91	1.57
277	2	50	500	0	1.57
277	3	83	210	0	3.14
277	4	189	160	13.59	0
277	5	50	210	0	3.14
277	6	50	258	4.41	1.57
277	7	55	160	17.46	0
277	8	50	417	33	1.57
277	9	105	160	7.62	0
278	0	0	203	5.02	-1.57
278	1	50	112	17.3	1.57
278	2	0	500	0	-1.57
278	3	82	210	1.52	3.14
278	4	210	160	20.98	0
278	5	0	210	0	-1.57
278	6	50	267	9.12	1.57
278	7	78	160	22.98	0
278	8	50	450	33	1.57
278	9	119	160	13.88	0
279	0	0	197	6.27	-1.57
279	1	50	137	24.68	1.57
279	2	0	492	7.29	-1.57
279	3	76	210	6.19	3.14
279	4	236	160	25.97	0
279	5	0	209	0.37	-1.57
279	6	50	267	0	1.57
279	7	105	160	26.37	0
279	8	50	483	33	1.57
279	9	137	160	18.48	0
280	0	0	190	7.01	-1.57
280	1	50	155	18.4	1.57
280	2	0	486	6.45	-1.57
280	3	67	210	8.63	3.14
280	4	267	160	31.71	0
280	5	0	202	7.01	-1.57
280	6	50	269	2.36	1.57
280	7	129	160	24.66	0
280	8	50	500	33	1.57
280	9	162	160	24.66	0
281	0	0	177	12.91	-1.57
281	1	50	160	13.48	1.57
281	2	0	473	12.53	-1.57
281	3	55	210	11.48	3.14
281	4	299	160	31.36	0
281	5	0	193	8.86	-1.57
281	6	50	276	7.02	1.57
281	7	159	160	29.94	0
281	8	0	500	0	-1.57
281	9	193	160	31.71	0
282	0	0	164	13.02	-1.57
282	1	50	210	0	3.14
282	2	0	464	9.19	-1.57
282	3	50	210	13.24	3.14
282	4	332	160	33	0
282	5	0	180	13.02	-1.57
282	6	50	276	0	1.57
282	7	182	160	23.05	0
282	8	0	499	0.48	-1.57
282	9	226	160	33	0
283	0	0	146	18.1	-1.57
283	1	44	210	5.86	3.14
283	2	0	447	16.62	-1.57
283	3	50	210	0	3.14
283	4	365	160	33	0
283	5	0	162	18.1	-1.57
283	6	50	276	0	1.57
283	7	213	160	31.2	0
283	8	0	499	0	-1.57
283	9	257	160	31.06	0
284	0	0	136	9.71	-1.57
284	1	34	210	10.11	3.14
284	2	0	432	15.42	-1.57
284	3	50	210	0	1.57
284	4	398	160	33	0
284	5	0	154	8.52	-1.57
284	6	50	282	5.92	1.57
284	7	246	160	33	0
284	8	0	491	8.47	-1.57
284	9	283	160	25.69	0
285	0	0	123	12.49	-1.57
285	1	14	210	19.13	3.14
285	2	0	414	18.2	-1.57
285	3	50	211	1.15	1.57
285	4	431	160	33	0
285	5	0	142	11.22	-1.57
285	6	50	296	13.62	1.57
285	7	279	160	33	0
285	8	0	476	14.43	-1.57
285	9	315	160	31.97	0
286	0	0	111	12.54	-1.57
286	1	0	210	16.15	3.14
286	2	0	386	27.51	-1.57
286	3	50	211	0	1.57
286	4	464	160	33	0
286	5	0	130	12.54	-1.57
286	6	50	319	23.43	1.57
286	7	312	160	33	0
286	8	0	469	7.54	-1.57
286	9	348	160	33	0
287	0	0	90	20.57	-1.57
287	1	0	210	0	-1.57
287	2	0	353	33	-1.57
287	3	50	214	3.3	1.57
287	4	497	160	33	0
287	5	0	109	20.57	-1.57
287	6	50	351	31.48	1.57
287	7	345	160	33	0
287	8	0	458	10.73	-1.57
287	9	381	160	33	0
288	0	0	79	11.58	-1.57
288	1	0	200	9.08	-1.57
288	2	0	323	29.83	-1.57
288	3	50	226	11.81	1.57
288	4	500	160	33	0
288	5	0	96	13.4	-1.57
288	6	50	381	30.47	1.57
288	7	373	160	27.27	0
288	8	0	438	19.46	-1.57
288	9	408	160	27.27	0
289	0	0	59	19.35	-1.57
289	1	0	187	13.16	-1.57
289	2	0	299	24.57	-1.57
289	3	50	244	18.46	1.57
289	4	500	210	0	3.14
289	5	0	77	19.35	-1.57
289	6	50	414	33	1.57
289	7	406	160	33	0
289	8	0	413	24.97	-1.57
289	9	441	160	33	0
290	0	0	35	24.28	-1.57
290	1	0	179	7.77	-1.57
290	2	0	268	31.37	-1.57
290	3	50	270	25.76	1.57
290	4	500	210	0	3.14
290	5	0	52	24.28	-1.57
290	6	50	447	33	1.57
290	7	433	160	27.39	0
290	8	0	394	19.76	-1.57
290	9	466	160	25.03	0
291	0	0	17	17.92	-1.57
291	1	0	177	2.82	-1.57
291	2	0	235	33	-1.57
291	3	50	303	33	1.57
291	4	493	210	6.55	3.14
291	5	0	34	17.92	-1.57
291	6	50	470	23.16	1.57
291	7	457	160	24.29	0
291	8	0	366	27.48	-1.57
291	9	491	160	24.29	0
292	0	0	0	25.64	-1.57
292	1	0	170	6.44	-1.57
292	2	0	210	33	-1.57
292	3	50	336	33	1.57
292	4	486	210	7.09	3.14
292	5	0	9	25.64	-1.57
292	6	50	488	17.49	1.57
292	7	475	160	17.58	0
292	8	0	344	22.03	-1.57
292	9	500	160	17.58	0
293	0	50	0	0	1.57
293	1	0	155	15.66	-1.57
293	2	0	210	0	0
293	3	50	364	27.68	1.57
293	4	474	210	12.27	3.14
293	5	0	0	22.02	-1.57
293	6	50	500	20.7	1.57
293	7	496	160	20.79	0
293	8	0	314	30.2	-1.57
293	9	500	210	0	3.14
294	0	50	0	0	1.57
294	1	0	141	13.23	-1.57
294	2	0	210	0	-1.57
294	3	50	393	29.06	1.57
294	4	470	210	3.1	3.14
294	5	0	0	0	-1.57
294	6	0	500	0	-1.57
294	7	500	160	22.23	0
294	8	0	281	33	-1.57
294	9	492	210	7.14	3.14
295	0	50	8	8.46	1.57
295	1	0	126	14.88	-1.57
295	2	0	204	5.25	-1.57
295	3	50	426	33	1.57
295	4	465	210	5.95	3.14
295	5	50	0	0	1.57
295	6	0	497	2.02	-1.57
295	7	500	160	0	0
295	8	0	248	33	-1.57
295	9	479	210	13.04	3.14
296	0	50	25	16.8	1.57
296	1	0	103	23.37	-1.57
296	2	0	190	14.54	-1.57
296	3	50	453	26.84	1.57
296	4	465	210	0	3.14
296	5	50	0	0	1.57
296	6	0	486	11.43	-1.57
296	7	500	210	0	3.14
296	8	0	215	33	-1.57
296	9	479	210	0	3.14
297	0	50	46	21.59	1.57
297	1	0	81	22.05	-1.57
297	2	0	179	10.73	-1.57
297	3	50	471	18.84	1.57
297	4	465	210	0	3.14
297	5	50	0	0	1.57
297	6	0	465	21.4	-1.57
297	7	498	210	1.83	3.14
297	8	0	210	26	-1.57
297	9	479	210	0	3.14
298	0	50	72	25.8	1.57
298	1	0	55	25.94	-1.57
298	2	0	167	12.02	-1.57
298	3	50	497	25.3	1.57
298	4	462	210	2.57	3.14
298	5	50	3	3.29	1.57
298	6	0	443	21.96	-1.57
298	7	498	210	0	3.14
298	8	0	160	0	0
298	9	479	210	0	3.14
299	0	50	105	32.5	1.57
299	1	0	33	21.66	-1.57
299	2	0	160	6.67	-1.57
299	3	50	500	31.94	1.57
299	4	452	210	10.38	3.14
299	5	50	3	0	1.57
299	6	0	424	18.68	-1.57
299	7	488	210	9.94	3.14
299	8	4	160	4.85	0
299	9	473	210	6.16	3.14
300	0	50	138	33	1.57
300	1	0	15	18.13	-1.57
300	2	0	150	10.47	-1.57
300	3	50	500	0	1.57
300	4	432	210	19.5	3.14
300	5	50	3	0	1.57
300	6	0	415	9.27	-1.57
300	7	486	210	1.61	3.14
300	8	17	160	12.41	0
300	9	472	210	1.61	3.14
301	0	50	160	27	1.57
301	1	0	0	22.75	-1.57
301	2	0	130	20.27	-1.57
301	3	0	500	0	-1.57
301	4	422	210	10.13	3.14
301	5	50	10	7.46	1.57
301	6	0	410	4.36	-1.57
301	7	486	210	0	3.14
301	8	37	160	19.85	0
301	9	462	210	9.82	3.14
302	0	50	210	0	3.14
302	1	50	0	0	1.57
302	2	0	99	30.05	-1.57
302	3	0	500	0	-1.57
302	4	415	210	6.84	3.14
302	5	50	24	13.63	1.57
302	6	0	400	10.85	-1.57
302	7	480	210	6.36	3.14
302	8	56	160	19.66	0
302	9	445	210	16.99	3.14
303	0	49	210	0.97	3.14
303	1	50	0	0.71	1.57
303	2	0	66	33	-1.57
303	3	0	499	0.27	-1.57
303	4	413	210	2.08	3.14
303	5	50	46	21.89	1.57
303	6	0	382	17.12	-1.57
303	7	470	210	9.74	3.14
303	8	83	160	26.85	0
303	9	433	210	11.82	3.14
304	0	42	210	6.53	3.14
304	1	50	7	6.54	1.57
304	2	0	33	33	-1.57
304	3	0	499	0	-1.57
304	4	413	210	0	3.14
304	5	50	71	25.01	1.57
304	6	0	367	15.15	-1.57
304	7	470	210	0	3.14
304	8	105	160	22.37	0
304	9	433	210	0	3.14
305	0	30	210	11.6	3.14
305	1	50	7	0	1.57
305	2	0	0	33	-1.57
305	3	0	499	0.19	-1.57
305	4	413	210	0	3.14
305	5	50	103	32.32	1.57
305	6	0	360	7.55	-1.57
305	7	470	210	0	3.14
305	8	122	160	16.95	0
305	9	430	210	2.51	3.14
306	0	27	210	3.58	3.14
306	1	50	7	0	1.57
306	2	0	0	33	-1.57
306	3	0	495	3.87	-1.57
306	4	403	210	9.57	3.14
306	5	50	136	33	1.57
306	6	0	351	8.65	-1.57
306	7	466	210	4.28	3.14
306	8	140	160	17.55	0
306	9	421	210	9.36	3.14
307	0	16	210	10.67	3.14
307	1	50	7	0	1.57
307	2	0	0	0	-1.57
307	3	0	484	11.52	-1.57
307	4	400	210	3.36	3.14
307	5	50	160	31.17	1.57
307	6	0	341	10.03	-1.57
307	7	453	210	12.44	3.14
307	8	160	160	19.73	0
307	9	415	210	6.28	3.14
308	0	0	210	18.78	3.14
308	1	50	15	8.05	1.57
308	2	50	0	0	1.57
308	3	0	463	21.09	-1.57
308	4	400	210	0	3.14
308	5	50	160	0	1.57
308	6	0	326	14.77	-1.57
308	7	435	210	18.64	3.14
308	8	189	160	29.67	0
308	9	415	210	0	3.14
309	0	0	210	0	3.14
309	1	50	27	12.13	1.57
309	2	50	7	7.11	1.57
309	3	0	442	20.26	-1.57
309	4	400	210	0	3.14
309	5	50	160	0	0
309	6	0	310	15.88	-1.57
309	7	435	210	0	3.14
309	8	222	160	33	0
309	9	415	210	0	3.14
310	0	0	210	0	0
310	1	50	35	8.28	1.57
310	2	50	11	4.53	1.57
310	3	0	417	25.73	-1.57
310	4	397	210	3.58	3.14
310	5	55	160	5.18	0
310	6	0	288	22.11	-1.57
310	7	427	210	7.97	3.14
310	8	255	160	33	0
310	9	409	210	5.4	3.14
311	0	0	210	0	-1.57
311	1	50	53	18.06	1.57
311	2	50	11	0	1.57
311	3	0	397	19.92	-1.57
311	4	389	210	7.93	3.14
311	5	57	160	2.33	0
311	6	0	268	20.32	-1.57
311	7	422	210	4.64	3.14
311	8	286	160	31.07	0
311	9	405	210	4.64	3.14
312	0	0	207	2.36	-1.57
312	1	50	69	16.21	1.57
312	2	50	11	0	1.57
312	3	0	382	15	-1.57
312	4	380	210	8.56	3.14
312	5	69	160	11.91	0
312	6	0	255	12.52	-1.57
312	7	419	210	3.03	3.14
312	8	319	160	33	0
312	9	402	210	2.86	3.14
313	0	0	200	7.26	-1.57
313	1	50	83	13.57	1.57
313	2	50	13	1.43	1.57
313	3	0	376	5.67	-1.57
313	4	366	210	14.38	3.14
313	5	91	160	21.88	0
313	6	0	234	21.08	-1.57
313	7	412	210	6.54	3.14
313	8	352	160	33	0
313	9	394	210	8.24	3.14
314	0	0	191	8.99	-1.57
314	1	50	101	18.02	1.57
314	2	50	16	3.81	1.57
314	3	0	363	13.37	-1.57
314	4	359	210	6.4	3.14
314	5	115	160	24.67	0
314	6	0	210	25.46	-1.57
314	7	404	210	8.98	3.14
314	8	385	160	33	0
314	9	394	210	0	3.14
315	0	0	179	12.31	-1.57
315	1	50	128	27.07	1.57
315	2	50	18	1.61	1.57
315	3	0	346	17.08	-1.57
315	4	359	210	0	3.14
315	5	143	160	27.7	0
315	6	0	210	0	0
315	7	400	210	3.31	3.14
315	8	418	160	33	0
315	9	390	210	3.31	3.14
316	0	0	157	21.35	-1.57
316	1	50	160	32.65	1.57
316	2	50	18	0	1.57
316	3	0	322	24.01	-1.57
316	4	355	210	4.45	3.14
316	5	174	160	30.68	0
316	6	0	210	0	0
316	7	400	210	0	3.14
316	8	447	160	28.94	0
316	9	390	210	0	3.14
317	0	0	136	20.74	-1.57
317	1	50	160	0	1.57
317	2	50	28	9.74	1.57
317	3	0	290	31.74	-1.57
317	4	355	210	0	3.14
317	5	206	160	32.11	0
317	6	0	160	0	0
317	7	400	210	0	3.14
317	8	477	160	30.09	0
317	9	390	210	0	3.14
318	0	0	109	27.17	-1.57
318	1	50	210	0	3.14
318	2	50	41	13.29	1.57
318	3	0	257	33	-1.57
318	4	345	210	9.58	3.14
318	5	239	160	33	0
318	6	5	160	5.99	0
318	7	400	210	0	3.14
318	8	500	160	31.77	0
318	9	390	210	0	3.14
319	0	0	88	21.03	-1.57
319	1	40	210	9.7	3.14
319	2	50	45	3.82	1.57
319	3	0	232	25.16	-1.57
319	4	329	210	16.12	3.14
319	5	272	160	33	0
319	6	19	160	13.53	0
319	7	400	210	0	3.14
319	8	500	210	0	3.14
319	9	385	210	5.23	3.14
320	0	0	66	21.9	-1.57
320	1	21	210	18.97	3.14
320	2	50	45	0	1.57
320	3	0	210	23.46	-1.57
320	4	313	210	16.31	3.14
320	5	305	160	33	0
320	6	28	160	9.05	0
320	7	399	210	0.92	3.14
320	8	498	210	1.08	3.14
320	9	371	210	14.38	3.14
321	0	0	45	21.69	-1.57
321	1	21	210	0	3.14
321	2	50	45	0	1.57
321	3	0	210	0	-1.57
321	4	293	210	20	3.14
321	5	338	160	33	0
321	6	36	160	8.11	0
321	7	395	210	3.93	3.14
321	8	494	210	4	3.14
321	9	362	210	9.2	3.14
322	0	0	20	24.85	-1.57
322	1	21	210	0	3.14
322	2	50	50	4.85	1.57
322	3	0	210	0	-1.57
322	4	266	210	27.05	3.14
322	5	371	160	33	0
322	6	39	160	2.53	0
322	7	395	210	0	3.14
322	8	491	210	3.18	3.14
322	9	350	210	11.13	3.14
323	0	0	0	24.03	-1.57
323	1	17	210	4.33	3.14
323	2	50	57	6.95	1.57
323	3	0	205	4.84	-1.57
323	4	245	210	20.81	3.14
323	5	404	160	33	0
323	6	51	160	11.94	0
323	7	395	210	0	3.14
323	8	488	210	3.23	3.14
323	9	334	210	16.25	3.14
324	0	50	0	0	1.57
324	1	5	210	11.24	3.14
324	2	50	62	5.09	1.57
324	3	0	195	10.1	-1.57
324	4	225	210	20.13	3.14
324	5	428	160	23.79	0
324	6	70	160	19.3	0
324	7	389	210	5.86	3.14
324	8	480	210	8.18	3.14
324	9	312	210	22.18	3.14
325	0	50	0	0	1.57
325	1	0	210	11.86	3.14
325	2	50	76	14.18	1.57
325	3	0	178	16.23	-1.57
325	4	213	210	11.4	3.14
325	5	460	160	32.37	0
325	6	90	160	20.31	0
325	7	389	210	0	3.14
325	8	464	210	15.65	3.14
325	9	295	210	17.13	3.14
326	0	50	2	2.07	1.57
326	1	0	210	0	0
326	2	50	100	23.97	1.57
326	3	0	155	23.45	-1.57
326	4	208	210	5.3	3.14
326	5	493	160	33	0
326	6	107	160	17.19	0
326	7	389	210	0	3.14
326	8	443	210	21.3	3.14
326	9	270	210	24.58	3.14
327	0	50	7	5.03	1.57
327	1	0	210	0	-1.57
327	2	50	133	32.66	1.57
327	3	0	130	24.66	-1.57
327	4	208	210	0	3.14
327	5	500	160	33	0
327	6	122	160	14.08	0
327	7	384	210	5.23	3.14
327	8	438	210	5.23	3.14
327	9	240	210	30.01	3.14
328	0	50	15	8.36	1.57
328	1	0	210	0	-1.57
328	2	50	160	33	1.57
328	3	0	97	33	-1.57
328	4	208	210	0	3.14
328	5	500	160	0	0
328	6	130	160	8.08	0
328	7	384	210	0	3.14
328	8	428	210	9.58	3.14
328	9	240	210	0	3.14
329	0	50	28	12.91	1.57
329	1	0	204	5.6	-1.57
329	2	50	160	0	1.57
329	3	0	64	33	-1.57
329	4	198	210	9.78	3.14
329	5	500	210	0	3.14
329	6	147	160	17.79	0
329	7	378	210	5.86	3.14
329	8	426	210	1.74	3.14
329	9	240	210	0	3.14
330	0	50	41	13.59	1.57
330	1	0	195	8.49	-1.57
330	2	50	160	0.47	1.57
330	3	0	31	33	-1.57
330	4	185	210	13.46	3.14
330	5	493	210	6.52	3.14
330	6	166	160	18.16	0
330	7	378	210	0	3.14
330	8	416	210	10.72	3.14
330	9	236	210	3.79	3.14
331	0	50	56	14.87	1.57
331	1	0	190	5.57	-1.57
331	2	50	167	6.98	1.57
331	3	0	8	23.18	-1.57
331	4	161	210	23.4	3.14
331	5	489	210	4.16	3.14
331	6	191	160	25.34	0
331	7	373	210	5.51	3.14
331	8	411	210	4.58	3.14
331	9	224	210	12.84	3.14
332	0	50	76	19.8	1.57
332	1	0	179	10.58	-1.57
332	2	50	179	12.17	1.57
332	3	0	0	25.01	-1.57
332	4	131	210	30.83	3.14
332	5	489	210	0	3.14
332	6	209	160	18.28	0
332	7	373	210	0	3.14
332	8	411	210	0	3.14
332	9	218	210	5.21	3.14
333	0	50	101	24.95	1.57
333	1	0	177	2.68	-1.57
333	2	50	197	17.87	1.57
333	3	0	0	0	-1.57
333	4	99	210	31.39	3.14
333	5	489	210	0	3.14
333	6	231	160	22.13	0
333	7	373	210	0	3.14
333	8	401	210	9.83	3.14
333	9	207	210	11.39	3.14
334	0	50	133	32.23	1.57
334	1	0	167	9.98	-1.57
334	2	50	222	24.87	1.57
334	3	50	0	0	1.57
334	4	77	210	22.14	3.14
334	5	483	210	5.69	3.14
334	6	256	160	25.06	0
334	7	370	210	3.07	3.14
334	8	401	210	0.65	3.14
334	9	195	210	12.29	3.14
335	0	50	160	32.44	1.57
335	1	0	151	15.79	-1.57
335	2	50	255	32.88	1.57
335	3	50	4	4.75	1.57
335	4	50	210	28.9	3.14
335	5	481	210	1.71	3.14
335	6	284	160	27.38	0
335	7	361	210	8.52	3.14
335	8	401	210	0	3.14
335	9	175	210	19.48	3.14
336	0	50	160	0	1.57
336	1	0	134	16.43	-1.57
336	2	50	288	33	1.57
336	3	50	9	4.56	1.57
336	4	0	210	0	-1.57
336	5	481	210	0.25	3.14
336	6	312	160	27.78	0
336	7	361	210	0	3.14
336	8	398	210	2.99	3.14
336	9	146	210	29.09	3.14
337	0	50	160	0	1.57
337	1	0	108	26.07	-1.57
337	2	50	314	25.92	1.57
337	3	50	21	12.25	1.57
337	4	0	210	0	-1.57
337	5	476	210	5.27	3.14
337	6	345	160	33	0
337	7	361	210	0	3.14
337	8	395	210	2.75	3.14
337	9	114	210	32.01	3.14
338	0	50	160	0.75	1.57
338	1	0	75	33	-1.57
338	2	50	347	33	1.57
338	3	50	39	18.43	1.57
338	4	0	210	0	-1.57
338	5	476	210	0	3.14
338	6	378	160	33	0
338	7	361	210	0	3.14
338	8	385	210	9.7	3.14
338	9	88	210	26.49	3.14
339	0	50	160	0	1.57
339	1	0	46	29.43	-1.57
339	2	50	380	33	1.57
339	3	50	60	20.17	1.57
339	4	0	210	0	-1.57
339	5	476	210	0	3.14
339	6	402	160	24.9	0
339	7	360	210	1.41	3.14
339	8	384	210	1.41	3.14
339	9	58	210	30.04	3.14
340	0	50	164	3.6	1.57
340	1	0	25	20.92	-1.57
340	2	50	413	33	1.57
340	3	50	76	16.72	1.57
340	4	0	207	2.06	-1.57
340	5	470	210	5.8	3.14
340	6	428	160	25.09	0
340	7	360	210	0	3.14
340	8	374	210	9.35	3.14
340	9	50	210	32.4	3.14
341	0	50	173	8.95	1.57
341	1	0	0	29.89	-1.57
341	2	50	446	33	1.57
341	3	50	87	10.42	1.57
341	4	0	207	0	-1.57
341	5	458	210	11.87	3.14
341	6	446	160	18.76	0
341	7	358	210	1.59	3.14
341	8	373	210	1.59	3.14
341	9	50	210	0	3.14
342	0	50	173	0	1.57
342	1	50	0	0	1.57
342	2	50	476	30.58	1.57
342	3	50	98	10.82	1.57
342	4	0	204	3.9	-1.57
342	5	448	210	9.95	3.14
342	6	471	160	24.75	0
342	7	347	210	11.41	3.14
342	8	370	210	2.57	3.14
342	9	0	210	0	-1.57
343	0	50	178	5.15	1.57
343	1	50	1	1.37	1.57
343	2	50	500	33	1.57
343	3	50	112	14.53	1.57
343	4	0	193	10.45	-1.57
343	5	447	210	1.27	3.14
343	6	492	160	21.28	0
343	7	338	210	8.86	3.14
343	8	367	210	3.17	3.14
343	9	0	208	1.75	-1.57
344	0	50	187	8.92	1.57
344	1	50	1	0	1.57
344	2	0	500	0	-1.57
344	3	50	136	23.45	1.57
344	4	0	177	16.14	-1.57
344	5	447	210	0	3.14
344	6	500	160	30.7	0
344	7	327	210	10.6	3.14
344	8	367	210	0	3.14
344	9	0	202	6.16	-1.57
345	0	50	188	1.61	1.57
345	1	50	1	0.1	1.57
345	2	0	491	8.43	-1.57
345	3	50	160	26.43	1.57
345	4	0	167	9.53	-1.57
345	5	438	210	8.82	3.14
345	6	500	160	0	0
345	7	313	210	14.21	3.14
345	8	367	210	0	3.14
345	9	0	189	12.74	-1.57
346	0	50	190	1.51	1.57
346	1	50	1	0	1.57
346	2	0	491	0	-1.57
346	3	50	160	0	1.57
346	4	0	156	10.95	-1.57
346	5	426	210	12.28	3.14
346	6	500	210	0	3.14
346	7	297	210	16.41	3.14
346	8	367	210	0	3.14
346	9	0	178	10.95	-1.57
347	0	50	192	2.29	1.57
347	1	50	1	0	1.57
347	2	0	485	5.92	-1.57
347	3	50	210	0	3.14
347	4	0	140	16.63	-1.57
347	5	418	210	7.95	3.14
347	6	498	210	1.97	3.14
347	7	271	210	25.95	3.14
347	8	359	210	8.04	3.14
347	9	0	175	2.67	-1.57
