models=FreeWay	maxpausetime=10	minspeed=5	fixedacceleration=false	maps=FreeWay	dir1lanespace=10	height=1000	lanenum=1	width=1000	dir2lanespace=10	pointsX=49.0,995.0,	dir12space=50	pointsY=100.0,109.0,	maxacceleration=2	maxspeed=10	safedistanceratio=2.0	positiveaccratio=2.0	filenamegenerator=simple	seed=outputtrace	numberiterate=true	defaultfilter=edu.sharif.ce.dml.common.data.trace.filter.DirectoryFilter	isinput=false	fileaddress=output	multiple=false	tracewriter=text	nodenumber=10	maxsimulationtime=1000
Time	Node	PositionX	PositionY	Speed	Direction Angle
1	0	868	107	0.46	0.01
1	1	542	104	0.48	0.01
1	2	608	105	1.34	0.01
1	3	182	101	0	0.01
1	4	984	108	0.56	0.01
1	5	854	107	0.17	0.01
1	6	773	56	0	3.15
1	7	566	104	0.85	0.01
1	8	746	56	0.59	3.15
1	9	232	51	0	3.15
2	0	870	107	1.89	0.01
2	1	542	104	0.51	0.01
2	2	610	105	2.39	0.01
2	3	182	101	0	0.01
2	4	985	108	0.67	0.01
2	5	855	107	1.76	0.01
2	6	773	56	0	3.15
2	7	566	104	0	0.01
2	8	745	56	1.76	3.15
2	9	232	51	0	3.15
3	0	874	107	3.26	0.01
3	1	543	104	1.25	0.01
3	2	613	105	3.02	0.01
3	3	184	101	1.78	0.01
3	4	987	108	2.15	0.01
3	5	857	107	1.95	0.01
3	6	773	56	0	3.15
3	7	566	104	0	0.01
3	8	742	56	2.83	3.15
3	9	231	51	1.47	3.15
4	0	879	107	5.24	0.01
4	1	544	104	0.42	0.01
4	2	618	105	4.52	0.01
4	3	186	101	2.04	0.01
4	4	990	108	3.31	0.01
4	5	858	107	0.39	0.01
4	6	772	56	1.53	3.15
4	7	566	104	0	0.01
4	8	741	56	0.87	3.15
4	9	230	51	0.64	3.15
5	0	883	107	4.58	0.01
5	1	544	104	0.37	0.01
5	2	623	105	4.94	0.01
5	3	190	101	3.95	0.01
5	4	992	108	1.43	0.01
5	5	859	107	1.69	0.01
5	6	769	56	3.15	3.15
5	7	568	104	1.7	0.01
5	8	740	56	1.22	3.15
5	9	230	51	0	3.15
6	0	889	107	5.2	0.01
6	1	546	104	1.87	0.01
6	2	628	105	5.51	0.01
6	3	195	101	5.74	0.01
6	4	992	108	0	0.01
6	5	861	107	1.28	0.01
6	6	764	56	4.72	3.15
6	7	568	104	0.49	0.01
6	8	740	56	0	3.15
6	9	230	51	0	3.15
7	0	896	108	7.01	0.01
7	1	550	104	3.75	0.01
7	2	633	105	4.84	0.01
7	3	203	101	7.08	0.01
7	4	992	108	0	0.01
7	5	863	107	2.06	0.01
7	6	759	56	5.24	3.15
7	7	569	104	0.71	0.01
7	8	738	56	1.69	3.15
7	9	229	51	0.96	3.15
8	0	904	108	8.06	0.01
8	1	553	104	2.99	0.01
8	2	638	105	4.84	0.01
8	3	211	101	8.07	0.01
8	4	992	108	0	0.01
8	5	863	107	0.09	0.01
8	6	755	56	4.14	3.15
8	7	571	104	1.74	0.01
8	8	735	56	2.78	3.15
8	9	228	51	1.52	3.15
9	0	912	108	8.07	0.01
9	1	556	104	3.76	0.01
9	2	644	105	5.89	0.01
9	3	220	101	9.77	0.01
9	4	992	108	0	0.01
9	5	864	107	1.66	0.01
9	6	750	56	4.83	3.15
9	7	574	105	3.62	0.01
9	8	732	56	3.53	3.15
9	9	227	51	0.77	3.15
10	0	922	108	10	0.01
10	1	561	104	4.4	0.01
10	2	650	105	6.71	0.01
10	3	230	101	10	0.01
10	4	993	108	1.03	0.01
10	5	866	107	1.51	0.01
10	6	746	56	4.08	3.15
10	7	577	105	2.78	0.01
10	8	730	56	1.93	3.15
10	9	225	51	1.49	3.15
11	0	930	108	8.36	0.01
11	1	565	104	4.26	0.01
11	2	657	105	6.8	0.01
11	3	240	101	9.99	0.01
11	4	993	108	0.13	0.01
11	5	868	107	1.8	0.01
11	6	741	56	4.63	3.15
11	7	579	105	1.79	0.01
11	8	728	56	2.09	3.15
11	9	223	51	2.52	3.15
12	0	940	108	9.58	0.01
12	1	568	104	2.72	0.01
12	2	664	105	6.63	0.01
12	3	250	101	10	0.01
12	4	994	108	1.53	0.01
12	5	871	107	3.53	0.01
12	6	738	56	3.27	3.15
12	7	582	105	2.92	0.01
12	8	724	56	3.72	3.15
12	9	221	51	1.96	3.15
13	0	950	108	10	0.01
13	1	572	104	3.71	0.01
13	2	670	105	5.9	0.01
13	3	259	102	8.77	0.01
13	4	995	109	1.88	0.01
13	5	874	107	2.83	0.01
13	6	733	56	5.23	3.15
13	7	583	105	0.92	0.01
13	8	719	56	4.87	3.15
13	9	219	51	1.78	3.15
14	0	960	108	10	0.01
14	1	575	105	3.84	0.01
14	2	676	105	6.53	0.01
14	3	268	102	9.16	0.01
14	4	995	108	0.03	4.72
14	5	878	107	4.39	0.01
14	6	729	56	3.29	3.15
14	7	583	105	0	0.01
14	8	714	56	4.91	3.15
14	9	217	51	2.22	3.15
15	0	970	108	10	0.01
15	1	575	105	0	0.01
15	2	682	106	5.82	0.01
15	3	276	102	7.26	0.01
15	4	995	108	0	4.72
15	5	883	107	4.94	0.01
15	6	725	56	4.22	3.15
15	7	583	105	0	0.01
15	8	711	56	3.44	3.15
15	9	214	51	2.49	3.15
16	0	980	108	10	0.01
16	1	576	105	0.37	0.01
16	2	687	106	4.64	0.01
16	3	282	102	6.77	0.01
16	4	995	108	0.94	4.72
16	5	887	107	3.4	0.01
16	6	720	56	5.05	3.15
16	7	583	105	0	0.01
16	8	706	56	5	3.15
16	9	210	51	4.38	3.15
17	0	990	108	9.93	0.01
17	1	576	105	0	0.01
17	2	692	106	5.09	0.01
17	3	290	102	7.96	0.01
17	4	995	108	0	4.72
17	5	891	108	4.49	0.01
17	6	715	56	5.03	3.15
17	7	583	105	0	0.01
17	8	700	56	6.13	3.15
17	9	205	51	5.27	3.15
18	0	995	109	10	0.01
18	1	576	105	0.58	0.01
18	2	698	106	5.94	0.01
18	3	300	102	9.84	0.01
18	4	995	107	0.56	4.72
18	5	897	108	5.78	0.01
18	6	711	56	4.28	3.15
18	7	584	105	0.91	0.01
18	8	692	56	7.49	3.15
18	9	200	51	4.71	3.15
19	0	995	107	1.8	4.72
19	1	578	105	1.88	0.01
19	2	705	106	7.12	0.01
19	3	310	102	10	0.01
19	4	995	105	1.8	4.72
19	5	903	108	5.88	0.01
19	6	706	56	5	3.15
19	7	586	105	2.28	0.01
19	8	683	56	9.25	3.15
19	9	195	51	5.37	3.15
20	0	995	107	0	4.72
20	1	579	105	0.72	0.01
20	2	714	106	8.8	0.01
20	3	318	102	8.35	0.01
20	4	995	103	2.37	4.72
20	5	910	108	7.11	0.01
20	6	700	56	5.75	3.15
20	7	587	105	1.2	0.01
20	8	674	55	8.41	3.15
20	9	191	51	3.44	3.15
21	0	995	106	1.09	4.72
21	1	580	105	1.18	0.01
21	2	721	106	7.42	0.01
21	3	328	102	10	0.01
21	4	995	99	3.58	4.72
21	5	918	108	7.97	0.01
21	6	694	56	6.24	3.15
21	7	589	105	1.86	0.01
21	8	665	55	8.94	3.15
21	9	187	51	3.71	3.15
22	0	995	106	0	4.72
22	1	583	105	2.46	0.01
22	2	727	106	6.19	0.01
22	3	338	102	10	0.01
22	4	995	98	1.63	4.72
22	5	927	108	9.27	0.01
22	6	688	56	5.54	3.15
22	7	592	105	2.7	0.01
22	8	655	55	10	3.15
22	9	183	51	4.23	3.15
23	0	995	106	0	4.72
23	1	584	105	1.08	0.01
23	2	735	106	7.27	0.01
23	3	348	102	10	0.01
23	4	995	97	0.56	4.72
23	5	937	108	9.34	0.01
23	6	685	56	3.55	3.15
23	7	594	105	2.13	0.01
23	8	645	55	10	3.15
23	9	178	51	5.48	3.15
24	0	995	104	1.64	4.72
24	1	584	105	0	0.01
24	2	742	106	7.2	0.01
24	3	358	102	10	0.01
24	4	995	96	0.85	4.72
24	5	945	108	8.85	0.01
24	6	680	56	4.45	3.15
24	7	596	105	2.05	0.01
24	8	637	55	8.5	3.15
24	9	172	51	5.52	3.15
25	0	995	103	1.14	4.72
25	1	584	105	0	0.01
25	2	751	106	9.12	0.01
25	3	368	103	10	0.01
25	4	995	96	0	4.72
25	5	953	108	7.75	0.01
25	6	675	55	5.59	3.15
25	7	599	105	3.05	0.01
25	8	627	55	9.89	3.15
25	9	166	51	6.28	3.15
26	0	995	102	1.2	4.72
26	1	584	105	0	0.01
26	2	761	106	10	0.01
26	3	378	103	10	0.01
26	4	995	96	0	4.72
26	5	962	108	8.54	0.01
26	6	670	55	4.25	3.15
26	7	600	105	1.19	0.01
26	8	617	55	10	3.15
26	9	158	51	7.77	3.15
27	0	995	100	1.69	4.72
27	1	584	105	0.68	0.01
27	2	771	106	10	0.01
27	3	388	103	10	0.01
27	4	995	96	0	4.72
27	5	972	108	10	0.01
27	6	664	55	5.87	3.15
27	7	600	105	0	0.01
27	8	607	55	10	3.15
27	9	152	50	6	3.15
28	0	995	99	1.03	4.72
28	1	585	105	0.47	0.01
28	2	780	106	8.75	0.01
28	3	398	103	10	0.01
28	4	995	95	1.53	4.72
28	5	982	108	10	0.01
28	6	658	55	6.89	3.15
28	7	602	105	1.54	0.01
28	8	599	55	8.12	3.15
28	9	145	50	7.66	3.15
29	0	995	97	1.49	4.72
29	1	587	105	2.26	0.01
29	2	789	107	9.82	0.01
29	3	408	103	10	0.01
29	4	995	91	3.4	4.72
29	5	992	108	10	0.01
29	6	651	55	6.89	3.15
29	7	604	105	2.61	0.01
29	8	592	55	6.8	3.15
29	9	137	50	7.2	3.15
30	0	995	96	1.55	4.72
30	1	591	105	4.14	0.01
30	2	799	107	10	0.01
30	3	418	103	10	0.01
30	4	995	87	4.7	4.72
30	5	995	109	9.49	0.01
30	6	643	55	7.92	3.15
30	7	608	105	3.73	0.01
30	8	586	55	6.13	3.15
30	9	130	50	7.32	3.15
31	0	995	95	1	4.72
31	1	596	105	5.08	0.01
31	2	809	107	10	0.01
31	3	428	103	9.95	0.01
31	4	995	81	5.47	4.72
31	5	995	108	1	4.72
31	6	636	55	7.15	3.15
31	7	612	105	4.28	0.01
31	8	579	55	6.76	3.15
31	9	124	50	6.19	3.15
32	0	995	95	0.2	4.72
32	1	602	105	5.51	0.01
32	2	819	107	10	0.01
32	3	438	103	10	0.01
32	4	995	74	6.7	4.72
32	5	995	106	1.4	4.72
32	6	627	55	8.94	3.15
32	7	618	105	5.76	0.01
32	8	571	54	8.43	3.15
32	9	116	50	7.99	3.15
33	0	995	95	0	4.72
33	1	607	105	5.24	0.01
33	2	829	107	9.09	0.01
33	3	448	103	10	0.01
33	4	995	68	6.65	4.72
33	5	995	103	2.95	4.72
33	6	618	55	8.37	3.15
33	7	623	105	4.72	0.01
33	8	561	54	9.57	3.15
33	9	107	50	8.74	3.15
34	0	995	94	0.43	4.72
34	1	613	105	6.08	0.01
34	2	836	107	7.65	0.01
34	3	458	103	10	0.01
34	4	995	63	5.13	4.72
34	5	995	100	3.09	4.72
34	6	608	55	10	3.15
34	7	627	105	3.81	0.01
34	8	551	54	10	3.15
34	9	98	50	8.62	3.15
35	0	995	94	0.44	4.72
35	1	618	105	4.45	0.01
35	2	845	107	9.24	0.01
35	3	468	103	10	0.01
35	4	995	59	5.31	4.72
35	5	995	100	0.44	4.72
35	6	598	55	10	3.15
35	7	629	105	2.71	0.01
35	8	543	54	8.57	3.15
35	9	90	50	8.9	3.15
36	0	995	93	0.35	4.72
36	1	620	105	2.75	0.01
36	2	854	107	8.12	0.01
36	3	477	104	8.88	0.01
36	4	989	58	5.53	3.15
36	5	995	99	0.25	4.72
36	6	588	55	10	3.15
36	7	633	105	4.27	0.01
36	8	536	54	6.76	3.15
36	9	80	50	10	3.15
37	0	995	91	2.14	4.72
37	1	623	105	2.82	0.01
37	2	863	107	9.58	0.01
37	3	485	104	8.12	0.01
37	4	985	58	4.46	3.15
37	5	995	98	1.37	4.72
37	6	578	55	10	3.15
37	7	636	105	2.78	0.01
37	8	530	54	5.67	3.15
37	9	70	50	10	3.15
38	0	995	88	3.81	4.72
38	1	626	105	2.86	0.01
38	2	873	107	10	0.01
38	3	493	104	7.5	0.01
38	4	981	58	4.02	3.15
38	5	995	95	2.62	4.72
38	6	570	54	8.12	3.15
38	7	641	105	4.74	0.01
38	8	525	54	5.46	3.15
38	9	60	50	10	3.15
39	0	995	84	3.31	4.72
39	1	631	105	4.49	0.01
39	2	883	107	10	0.01
39	3	501	104	8.13	0.01
39	4	976	58	5.21	3.15
39	5	995	91	3.97	4.72
39	6	564	54	6.29	3.15
39	7	647	105	5.72	0.01
39	8	519	54	5.81	3.15
39	9	50	50	10	3.15
40	0	995	81	2.8	4.72
40	1	636	105	5.92	0.01
40	2	893	108	10	0.01
40	3	511	104	9.71	0.01
40	4	972	58	3.49	3.15
40	5	995	89	2.8	4.72
40	6	558	54	6.08	3.15
40	7	654	105	7.06	0.01
40	8	514	54	4.72	3.15
40	9	49	50	10	3.15
41	0	995	77	4.72	4.72
41	1	643	105	6.97	0.01
41	2	903	108	9.53	0.01
41	3	520	104	9.57	0.01
41	4	969	58	3.51	3.15
41	5	995	85	3.14	4.72
41	6	550	54	7.72	3.15
41	7	661	105	7.17	0.01
41	8	508	54	6.25	3.15
41	9	49	50	9.7	1.58
42	0	995	70	6.62	4.72
42	1	651	105	7.67	0.01
42	2	911	108	8.02	0.01
42	3	530	104	10	0.01
42	4	965	58	4.07	3.15
42	5	995	81	4.74	4.72
42	6	542	54	8.09	3.15
42	7	669	105	8.33	0.01
42	8	504	54	4.34	3.15
42	9	49	58	8.52	1.58
43	0	995	62	8.14	4.72
43	1	658	105	7.4	0.01
43	2	919	108	8.4	0.01
43	3	540	104	10	0.01
43	4	960	58	4.85	3.15
43	5	995	77	4.03	4.72
43	6	533	54	9.1	3.15
43	7	679	105	9.35	0.01
43	8	500	54	3.76	3.15
43	9	49	66	7.56	1.58
44	0	995	59	8.07	4.72
44	1	664	105	5.49	0.01
44	2	929	108	10	0.01
44	3	550	104	10	0.01
44	4	954	58	5.99	3.15
44	5	995	72	4.65	4.72
44	6	523	54	10	3.15
44	7	688	106	9.03	0.01
44	8	495	54	5.07	3.15
44	9	49	72	6.3	1.58
45	0	985	58	9.85	3.15
45	1	670	105	5.95	0.01
45	2	939	108	10	0.01
45	3	559	104	8.65	0.01
45	4	947	58	6.66	3.15
45	5	995	66	6.5	4.72
45	6	513	54	10	3.15
45	7	697	106	9.3	0.01
45	8	491	54	4.24	3.15
45	9	49	79	7.05	1.58
46	0	975	58	10	3.15
46	1	678	105	7.84	0.01
46	2	949	108	10	0.01
46	3	566	104	7.18	0.01
46	4	942	58	5.25	3.15
46	5	995	59	6.54	4.72
46	6	503	54	10	3.15
46	7	707	106	10	0.01
46	8	488	54	2.85	3.15
46	9	49	88	8.73	1.58
47	0	965	58	10	3.15
47	1	687	106	9.36	0.01
47	2	959	108	10	0.01
47	3	575	105	8.44	0.01
47	4	936	58	5.69	3.15
47	5	995	59	5.67	4.72
47	6	500	54	3.2	3.15
47	7	717	106	10	0.01
47	8	485	54	3.2	3.15
47	9	49	97	9.76	1.58
48	0	956	58	8.74	3.15
48	1	696	106	8.49	0.01
48	2	969	108	10	0.01
48	3	585	105	10	0.01
48	4	930	58	6.15	3.15
48	5	989	58	5.97	3.15
48	6	496	54	4.18	3.15
48	7	727	106	10	0.01
48	8	480	54	4.83	3.15
48	9	49	100	10	1.58
49	0	946	58	10	3.15
49	1	703	106	7.69	0.01
49	2	979	108	10	0.01
49	3	593	105	8.35	0.01
49	4	924	58	6.22	3.15
49	5	984	58	5.13	3.15
49	6	491	54	4.95	3.15
49	7	737	106	9.95	0.01
49	8	474	54	5.41	3.15
49	9	49	100	10	0.01
50	0	936	58	9.91	3.15
50	1	710	106	6.52	0.01
50	2	989	108	10	0.01
50	3	601	105	8.39	0.01
50	4	918	58	6.33	3.15
50	5	978	58	5.38	3.15
50	6	486	54	5	3.15
50	7	747	106	10	0.01
50	8	468	53	6.62	3.15
50	9	58	100	10	0.01
51	0	928	58	8.07	3.15
51	1	717	106	6.87	0.01
51	2	995	109	10	0.01
51	3	611	105	10	0.01
51	4	911	58	6.93	3.15
51	5	972	58	6.62	3.15
51	6	479	54	6.36	3.15
51	7	757	106	10	0.01
51	8	462	53	5.73	3.15
51	9	67	100	8.21	0.01
52	0	918	58	9.94	3.15
52	1	725	106	8.63	0.01
52	2	995	99	10	4.72
52	3	621	105	10	0.01
52	4	903	58	7.71	3.15
52	5	964	58	8.11	3.15
52	6	472	54	7.66	3.15
52	7	767	106	10	0.01
52	8	456	53	6.45	3.15
52	9	75	100	8.61	0.01
53	0	908	58	10	3.15
53	1	732	106	6.92	0.01
53	2	995	89	10	4.72
53	3	631	105	10	0.01
53	4	894	58	8.74	3.15
53	5	955	58	9.23	3.15
53	6	462	53	9.31	3.15
53	7	777	106	10	0.01
53	8	448	53	7.16	3.15
53	9	84	100	8.99	0.01
54	0	900	58	8.95	3.15
54	1	741	106	8.59	0.01
54	2	995	79	10	4.72
54	3	640	105	8.38	0.01
54	4	885	57	9.25	3.15
54	5	947	58	7.68	3.15
54	6	452	53	10	3.15
54	7	787	107	10	0.01
54	8	441	53	7.79	3.15
54	9	94	100	10	0.01
55	0	892	58	7.71	3.15
55	1	751	106	10	0.01
55	2	995	69	10	4.72
55	3	649	105	9.63	0.01
55	4	875	57	10	3.15
55	5	939	58	8.22	3.15
55	6	442	53	10	3.15
55	7	797	107	10	0.01
55	8	432	53	9.01	3.15
55	9	104	100	10	0.01
56	0	884	57	8.02	3.15
56	1	761	106	10	0.01
56	2	995	59	10	4.72
56	3	659	105	10	0.01
56	4	865	57	9.75	3.15
56	5	929	58	9.91	3.15
56	6	432	53	10	3.15
56	7	807	107	10	0.01
56	8	422	53	10	3.15
56	9	113	100	8.56	0.01
57	0	874	57	9.71	3.15
57	1	771	106	10	0.01
57	2	985	58	10	3.15
57	3	669	105	10	0.01
57	4	856	57	8.98	3.15
57	5	920	58	9.2	3.15
57	6	423	53	9.2	3.15
57	7	816	107	9.57	0.01
57	8	412	53	9.2	3.15
57	9	120	100	7.32	0.01
58	0	865	57	9.26	3.15
58	1	781	106	10	0.01
58	2	975	58	9.72	3.15
58	3	679	106	10	0.01
58	4	848	57	8.57	3.15
58	5	910	58	10	3.15
58	6	416	53	7.39	3.15
58	7	826	107	10	0.01
58	8	405	53	7.62	3.15
58	9	129	100	8.54	0.01
59	0	855	57	10	3.15
59	1	791	107	10	0.01
59	2	966	58	9.71	3.15
59	3	689	106	10	0.01
59	4	838	57	9.68	3.15
59	5	900	58	10	3.15
59	6	407	53	8.65	3.15
59	7	836	107	10	0.01
59	8	397	53	7.46	3.15
59	9	138	100	9.65	0.01
60	0	845	57	10	3.15
60	1	799	107	8.41	0.01
60	2	956	58	10	3.15
60	3	699	106	9.68	0.01
60	4	829	57	9.15	3.15
60	5	890	57	10	3.15
60	6	398	53	8.81	3.15
60	7	846	107	10	0.01
60	8	388	53	8.81	3.15
60	9	148	100	10	0.01
61	0	835	57	10	3.15
61	1	809	107	9.71	0.01
61	2	946	58	10	3.15
61	3	707	106	8.28	0.01
61	4	819	57	10	3.15
61	5	880	57	10	3.15
61	6	388	53	10	3.15
61	7	856	107	10	0.01
61	8	378	53	10	3.15
61	9	158	101	10	0.01
62	0	825	57	10	3.15
62	1	818	107	9.1	0.01
62	2	936	58	9.13	3.15
62	3	715	106	7.68	0.01
62	4	809	57	10	3.15
62	5	870	57	10	3.15
62	6	380	53	8.06	3.15
62	7	866	107	9.46	0.01
62	8	368	53	10	3.15
62	9	168	101	10	0.01
63	0	815	57	10	3.15
63	1	825	107	7.44	0.01
63	2	926	58	10	3.15
63	3	723	106	7.95	0.01
63	4	799	57	10	3.15
63	5	860	57	10	3.15
63	6	374	53	6.17	3.15
63	7	876	107	10	0.01
63	8	358	52	10	3.15
63	9	178	101	9.48	0.01
64	0	805	57	10	3.15
64	1	833	107	7.5	0.01
64	2	918	58	8.31	3.15
64	3	732	106	9.18	0.01
64	4	789	57	10	3.15
64	5	850	57	10	3.15
64	6	366	53	7.78	3.15
64	7	885	107	9.22	0.01
64	8	348	52	10	3.15
64	9	187	101	9.27	0.01
65	0	795	57	9.62	3.15
65	1	842	107	8.95	0.01
65	2	909	58	8.77	3.15
65	3	740	106	7.48	0.01
65	4	779	56	10	3.15
65	5	841	57	8.54	3.15
65	6	359	52	7.57	3.15
65	7	895	108	10	0.01
65	8	338	52	10	3.15
65	9	195	101	8.13	0.01
66	0	785	57	10	3.15
66	1	852	107	10	0.01
66	2	899	58	10	3.15
66	3	748	106	8.44	0.01
66	4	769	56	10	3.15
66	5	832	57	9.42	3.15
66	6	351	52	8.01	3.15
66	7	905	108	10	0.01
66	8	328	52	10	3.15
66	9	202	101	7.14	0.01
67	0	777	56	8.31	3.15
67	1	862	107	10	0.01
67	2	889	57	10	3.15
67	3	754	106	6.47	0.01
67	4	760	56	9.14	3.15
67	5	823	57	8.93	3.15
67	6	341	52	9.24	3.15
67	7	914	108	9.14	0.01
67	8	320	52	8.9	3.15
67	9	211	101	8.24	0.01
68	0	769	56	7.46	3.15
68	1	872	107	10	0.01
68	2	879	57	10	3.15
68	3	759	106	4.84	0.01
68	4	750	56	10	3.15
68	5	813	57	10	3.15
68	6	332	52	9.73	3.15
68	7	921	108	7.17	0.01
68	8	310	52	10	3.15
68	9	221	101	10	0.01
69	0	762	56	7.36	3.15
69	1	882	107	10	0.01
69	2	870	57	9.37	3.15
69	3	766	106	6.39	0.01
69	4	740	56	10	3.15
69	5	803	57	10	3.15
69	6	322	52	9.61	3.15
69	7	929	108	7.6	0.01
69	8	300	52	10	3.15
69	9	231	101	10	0.01
70	0	754	56	7.68	3.15
70	1	892	108	10	0.01
70	2	860	57	10	3.15
70	3	772	106	6.2	0.01
70	4	731	56	8.7	3.15
70	5	793	57	10	3.15
70	6	312	52	9.73	3.15
70	7	938	108	9.3	0.01
70	8	290	52	10	3.15
70	9	239	101	8.16	0.01
71	0	745	56	8.96	3.15
71	1	902	108	10	0.01
71	2	850	57	10	3.15
71	3	777	106	4.66	0.01
71	4	723	56	7.76	3.15
71	5	783	56	9.53	3.15
71	6	302	52	10	3.15
71	7	947	108	8.74	0.01
71	8	280	52	10	3.15
71	9	248	101	8.96	0.01
72	0	735	56	10	3.15
72	1	912	108	10	0.01
72	2	841	57	9.22	3.15
72	3	782	106	5.21	0.01
72	4	717	56	5.91	3.15
72	5	773	56	10	3.15
72	6	293	52	9.59	3.15
72	7	957	108	9.88	0.01
72	8	270	52	10	3.15
72	9	256	101	8.45	0.01
73	0	725	56	10	3.15
73	1	922	108	10	0.01
73	2	831	57	10	3.15
73	3	785	107	3.21	0.01
73	4	713	56	4.48	3.15
73	5	763	56	10	3.15
73	6	283	52	10	3.15
73	7	967	108	10	0.01
73	8	260	52	10	3.15
73	9	265	102	8.62	0.01
74	0	721	56	4.42	3.15
74	1	932	108	10	0.01
74	2	821	57	9.37	3.15
74	3	790	107	4.94	0.01
74	4	708	56	4.42	3.15
74	5	753	56	10	3.15
74	6	273	52	10	3.15
74	7	977	108	10	0.01
74	8	250	51	10	3.15
74	9	275	102	10	0.01
75	0	717	56	3.82	3.15
75	1	942	108	10	0.01
75	2	811	57	10	3.15
75	3	796	107	6.29	0.01
75	4	703	56	4.96	3.15
75	5	743	56	10	3.15
75	6	263	52	10	3.15
75	7	987	108	10	0.01
75	8	241	51	8.67	3.15
75	9	283	102	8.53	0.01
76	0	714	56	2.71	3.15
76	1	951	108	9.21	0.01
76	2	801	57	10	3.15
76	3	804	107	8.06	0.01
76	4	697	56	6.57	3.15
76	5	734	56	8.86	3.15
76	6	253	51	10	3.15
76	7	995	109	10	0.01
76	8	232	51	9.18	3.15
76	9	290	102	6.72	0.01
77	0	713	56	1.71	3.15
77	1	959	108	7.68	0.01
77	2	791	57	10	3.15
77	3	812	107	8.13	0.01
77	4	688	56	8.42	3.15
77	5	725	56	9.18	3.15
77	6	245	51	8.12	3.15
77	7	995	99	10	4.72
77	8	222	51	10	3.15
77	9	295	102	5.38	0.01
78	0	710	56	3.19	3.15
78	1	967	108	8.35	0.01
78	2	781	56	10	3.15
78	3	821	107	8.52	0.01
78	4	680	56	8.91	3.15
78	5	722	56	3.19	3.15
78	6	236	51	9.08	3.15
78	7	995	89	10	4.72
78	8	212	51	10	3.15
78	9	299	102	3.99	0.01
79	0	705	56	4.53	3.15
79	1	975	108	7.69	0.01
79	2	771	56	10	3.15
79	3	828	107	6.76	0.01
79	4	670	55	10	3.15
79	5	717	56	4.4	3.15
79	6	228	51	7.08	3.15
79	7	995	80	8.16	4.72
79	8	202	51	10	3.15
79	9	304	102	4.76	0.01
80	0	699	56	5.68	3.15
80	1	984	108	9.41	0.01
80	2	762	56	9.59	3.15
80	3	835	107	7.49	0.01
80	4	660	55	10	3.15
80	5	713	56	4.52	3.15
80	6	222	51	6.74	3.15
80	7	995	71	9.58	4.72
80	8	192	51	10	3.15
80	9	311	102	6.7	0.01
81	0	693	56	6.51	3.15
81	1	992	108	7.75	0.01
81	2	752	56	9.77	3.15
81	3	842	107	6.46	0.01
81	4	650	55	10	3.15
81	5	709	56	3.93	3.15
81	6	213	51	8.72	3.15
81	7	995	63	8.19	4.72
81	8	182	51	10	3.15
81	9	319	102	7.96	0.01
82	0	685	56	8.28	3.15
82	1	995	109	8.39	0.01
82	2	742	56	10	3.15
82	3	850	107	8.23	0.01
82	4	641	55	8.52	3.15
82	5	707	56	2.46	3.15
82	6	204	51	9.45	3.15
82	7	995	59	8.6	4.72
82	8	172	51	10	3.15
82	9	327	102	8.08	0.01
83	0	678	55	6.95	3.15
83	1	995	102	6.74	4.72
83	2	732	56	10	3.15
83	3	859	107	8.96	0.01
83	4	631	55	9.56	3.15
83	5	704	56	2.11	3.15
83	6	194	51	10	3.15
83	7	988	58	7.18	3.15
83	8	162	51	10	3.15
83	9	335	102	7.97	0.01
84	0	671	55	6.98	3.15
84	1	995	96	5.38	4.72
84	2	722	56	9.89	3.15
84	3	869	107	10	0.01
84	4	622	55	9.78	3.15
84	5	702	56	2.38	3.15
84	6	184	51	10	3.15
84	7	982	58	5.99	3.15
84	8	153	50	8.73	3.15
84	9	344	102	8.62	0.01
85	0	662	55	8.82	3.15
85	1	995	89	7.1	4.72
85	2	712	56	10	3.15
85	3	879	107	10	0.01
85	4	614	55	7.93	3.15
85	5	698	56	3.73	3.15
85	6	174	51	10	3.15
85	7	975	58	6.5	3.15
85	8	143	50	9.74	3.15
85	9	351	102	7.45	0.01
86	0	655	55	6.86	3.15
86	1	995	81	8.04	4.72
86	2	707	56	5.33	3.15
86	3	889	107	10	0.01
86	4	606	55	7.6	3.15
86	5	693	56	5.33	3.15
86	6	164	51	10	3.15
86	7	967	58	8.48	3.15
86	8	135	50	8.39	3.15
86	9	358	102	6.71	0.01
87	0	647	55	8.42	3.15
87	1	995	75	6.38	4.72
87	2	701	56	5.62	3.15
87	3	899	108	10	0.01
87	4	598	55	7.84	3.15
87	5	687	56	6.09	3.15
87	6	154	50	9.69	3.15
87	7	959	58	7.33	3.15
87	8	126	50	8.92	3.15
87	9	366	103	8.47	0.01
88	0	637	55	9.43	3.15
88	1	995	68	7.21	4.72
88	2	695	56	5.87	3.15
88	3	907	108	8.62	0.01
88	4	589	55	9.09	3.15
88	5	680	56	7.03	3.15
88	6	144	50	10	3.15
88	7	953	58	6.5	3.15
88	8	117	50	8.63	3.15
88	9	376	103	9.63	0.01
89	0	629	55	7.86	3.15
89	1	995	62	5.79	4.72
89	2	688	56	7.76	3.15
89	3	915	108	7.28	0.01
89	4	580	55	8.76	3.15
89	5	672	55	7.61	3.15
89	6	134	50	10	3.15
89	7	946	58	7.32	3.15
89	8	108	50	9.37	3.15
89	9	386	103	10	0.01
90	0	620	55	9.46	3.15
90	1	995	59	7.76	4.72
90	2	681	56	6.77	3.15
90	3	922	108	6.81	0.01
90	4	571	54	9.52	3.15
90	5	664	55	8.1	3.15
90	6	124	50	10	3.15
90	7	938	58	7.51	3.15
90	8	99	50	8.56	3.15
90	9	396	103	10	0.01
91	0	610	55	10	3.15
91	1	987	58	8.27	3.15
91	2	673	55	8.21	3.15
91	3	927	108	5.76	0.01
91	4	561	54	10	3.15
91	5	655	55	9.63	3.15
91	6	114	50	9.45	3.15
91	7	931	58	7.27	3.15
91	8	89	50	10	3.15
91	9	406	103	10	0.01
92	0	600	55	10	3.15
92	1	977	58	10	3.15
92	2	666	55	6.84	3.15
92	3	931	108	3.88	0.01
92	4	551	54	10	3.15
92	5	645	55	10	3.15
92	6	104	50	10	3.15
92	7	924	58	7.2	3.15
92	8	80	50	9.41	3.15
92	9	416	103	9.78	0.01
93	0	590	55	10	3.15
93	1	967	58	10	3.15
93	2	659	55	7.14	3.15
93	3	936	108	4.63	0.01
93	4	541	54	10	3.15
93	5	636	55	8.69	3.15
93	6	94	50	10	3.15
93	7	916	58	8.1	3.15
93	8	70	50	10	3.15
93	9	426	103	10	0.01
94	0	580	55	10	3.15
94	1	958	58	8.76	3.15
94	2	651	55	7.79	3.15
94	3	940	108	4.29	0.01
94	4	531	54	10	3.15
94	5	626	55	9.58	3.15
94	6	86	50	8.86	3.15
94	7	909	58	6.44	3.15
94	8	61	50	9.27	3.15
94	9	434	103	8.04	0.01
95	0	570	54	10	3.15
95	1	948	58	10	3.15
95	2	644	55	6.34	3.15
95	3	946	108	6.27	0.01
95	4	521	54	10	3.15
95	5	616	55	10	3.15
95	6	77	50	8.89	3.15
95	7	905	58	4.63	3.15
95	8	51	50	9.76	3.15
95	9	443	103	9.56	0.01
96	0	562	54	8.24	3.15
96	1	939	58	8.87	3.15
96	2	636	55	7.97	3.15
96	3	954	108	8.08	0.01
96	4	512	54	9.24	3.15
96	5	606	55	10	3.15
96	6	67	50	9.61	3.15
96	7	898	58	6.44	3.15
96	8	49	50	8.18	3.15
96	9	452	103	8.79	0.01
97	0	554	54	7.31	3.15
97	1	930	58	8.73	3.15
97	2	628	55	8.07	3.15
97	3	964	108	9.89	0.01
97	4	502	54	9.58	3.15
97	5	597	55	9.07	3.15
97	6	58	50	8.86	3.15
97	7	891	58	6.64	3.15
97	8	49	50	9.88	1.58
97	9	462	103	10	0.01
98	0	545	54	9.29	3.15
98	1	920	58	10	3.15
98	2	622	55	6.83	3.15
98	3	974	108	10	0.01
98	4	492	54	10	3.15
98	5	588	55	9.53	3.15
98	6	50	50	7.93	3.15
98	7	883	57	8.22	3.15
98	8	49	57	7.92	1.58
98	9	472	104	10	0.01
99	0	535	54	10	3.15
99	1	910	58	10	3.15
99	2	614	55	7.86	3.15
99	3	984	108	10	0.01
99	4	482	54	10	3.15
99	5	578	55	9.8	3.15
99	6	49	50	6.15	3.15
99	7	874	57	9.24	3.15
99	8	49	66	8.2	1.58
99	9	481	104	9.09	0.01
100	0	525	54	10	3.15
100	1	901	58	9.34	3.15
100	2	604	55	9.53	3.15
100	3	994	108	10	0.01
100	4	474	54	8.46	3.15
100	5	568	54	10	3.15
100	6	49	50	6.43	1.58
100	7	865	57	8.9	3.15
100	8	49	76	10	1.58
100	9	491	104	10	0.01
101	0	516	54	8.46	3.15
101	1	894	58	7.52	3.15
101	2	595	55	9.12	3.15
101	3	995	109	10	0.01
101	4	466	53	7.35	3.15
101	5	558	54	10	3.15
101	6	49	57	7.75	1.58
101	7	856	57	8.68	3.15
101	8	49	86	10	1.58
101	9	500	104	8.8	0.01
102	0	507	54	9.02	3.15
102	1	885	57	8.96	3.15
102	2	585	55	10	3.15
102	3	995	100	8.47	4.72
102	4	460	53	6.68	3.15
102	5	548	54	10	3.15
102	6	49	65	7.89	1.58
102	7	850	57	6.69	3.15
102	8	49	96	10	1.58
102	9	510	104	10	0.01
103	0	497	54	10	3.15
103	1	876	57	9.01	3.15
103	2	576	55	9.03	3.15
103	3	995	91	9.36	4.72
103	4	454	53	5.76	3.15
103	5	538	54	10	3.15
103	6	49	74	8.54	1.58
103	7	842	57	7.72	3.15
103	8	49	100	10	1.58
103	9	520	104	9.73	0.01
104	0	487	54	10	3.15
104	1	866	57	10	3.15
104	2	566	54	10	3.15
104	3	995	81	10	4.72
104	4	449	53	5.06	3.15
104	5	528	54	10	3.15
104	6	49	83	9.16	1.58
104	7	834	57	8.05	3.15
104	8	49	100	10	0.01
104	9	529	104	9.59	0.01
105	0	477	54	10	3.15
105	1	856	57	9.35	3.15
105	2	556	54	10	3.15
105	3	995	71	10	4.72
105	4	443	53	5.63	3.15
105	5	518	54	10	3.15
105	6	49	93	10	1.58
105	7	827	57	7.42	3.15
105	8	58	100	10	0.01
105	9	539	104	10	0.01
106	0	467	53	10	3.15
106	1	847	57	9.02	3.15
106	2	546	54	10	3.15
106	3	995	61	9.25	4.72
106	4	438	53	5.66	3.15
106	5	510	54	8.29	3.15
106	6	49	100	10	1.58
106	7	818	57	8.85	3.15
106	8	68	100	10	0.01
106	9	549	104	10	0.01
107	0	459	53	8.59	3.15
107	1	837	57	10	3.15
107	2	536	54	10	3.15
107	3	995	59	9.28	4.72
107	4	432	53	5.8	3.15
107	5	500	54	9.54	3.15
107	6	49	100	9.93	0.01
107	7	810	57	7.2	3.15
107	8	78	100	9.39	0.01
107	9	559	104	9.99	0.01
108	0	450	53	8.79	3.15
108	1	827	57	10	3.15
108	2	526	54	10	3.15
108	3	985	58	9.49	3.15
108	4	426	53	6.06	3.15
108	5	490	54	10	3.15
108	6	58	100	10	0.01
108	7	803	57	7.97	3.15
108	8	88	100	10	0.01
108	9	568	104	8.43	0.01
109	0	442	53	8.33	3.15
109	1	817	57	10	3.15
109	2	516	54	9.79	3.15
109	3	976	58	9.9	3.15
109	4	418	53	7.3	3.15
109	5	480	54	10	3.15
109	6	68	100	10	0.01
109	7	794	57	8.83	3.15
109	8	98	100	10	0.01
109	9	577	105	9.57	0.01
110	0	432	53	9.25	3.15
110	1	807	57	10	3.15
110	2	508	54	8.44	3.15
110	3	966	58	10	3.15
110	4	409	53	9.1	3.15
110	5	470	54	10	3.15
110	6	78	100	10	0.01
110	7	786	57	7.5	3.15
110	8	108	100	10	0.01
110	9	587	105	10	0.01
111	0	422	53	10	3.15
111	1	798	57	8.79	3.15
111	2	500	54	8.13	3.15
111	3	956	58	10	3.15
111	4	401	53	7.91	3.15
111	5	460	53	9.82	3.15
111	6	88	100	10	0.01
111	7	777	56	8.74	3.15
111	8	118	100	9.86	0.01
111	9	597	105	10	0.01
112	0	412	53	10	3.15
112	1	791	57	6.89	3.15
112	2	491	54	8.95	3.15
112	3	947	58	8.31	3.15
112	4	395	53	6.4	3.15
112	5	450	53	10	3.15
112	6	97	100	8.33	0.01
112	7	767	56	10	3.15
112	8	126	100	8.48	0.01
112	9	606	105	9.22	0.01
113	0	402	53	10	3.15
113	1	784	56	7.18	3.15
113	2	481	54	10	3.15
113	3	941	58	6.43	3.15
113	4	388	53	7.33	3.15
113	5	440	53	10	3.15
113	6	105	100	8.01	0.01
113	7	759	56	8.28	3.15
113	8	135	100	9.12	0.01
113	9	616	105	10	0.01
114	0	392	53	10	3.15
114	1	779	56	5.35	3.15
114	2	471	54	10	3.15
114	3	936	58	5.21	3.15
114	4	379	53	8.39	3.15
114	5	432	53	8.47	3.15
114	6	113	100	8.44	0.01
114	7	751	56	8.19	3.15
114	8	145	100	10	0.01
114	9	626	105	10	0.01
115	0	384	53	8.05	3.15
115	1	774	56	4.93	3.15
115	2	461	53	10	3.15
115	3	930	58	5.84	3.15
115	4	369	53	10	3.15
115	5	423	53	9.08	3.15
115	6	123	100	9.23	0.01
115	7	742	56	9.26	3.15
115	8	155	101	10	0.01
115	9	636	105	10	0.01
116	0	375	53	9.85	3.15
116	1	768	56	6.41	3.15
116	2	451	53	10	3.15
116	3	924	58	6.03	3.15
116	4	359	52	10	3.15
116	5	413	53	10	3.15
116	6	130	100	7.73	0.01
116	7	734	56	7.96	3.15
116	8	164	101	8.99	0.01
116	9	646	105	10	0.01
117	0	367	53	7.89	3.15
117	1	759	56	8.27	3.15
117	2	441	53	10	3.15
117	3	918	58	5.87	3.15
117	4	349	52	10	3.15
117	5	403	53	10	3.15
117	6	138	100	7.89	0.01
117	7	726	56	7.63	3.15
117	8	172	101	7.62	0.01
117	9	655	105	8.8	0.01
118	0	357	52	9.28	3.15
118	1	750	56	9.76	3.15
118	2	433	53	8.1	3.15
118	3	910	58	7.69	3.15
118	4	339	52	10	3.15
118	5	393	53	10	3.15
118	6	144	100	6.28	0.01
118	7	719	56	7.32	3.15
118	8	180	101	8.43	0.01
118	9	662	105	6.83	0.01
119	0	348	52	9.09	3.15
119	1	741	56	8.92	3.15
119	2	424	53	8.16	3.15
119	3	903	58	7.17	3.15
119	4	329	52	10	3.15
119	5	383	53	10	3.15
119	6	152	100	8	0.01
119	7	711	56	8.17	3.15
119	8	187	101	6.55	0.01
119	9	670	105	7.92	0.01
120	0	339	52	9.19	3.15
120	1	731	56	10	3.15
120	2	414	53	10	3.15
120	3	898	58	5.53	3.15
120	4	319	52	10	3.15
120	5	374	53	8.98	3.15
120	6	161	101	8.31	0.01
120	7	702	56	8.88	3.15
120	8	194	101	7	0.01
120	9	678	105	7.73	0.01
121	0	329	52	9.74	3.15
121	1	721	56	10	3.15
121	2	404	53	10	3.15
121	3	892	58	5.21	3.15
121	4	311	52	8.43	3.15
121	5	366	53	7.98	3.15
121	6	171	101	9.91	0.01
121	7	692	56	9.89	3.15
121	8	202	101	7.88	0.01
121	9	687	106	9.64	0.01
122	0	320	52	9.83	3.15
122	1	712	56	9.11	3.15
122	2	396	53	8.78	3.15
122	3	887	57	5.36	3.15
122	4	304	52	6.76	3.15
122	5	358	52	7.28	3.15
122	6	181	101	10	0.01
122	7	682	56	9.9	3.15
122	8	211	101	8.89	0.01
122	9	696	106	8.44	0.01
123	0	312	52	8	3.15
123	1	702	56	10	3.15
123	2	387	53	8.93	3.15
123	3	880	57	6.58	3.15
123	4	296	52	8.24	3.15
123	5	353	52	5.83	3.15
123	6	191	101	10	0.01
123	7	672	55	9.78	3.15
123	8	220	101	9.55	0.01
123	9	705	106	9.04	0.01
124	0	304	52	8.02	3.15
124	1	692	56	10	3.15
124	2	377	53	10	3.15
124	3	874	57	6.29	3.15
124	4	286	52	9.34	3.15
124	5	345	52	7.68	3.15
124	6	200	101	9.74	0.01
124	7	663	55	8.83	3.15
124	8	230	101	10	0.01
124	9	714	106	9.19	0.01
125	0	294	52	9.34	3.15
125	1	682	56	10	3.15
125	2	367	53	10	3.15
125	3	868	57	5.69	3.15
125	4	278	52	8.15	3.15
125	5	337	52	8.14	3.15
125	6	209	101	8.57	0.01
125	7	654	55	9.4	3.15
125	8	240	101	9.84	0.01
125	9	722	106	8.33	0.01
126	0	285	52	9.07	3.15
126	1	672	55	10	3.15
126	2	358	52	8.42	3.15
126	3	863	57	5.12	3.15
126	4	272	52	6.53	3.15
126	5	330	52	6.71	3.15
126	6	219	101	9.89	0.01
126	7	644	55	10	3.15
126	8	250	101	10	0.01
126	9	731	106	8.77	0.01
127	0	280	52	4.81	3.15
127	1	662	55	9.88	3.15
127	2	348	52	10	3.15
127	3	857	57	6.64	3.15
127	4	267	52	4.81	3.15
127	5	324	52	6.49	3.15
127	6	228	101	9.17	0.01
127	7	634	55	10	3.15
127	8	260	102	9.44	0.01
127	9	741	106	10	0.01
128	0	277	52	3.38	3.15
128	1	653	55	8.68	3.15
128	2	338	52	10	3.15
128	3	851	57	5.38	3.15
128	4	262	52	5.44	3.15
128	5	319	52	5.11	3.15
128	6	237	101	8.57	0.01
128	7	624	55	10	3.15
128	8	270	102	10	0.01
128	9	750	106	8.97	0.01
129	0	272	52	4.88	3.15
129	1	646	55	7.23	3.15
129	2	329	52	9	3.15
129	3	844	57	6.89	3.15
129	4	258	51	4	3.15
129	5	314	52	4.79	3.15
129	6	245	101	8.1	0.01
129	7	614	55	10	3.15
129	8	279	102	9.06	0.01
129	9	759	106	9.27	0.01
130	0	267	52	4.78	3.15
130	1	639	55	6.52	3.15
130	2	326	52	3.87	3.15
130	3	836	57	8.1	3.15
130	4	254	51	3.14	3.15
130	5	310	52	3.87	3.15
130	6	254	101	9.5	0.01
130	7	604	55	10	3.15
130	8	289	102	10	0.01
130	9	769	106	10	0.01
131	0	264	52	2.92	3.15
131	1	631	55	8.33	3.15
131	2	322	52	3.54	3.15
131	3	828	57	8.25	3.15
131	4	252	51	2.2	3.15
131	5	305	52	4.97	3.15
131	6	262	102	7.71	0.01
131	7	594	55	10	3.15
131	8	297	102	8.77	0.01
131	9	779	106	10	0.01
132	0	262	52	2.48	3.15
132	1	624	55	6.49	3.15
132	2	319	52	3.05	3.15
132	3	818	57	10	3.15
132	4	251	51	1.16	3.15
132	5	302	52	3.01	3.15
132	6	271	102	9.04	0.01
132	7	584	55	10	3.15
132	8	307	102	10	0.01
132	9	789	107	9.58	0.01
133	0	260	52	2.02	3.15
133	1	616	55	8.4	3.15
133	2	316	52	2.68	3.15
133	3	808	57	10	3.15
133	4	249	51	1.98	3.15
133	5	297	52	4.5	3.15
133	6	280	102	9.56	0.01
133	7	574	54	9.68	3.15
133	8	316	102	8.18	0.01
133	9	799	107	10	0.01
134	0	258	51	2.2	3.15
134	1	606	55	10	3.15
134	2	314	52	2.7	3.15
134	3	798	57	10	3.15
134	4	247	51	2.05	3.15
134	5	292	52	5.83	3.15
134	6	290	102	10	0.01
134	7	565	54	9.62	3.15
134	8	325	102	9.29	0.01
134	9	809	107	10	0.01
135	0	254	51	3.79	3.15
135	1	596	55	10	3.15
135	2	310	52	3.13	3.15
135	3	788	57	9.75	3.15
135	4	243	51	3.75	3.15
135	5	286	52	5.6	3.15
135	6	300	102	9.87	0.01
135	7	555	54	10	3.15
135	8	334	102	9.64	0.01
135	9	819	107	9.89	0.01
136	0	249	51	4.55	3.15
136	1	588	55	8.04	3.15
136	2	307	52	3.25	3.15
136	3	778	56	10	3.15
136	4	239	51	4.25	3.15
136	5	280	52	6.07	3.15
136	6	309	102	8.89	0.01
136	7	545	54	10	3.15
136	8	344	102	10	0.01
136	9	829	107	10	0.01
137	0	243	51	6.05	3.15
137	1	582	55	6.47	3.15
137	2	304	52	3.63	3.15
137	3	768	56	10	3.15
137	4	234	51	5.05	3.15
137	5	275	52	5.26	3.15
137	6	319	102	10	0.01
137	7	535	54	10	3.15
137	8	354	102	9.92	0.01
137	9	838	107	9.5	0.01
138	0	240	51	3.18	3.15
138	1	577	55	4.97	3.15
138	2	299	52	4.25	3.15
138	3	758	56	10	3.15
138	4	231	51	3.18	3.15
138	5	268	52	6.78	3.15
138	6	329	102	10	0.01
138	7	525	54	10	3.15
138	8	364	103	10	0.01
138	9	848	107	10	0.01
139	0	237	51	3.56	3.15
139	1	572	54	4.7	3.15
139	2	294	52	5.75	3.15
139	3	748	56	10	3.15
139	4	229	51	1.33	3.15
139	5	259	52	8.5	3.15
139	6	339	102	10	0.01
139	7	516	54	8.52	3.15
139	8	374	103	10	0.01
139	9	858	107	10	0.01
140	0	234	51	2.37	3.15
140	1	567	54	4.88	3.15
140	2	288	52	5.8	3.15
140	3	738	56	10	3.15
140	4	227	51	2.18	3.15
140	5	249	51	10	3.15
140	6	349	102	10	0.01
140	7	509	54	6.66	3.15
140	8	384	103	10	0.01
140	9	868	107	10	0.01
141	0	230	51	3.72	3.15
141	1	562	54	4.57	3.15
141	2	282	52	6.18	3.15
141	3	728	56	10	3.15
141	4	226	51	1.07	3.15
141	5	246	51	3.72	3.15
141	6	359	102	10	0.01
141	7	501	54	8.14	3.15
141	8	394	103	10	0.01
141	9	878	107	10	0.01
142	0	228	51	2.41	3.15
142	1	556	54	6.09	3.15
142	2	274	52	7.78	3.15
142	3	718	56	10	3.15
142	4	224	51	2.41	3.15
142	5	243	51	2.73	3.15
142	6	369	103	10	0.01
142	7	493	54	8.5	3.15
142	8	404	103	9.22	0.01
142	9	888	107	10	0.01
143	0	225	51	3.49	3.15
143	1	551	54	4.88	3.15
143	2	266	52	7.98	3.15
143	3	708	56	10	3.15
143	4	220	51	4.14	3.15
143	5	239	51	4.38	3.15
143	6	379	103	10	0.01
143	7	483	54	9.35	3.15
143	8	413	103	9.88	0.01
143	9	898	108	10	0.01
144	0	222	51	2.89	3.15
144	1	547	54	4.82	3.15
144	2	259	51	7.03	3.15
144	3	698	56	10	3.15
144	4	215	51	4.94	3.15
144	5	234	51	4.4	3.15
144	6	389	103	10	0.01
144	7	473	54	10	3.15
144	8	423	103	10	0.01
144	9	907	108	8.87	0.01
145	0	219	51	3.07	3.15
145	1	541	54	5.71	3.15
145	2	251	51	7.42	3.15
145	3	688	56	10	3.15
145	4	210	51	4.9	3.15
145	5	229	51	4.64	3.15
145	6	398	103	8.99	0.01
145	7	465	53	8.08	3.15
145	8	433	103	10	0.01
145	9	917	108	10	0.01
146	0	215	51	4.06	3.15
146	1	535	54	5.62	3.15
146	2	245	51	6.4	3.15
146	3	678	55	10	3.15
146	4	206	51	3.98	3.15
146	5	223	51	6.16	3.15
146	6	406	103	8	0.01
146	7	456	53	9.62	3.15
146	8	442	103	8.75	0.01
146	9	927	108	10	0.01
147	0	209	51	5.26	3.15
147	1	528	54	6.93	3.15
147	2	237	51	8.32	3.15
147	3	668	55	10	3.15
147	4	201	51	4.87	3.15
147	5	217	51	6.82	3.15
147	6	416	103	9.45	0.01
147	7	446	53	10	3.15
147	8	452	103	9.53	0.01
147	9	937	108	10	0.01
148	0	206	51	3.12	3.15
148	1	523	54	5.78	3.15
148	2	227	51	9.71	3.15
148	3	658	55	10	3.15
148	4	198	51	3.12	3.15
148	5	213	51	3.12	3.15
148	6	426	103	10	0.01
148	7	436	53	10	3.15
148	8	461	103	9.45	0.01
148	9	947	108	10	0.01
149	0	202	51	4.24	3.15
149	1	515	54	7.42	3.15
149	2	224	51	3.28	3.15
149	3	648	55	10	3.15
149	4	196	51	2.22	3.15
149	5	210	51	3.28	3.15
149	6	434	103	8.45	0.01
149	7	427	53	8.88	3.15
149	8	471	104	9.52	0.01
149	9	957	108	10	0.01
150	0	198	51	4.24	3.15
150	1	506	54	9.06	3.15
150	2	221	51	2.81	3.15
150	3	640	55	8.45	3.15
150	4	193	51	2.84	3.15
150	5	206	51	4.3	3.15
150	6	443	103	8.78	0.01
150	7	417	53	10	3.15
150	8	481	104	10	0.01
150	9	967	108	10	0.01
151	0	196	51	1.39	3.15
151	1	497	54	9.41	3.15
151	2	217	51	3.5	3.15
151	3	631	55	8.97	3.15
151	4	191	51	1.39	3.15
151	5	201	51	4.65	3.15
151	6	452	103	8.84	0.01
151	7	407	53	10	3.15
151	8	489	104	8.51	0.01
151	9	977	108	10	0.01
152	0	194	51	1.93	3.15
152	1	487	54	10	3.15
152	2	213	51	4.62	3.15
152	3	623	55	8.28	3.15
152	4	188	51	3.05	3.15
152	5	199	51	1.93	3.15
152	6	461	103	8.78	0.01
152	7	397	53	10	3.15
152	8	499	104	10	0.01
152	9	986	108	8.44	0.01
153	0	193	51	1.39	3.15
153	1	478	54	9	3.15
153	2	210	51	2.84	3.15
153	3	613	55	9.48	3.15
153	4	187	51	1.54	3.15
153	5	198	51	1.39	3.15
153	6	470	104	9.5	0.01
153	7	387	53	10	3.15
153	8	509	104	10	0.01
153	9	994	108	8.09	0.01
154	0	190	51	2.87	3.15
154	1	468	53	9.72	3.15
154	2	208	51	1.88	3.15
154	3	605	55	7.68	3.15
154	4	186	51	0.93	3.15
154	5	197	51	0.38	3.15
154	6	479	104	9.33	0.01
154	7	377	53	10	3.15
154	8	519	104	10	0.01
154	9	995	109	9.11	0.01
155	0	190	51	0	3.15
155	1	458	53	9.81	3.15
155	2	206	51	2.24	3.15
155	3	597	55	8.37	3.15
155	4	186	51	0	3.15
155	5	197	51	0.73	3.15
155	6	489	104	10	0.01
155	7	367	53	10	3.15
155	8	529	104	10	0.01
155	9	995	99	10	4.72
156	0	190	51	0.49	3.15
156	1	450	53	7.86	3.15
156	2	203	51	2.33	3.15
156	3	588	55	8.54	3.15
156	4	185	51	0.54	3.15
156	5	194	51	2.62	3.15
156	6	499	104	10	0.01
156	7	357	52	10	3.15
156	8	538	104	9.27	0.01
156	9	995	89	10	4.72
157	0	188	51	1.68	3.15
157	1	444	53	5.98	3.15
157	2	200	51	3.69	3.15
157	3	578	55	10	3.15
157	4	185	51	0.8	3.15
157	5	192	51	1.95	3.15
157	6	509	104	10	0.01
157	7	347	52	10	3.15
157	8	548	104	10	0.01
157	9	995	79	10	4.72
158	0	187	51	0.67	3.15
158	1	437	53	6.91	3.15
158	2	196	51	3.81	3.15
158	3	569	54	9.97	3.15
158	4	182	51	2.6	3.15
158	5	191	51	1.53	3.15
158	6	519	104	10	0.01
158	7	337	52	10	3.15
158	8	558	104	10	0.01
158	9	995	69	9.45	4.72
159	0	185	51	2.17	3.15
159	1	431	53	6.57	3.15
159	2	193	51	2.42	3.15
159	3	560	54	8.63	3.15
159	4	178	51	3.93	3.15
159	5	188	51	2.17	3.15
159	6	529	104	10	0.01
159	7	329	52	8.03	3.15
159	8	568	104	10	0.01
159	9	995	59	9.89	4.72
160	0	182	51	2.92	3.15
160	1	424	53	7.04	3.15
160	2	191	51	2.92	3.15
160	3	550	54	10	3.15
160	4	172	51	5.73	3.15
160	5	186	51	2.92	3.15
160	6	539	104	10	0.01
160	7	321	52	7.91	3.15
160	8	578	105	9.94	0.01
160	9	995	59	9.33	4.72
161	0	179	51	3.44	3.15
161	1	415	53	8.39	3.15
161	2	187	51	3.25	3.15
161	3	540	54	10	3.15
161	4	168	51	3.87	3.15
161	5	182	51	3.44	3.15
161	6	549	104	10	0.01
161	7	312	52	9.04	3.15
161	8	587	105	8.94	0.01
161	9	986	58	9.3	3.15
162	0	176	51	3.07	3.15
162	1	407	53	8.07	3.15
162	2	183	51	3.92	3.15
162	3	530	54	9.89	3.15
162	4	163	51	4.98	3.15
162	5	179	51	3.07	3.15
162	6	559	104	10	0.01
162	7	302	52	10	3.15
162	8	595	105	7.12	0.01
162	9	978	58	7.83	3.15
163	0	172	51	3.81	3.15
163	1	401	53	6.7	3.15
163	2	181	51	2.34	3.15
163	3	520	54	10	3.15
163	4	158	51	5.91	3.15
163	5	177	51	2.34	3.15
163	6	569	104	10	0.01
163	7	294	52	8.05	3.15
163	8	604	105	9.02	0.01
163	9	969	58	9.13	3.15
164	0	167	51	5.34	3.15
164	1	393	53	7.75	3.15
164	2	178	51	3.27	3.15
164	3	512	54	8.35	3.15
164	4	152	50	5.47	3.15
164	5	174	51	2.9	3.15
164	6	579	105	10	0.01
164	7	284	52	9.9	3.15
164	8	611	105	7.12	0.01
164	9	959	58	10	3.15
165	0	161	51	5.17	3.15
165	1	384	53	8.96	3.15
165	2	173	51	4.77	3.15
165	3	503	54	8.89	3.15
165	4	145	50	7.21	3.15
165	5	169	51	4.77	3.15
165	6	589	105	10	0.01
165	7	274	52	10	3.15
165	8	620	105	8.95	0.01
165	9	949	58	10	3.15
166	0	157	51	4.82	3.15
166	1	374	53	9.51	3.15
166	2	170	51	3.35	3.15
166	3	496	54	7.06	3.15
166	4	139	50	6.08	3.15
166	5	163	51	6.22	3.15
166	6	599	105	10	0.01
166	7	264	52	10	3.15
166	8	629	105	9.32	0.01
166	9	939	58	10	3.15
167	0	152	50	4.68	3.15
167	1	364	53	10	3.15
167	2	165	51	4.17	3.15
167	3	487	54	8.68	3.15
167	4	131	50	8.02	3.15
167	5	158	51	4.68	3.15
167	6	609	105	10	0.01
167	7	254	51	10	3.15
167	8	639	105	10	0.01
167	9	929	58	10	3.15
168	0	148	50	4.17	3.15
168	1	354	52	10	3.15
168	2	161	51	4.81	3.15
168	3	477	54	10	3.15
168	4	123	50	7.64	3.15
168	5	153	50	4.96	3.15
168	6	618	105	8.71	0.01
168	7	244	51	10	3.15
168	8	649	105	10	0.01
168	9	920	58	9.16	3.15
169	0	145	50	2.96	3.15
169	1	346	52	8.87	3.15
169	2	156	51	4.35	3.15
169	3	467	53	9.89	3.15
169	4	115	50	8.32	3.15
169	5	150	50	3.6	3.15
169	6	625	105	7.03	0.01
169	7	234	51	10	3.15
169	8	659	105	10	0.01
169	9	912	58	7.4	3.15
170	0	141	50	3.51	3.15
170	1	338	52	8.02	3.15
170	2	152	50	4.46	3.15
170	3	459	53	8.33	3.15
170	4	106	50	8.71	3.15
170	5	146	50	3.24	3.15
170	6	631	105	6.27	0.01
170	7	224	51	10	3.15
170	8	669	105	10	0.01
170	9	904	58	7.89	3.15
171	0	139	50	2.66	3.15
171	1	329	52	9.06	3.15
171	2	149	50	2.47	3.15
171	3	449	53	9.39	3.15
171	4	96	50	9.82	3.15
171	5	144	50	2.66	3.15
171	6	640	105	8.26	0.01
171	7	214	51	10	3.15
171	8	679	105	10	0.01
171	9	895	58	9.07	3.15
172	0	136	50	3.04	3.15
172	1	320	52	8.91	3.15
172	2	145	50	4.45	3.15
172	3	439	53	10	3.15
172	4	86	50	9.98	3.15
172	5	140	50	3.37	3.15
172	6	649	105	9.13	0.01
172	7	206	51	8.07	3.15
172	8	689	106	10	0.01
172	9	887	57	8	3.15
173	0	131	50	4.57	3.15
173	1	310	52	10	3.15
173	2	142	50	2.53	3.15
173	3	430	53	9.11	3.15
173	4	77	50	9.52	3.15
173	5	138	50	2.53	3.15
173	6	657	105	8.3	0.01
173	7	198	51	7.44	3.15
173	8	699	106	9.92	0.01
173	9	880	57	7.01	3.15
174	0	125	50	6.09	3.15
174	1	300	52	10	3.15
174	2	140	50	2.58	3.15
174	3	423	53	7.79	3.15
174	4	67	50	9.6	3.15
174	5	135	50	2.58	3.15
174	6	664	105	6.98	0.01
174	7	190	51	8.64	3.15
174	8	709	106	10	0.01
174	9	873	57	7.67	3.15
175	0	118	50	6.7	3.15
175	1	290	52	10	3.15
175	2	139	50	0.82	3.15
175	3	414	53	8.22	3.15
175	4	57	50	9.77	3.15
175	5	135	50	0.59	3.15
175	6	672	105	8.2	0.01
175	7	183	51	7.05	3.15
175	8	717	106	8.03	0.01
175	9	866	57	7.01	3.15
176	0	112	50	5.69	3.15
176	1	280	52	10	3.15
176	2	138	50	1.06	3.15
176	3	407	53	7.77	3.15
176	4	49	50	10	3.15
176	5	133	50	1.63	3.15
176	6	680	106	8.1	0.01
176	7	174	51	9.01	3.15
176	8	723	106	6.52	0.01
176	9	858	57	7.78	3.15
177	0	105	50	7.58	3.15
177	1	270	52	9.59	3.15
177	2	137	50	0.55	3.15
177	3	400	53	6.95	3.15
177	4	49	50	10	1.58
177	5	132	50	0.55	3.15
177	6	689	106	8.52	0.01
177	7	164	51	10	3.15
177	8	730	106	6.48	0.01
177	9	848	57	9.49	3.15
178	0	97	50	8.18	3.15
178	1	260	52	10	3.15
178	2	136	50	0.94	3.15
178	3	392	53	7.98	3.15
178	4	49	60	10	1.58
178	5	132	50	0	3.15
178	6	696	106	7.61	0.01
178	7	155	51	8.75	3.15
178	8	738	106	7.88	0.01
178	9	839	57	8.95	3.15
179	0	90	50	6.35	3.15
179	1	250	51	10	3.15
179	2	135	50	1.33	3.15
179	3	382	53	9.21	3.15
179	4	49	70	10	1.58
179	5	132	50	0	3.15
179	6	704	106	7.15	0.01
179	7	146	50	9.41	3.15
179	8	747	106	8.89	0.01
179	9	829	57	10	3.15
180	0	82	50	8.17	3.15
180	1	240	51	10	3.15
180	2	135	50	0.08	3.15
180	3	372	53	10	3.15
180	4	49	79	9.59	1.58
180	5	131	50	1.76	3.15
180	6	709	106	5.83	0.01
180	7	146	50	0.08	3.15
180	8	757	106	10	0.01
180	9	819	57	10	3.15
181	0	72	50	9.85	3.15
181	1	232	51	8.28	3.15
181	2	135	50	0	3.15
181	3	362	52	10	3.15
181	4	49	89	10	1.58
181	5	130	50	1.11	3.15
181	6	717	106	7.68	0.01
181	7	145	50	0.27	3.15
181	8	767	106	10	0.01
181	9	809	57	10	3.15
182	0	62	50	10	3.15
182	1	225	51	6.59	3.15
182	2	135	50	0	3.15
182	3	353	52	9.77	3.15
182	4	49	99	10	1.58
182	5	129	50	0.62	3.15
182	6	726	106	8.81	0.01
182	7	144	50	1.39	3.15
182	8	777	106	10	0.01
182	9	799	57	10	3.15
183	0	52	50	10	3.15
183	1	220	51	5.38	3.15
183	2	135	50	0	3.15
183	3	343	52	10	3.15
183	4	49	100	10	1.58
183	5	128	50	1.23	3.15
183	6	735	106	9.32	0.01
183	7	143	50	0.82	3.15
183	8	787	107	10	0.01
183	9	789	57	10	3.15
184	0	49	50	10	3.15
184	1	216	51	4.1	3.15
184	2	135	50	0	3.15
184	3	334	52	8.43	3.15
184	4	49	100	10	0.01
184	5	126	50	2.16	3.15
184	6	745	106	9.88	0.01
184	7	142	50	1.25	3.15
184	8	795	107	8.7	0.01
184	9	781	56	8.42	3.15
185	0	49	50	10	1.58
185	1	213	51	2.56	3.15
185	2	135	50	0.32	3.15
185	3	324	52	9.77	3.15
185	4	58	100	10	0.01
185	5	124	50	1.99	3.15
185	6	755	106	10	0.01
185	7	142	50	0.18	3.15
185	8	804	107	8.59	0.01
185	9	774	56	6.93	3.15
186	0	49	59	9.5	1.58
186	1	211	51	2.23	3.15
186	2	133	50	1.49	3.15
186	3	315	52	9.4	3.15
186	4	68	100	10	0.01
186	5	121	50	2.41	3.15
186	6	763	106	8.34	0.01
186	7	142	50	0	3.15
186	8	814	107	9.9	0.01
186	9	768	56	5.57	3.15
187	0	49	69	10	1.58
187	1	207	51	3.95	3.15
187	2	133	50	0.4	3.15
187	3	305	52	9.55	3.15
187	4	78	100	10	0.01
187	5	120	50	0.91	3.15
187	6	772	106	8.93	0.01
187	7	142	50	0	3.15
187	8	824	107	10	0.01
187	9	761	56	7.04	3.15
188	0	49	79	10	1.58
188	1	204	51	2.61	3.15
188	2	133	50	0	3.15
188	3	296	52	9.65	3.15
188	4	88	100	9.29	0.01
188	5	118	50	1.95	3.15
188	6	781	106	8.25	0.01
188	7	142	50	0	3.15
188	8	834	107	10	0.01
188	9	754	56	7.34	3.15
189	0	49	88	8.76	1.58
189	1	200	51	3.9	3.15
189	2	133	50	0	3.15
189	3	287	52	8.35	3.15
189	4	98	100	10	0.01
189	5	118	50	0.71	3.15
189	6	789	107	7.95	0.01
189	7	142	50	0	3.15
189	8	844	107	10	0.01
189	9	746	56	7.78	3.15
190	0	49	97	9.44	1.58
190	1	198	51	2.23	3.15
190	2	133	50	0	3.15
190	3	279	52	8.66	3.15
190	4	108	100	10	0.01
190	5	118	50	0	3.15
190	6	795	107	6.52	0.01
190	7	140	50	1.25	3.15
190	8	854	107	10	0.01
190	9	737	56	9.28	3.15
191	0	49	100	10	1.58
191	1	195	51	3.32	3.15
191	2	131	50	1.52	3.15
191	3	271	52	8.03	3.15
191	4	118	100	10	0.01
191	5	118	50	0.06	3.15
191	6	802	107	6.52	0.01
191	7	139	50	1.85	3.15
191	8	864	107	10	0.01
191	9	728	56	9	3.15
192	0	49	100	10	0.01
192	1	192	51	2.36	3.15
192	2	128	50	3.16	3.15
192	3	261	52	9.72	3.15
192	4	128	100	10	0.01
192	5	118	50	0	3.15
192	6	809	107	7.19	0.01
192	7	135	50	3.31	3.15
192	8	874	107	10	0.01
192	9	720	56	7.49	3.15
193	0	58	100	9.03	0.01
193	1	190	51	2.27	3.15
193	2	125	50	3.12	3.15
193	3	251	51	10	3.15
193	4	138	100	10	0.01
193	5	117	50	0.55	3.15
193	6	814	107	5.51	0.01
193	7	133	50	2.7	3.15
193	8	884	107	10	0.01
193	9	714	56	6.68	3.15
194	0	68	100	10	0.01
194	1	186	51	3.74	3.15
194	2	124	50	1.39	3.15
194	3	241	51	10	3.15
194	4	147	100	9.15	0.01
194	5	116	50	1.08	3.15
194	6	819	107	4.89	0.01
194	7	130	50	2.32	3.15
194	8	894	108	10	0.01
194	9	709	56	4.86	3.15
195	0	78	100	10	0.01
195	1	182	51	4.28	3.15
195	2	121	50	2.5	3.15
195	3	232	51	9.3	3.15
195	4	156	101	9.48	0.01
195	5	113	50	2.56	3.15
195	6	823	107	4.18	0.01
195	7	129	50	1.01	3.15
195	8	904	108	10	0.01
195	9	703	56	5.76	3.15
196	0	88	100	10	0.01
196	1	177	51	5.44	3.15
196	2	118	50	3.19	3.15
196	3	222	51	10	3.15
196	4	166	101	10	0.01
196	5	109	50	3.92	3.15
196	6	828	107	4.84	0.01
196	7	129	50	0	3.15
196	8	914	108	10	0.01
196	9	696	56	6.81	3.15
197	0	98	100	10	0.01
197	1	173	51	3.65	3.15
197	2	114	50	4.28	3.15
197	3	212	51	10	3.15
197	4	176	101	10	0.01
197	5	107	50	2.32	3.15
197	6	832	107	3.92	0.01
197	7	128	50	0.77	3.15
197	8	924	108	10	0.01
197	9	688	56	8.07	3.15
198	0	108	100	10	0.01
198	1	168	51	4.98	3.15
198	2	111	50	2.46	3.15
198	3	202	51	10	3.15
198	4	185	101	8.42	0.01
198	5	105	50	2.46	3.15
198	6	836	107	3.88	0.01
198	7	126	50	2.27	3.15
198	8	933	108	9.33	0.01
198	9	678	55	9.95	3.15
199	0	116	100	8.41	0.01
199	1	162	51	6.41	3.15
199	2	109	50	2.54	3.15
199	3	192	51	10	3.15
199	4	195	101	10	0.01
199	5	102	50	2.77	3.15
199	6	842	107	5.49	0.01
199	7	124	50	2.35	3.15
199	8	943	108	10	0.01
199	9	668	55	10	3.15
200	0	123	100	6.85	0.01
200	1	155	51	6.55	3.15
200	2	106	50	3.15	3.15
200	3	182	51	10	3.15
200	4	205	101	10	0.01
200	5	99	50	3.32	3.15
200	6	849	107	7.02	0.01
200	7	120	50	3.85	3.15
200	8	952	108	8.83	0.01
200	9	658	55	10	3.15
201	0	129	100	5.86	0.01
201	1	147	50	8.44	3.15
201	2	101	50	4.2	3.15
201	3	172	51	10	3.15
201	4	215	101	10	0.01
201	5	95	50	3.1	3.15
201	6	857	107	8.87	0.01
201	7	114	50	5.83	3.15
201	8	960	108	8.46	0.01
201	9	648	55	10	3.15
202	0	136	100	7.45	0.01
202	1	139	50	7.46	3.15
202	2	99	50	2.71	3.15
202	3	162	51	9.73	3.15
202	4	225	101	10	0.01
202	5	92	50	3.84	3.15
202	6	867	107	9.17	0.01
202	7	107	50	7.16	3.15
202	8	967	108	6.54	0.01
202	9	639	55	9.48	3.15
203	0	144	100	7.64	0.01
203	1	130	50	8.95	3.15
203	2	97	50	2.08	3.15
203	3	152	50	10	3.15
203	4	235	101	10	0.01
203	5	86	50	5.59	3.15
203	6	877	107	10	0.01
203	7	105	50	2.08	3.15
203	8	972	108	5.38	0.01
203	9	629	55	9.79	3.15
204	0	153	100	9.37	0.01
204	1	121	50	9.22	3.15
204	2	94	50	2.16	3.15
204	3	142	50	10	3.15
204	4	245	101	10	0.01
204	5	81	50	4.5	3.15
204	6	887	107	10	0.01
204	7	102	50	3.09	3.15
204	8	978	108	6.09	0.01
204	9	619	55	10	3.15
205	0	163	101	10	0.01
205	1	111	50	10	3.15
205	2	92	50	2.54	3.15
205	3	132	50	9.59	3.15
205	4	255	101	10	0.01
205	5	75	50	6.1	3.15
205	6	897	108	10	0.01
205	7	100	50	2.05	3.15
205	8	985	108	6.21	0.01
205	9	610	55	9.56	3.15
206	0	172	101	9.39	0.01
206	1	110	50	1.24	3.15
206	2	89	50	3.24	3.15
206	3	122	50	10	3.15
206	4	265	102	10	0.01
206	5	68	50	6.9	3.15
206	6	907	108	10	0.01
206	7	98	50	1.24	3.15
206	8	990	108	5.24	0.01
206	9	600	55	10	3.15
207	0	182	101	9.17	0.01
207	1	107	50	2.58	3.15
207	2	86	50	2.85	3.15
207	3	120	50	2.58	3.15
207	4	275	102	10	0.01
207	5	61	50	7.83	3.15
207	6	917	108	10	0.01
207	7	96	50	2.45	3.15
207	8	994	108	4	0.01
207	9	590	55	10	3.15
208	0	191	101	9.49	0.01
208	1	106	50	0.9	3.15
208	2	81	50	4.56	3.15
208	3	119	50	0.74	3.15
208	4	285	102	10	0.01
208	5	51	50	9.41	3.15
208	6	927	108	10	0.01
208	7	94	50	2.2	3.15
208	8	995	109	2.44	0.01
208	9	580	55	10	3.15
209	0	201	101	9.88	0.01
209	1	106	50	0	3.15
209	2	76	50	4.83	3.15
209	3	117	50	1.79	3.15
209	4	295	102	10	0.01
209	5	49	50	9.78	3.15
209	6	937	108	10	0.01
209	7	92	50	1.64	3.15
209	8	995	104	4.28	4.72
209	9	570	54	9.86	3.15
210	0	211	101	10	0.01
210	1	106	50	0.82	3.15
210	2	71	50	5.59	3.15
210	3	115	50	2.07	3.15
210	4	305	102	10	0.01
210	5	49	50	9.97	1.58
210	6	947	108	10	0.01
210	7	90	50	1.84	3.15
210	8	995	99	5.64	4.72
210	9	560	54	10	3.15
211	0	221	101	9.54	0.01
211	1	106	50	0.07	3.15
211	2	65	50	5.94	3.15
211	3	113	50	2.71	3.15
211	4	314	102	9.45	0.01
211	5	49	58	8.51	1.58
211	6	957	108	10	0.01
211	7	89	50	1.61	3.15
211	8	995	92	6.96	4.72
211	9	550	54	9.19	3.15
212	0	231	101	10	0.01
212	1	105	50	0.67	3.15
212	2	59	50	6.1	3.15
212	3	110	50	2.05	3.15
212	4	323	102	9.16	0.01
212	5	49	67	8.7	1.58
212	6	965	108	8.52	0.01
212	7	85	50	3.35	3.15
212	8	995	84	7.48	4.72
212	9	541	54	9.69	3.15
213	0	241	101	10	0.01
213	1	103	50	2.26	3.15
213	2	54	50	4.36	3.15
213	3	107	50	3.57	3.15
213	4	333	102	9.34	0.01
213	5	49	74	7.4	1.58
213	6	975	108	9.98	0.01
213	7	81	50	3.93	3.15
213	8	995	75	8.74	4.72
213	9	531	54	9.92	3.15
214	0	251	101	10	0.01
214	1	102	50	0.33	3.15
214	2	52	50	2.58	3.15
214	3	107	50	0.33	3.15
214	4	342	102	9.54	0.01
214	5	49	80	6.25	1.58
214	6	984	108	8.66	0.01
214	7	76	50	5.37	3.15
214	8	995	66	9.23	4.72
214	9	522	54	9.33	3.15
215	0	261	102	10	0.01
215	1	102	50	0.61	3.15
215	2	49	50	3.85	3.15
215	3	107	50	0	3.15
215	4	352	102	10	0.01
215	5	49	88	7.41	1.58
215	6	993	108	9.33	0.01
215	7	72	50	3.95	3.15
215	8	995	59	7.47	4.72
215	9	513	54	8.08	3.15
216	0	271	102	10	0.01
216	1	101	50	1.14	3.15
216	2	49	50	4.49	1.58
216	3	106	50	0.67	3.15
216	4	362	102	10	0.01
216	5	49	96	8.27	1.58
216	6	995	109	9.48	0.01
216	7	69	50	3.16	3.15
216	8	995	59	9.42	4.72
216	9	507	54	6.46	3.15
217	0	281	102	10	0.01
217	1	100	50	0.53	3.15
217	2	49	53	3.08	1.58
217	3	104	50	1.89	3.15
217	4	372	103	10	0.01
217	5	49	100	8.43	1.58
217	6	995	99	10	4.72
217	7	67	50	2.4	3.15
217	8	985	58	10	3.15
217	9	499	54	8.14	3.15
218	0	291	102	10	0.01
218	1	98	50	2.35	3.15
218	2	49	57	4.61	1.58
218	3	102	50	2.11	3.15
218	4	382	103	10	0.01
218	5	49	100	8.12	0.01
218	6	995	89	10	4.72
218	7	62	50	4.16	3.15
218	8	975	58	9.56	3.15
218	9	490	54	9.32	3.15
219	0	299	102	8.08	0.01
219	1	94	50	3.63	3.15
219	2	49	62	5.12	1.58
219	3	100	50	1.8	3.15
219	4	392	103	10	0.01
219	5	58	100	9.07	0.01
219	6	995	79	10	4.72
219	7	58	50	4.21	3.15
219	8	967	58	8.45	3.15
219	9	480	54	9.41	3.15
220	0	307	102	8	0.01
220	1	89	50	5.31	3.15
220	2	49	66	4.01	1.58
220	3	100	50	0	3.15
220	4	402	103	10	0.01
220	5	67	100	9.14	0.01
220	6	995	70	8.87	4.72
220	7	53	50	4.89	3.15
220	8	959	58	7.78	3.15
220	9	470	54	10	3.15
221	0	316	102	9.4	0.01
221	1	83	50	5.89	3.15
221	2	49	71	4.31	1.58
221	3	100	50	0	3.15
221	4	412	103	9.69	0.01
221	5	76	100	8.88	0.01
221	6	995	62	7.49	4.72
221	7	49	50	6.86	3.15
221	8	950	58	9.39	3.15
221	9	460	53	10	3.15
222	0	326	102	9.86	0.01
222	1	76	50	6.58	3.15
222	2	49	75	4.69	1.58
222	3	100	50	0.18	3.15
222	4	422	103	10	0.01
222	5	85	100	9.06	0.01
222	6	995	59	6.15	4.72
222	7	49	50	7.39	1.58
222	8	942	58	8.01	3.15
222	9	450	53	10	3.15
223	0	336	102	10	0.01
223	1	71	50	4.85	3.15
223	2	49	78	3.06	1.58
223	3	98	50	2.09	3.15
223	4	431	103	9.37	0.01
223	5	94	100	8.89	0.01
223	6	988	58	7.38	3.15
223	7	49	56	6.02	1.58
223	8	934	58	7.29	3.15
223	9	440	53	10	3.15
224	0	345	102	8.85	0.01
224	1	65	50	6.53	3.15
224	2	49	83	4.89	1.58
224	3	97	50	0.72	3.15
224	4	440	103	8.71	0.01
224	5	103	100	9.69	0.01
224	6	979	58	8.19	3.15
224	7	49	62	6.05	1.58
224	8	927	58	7.87	3.15
224	9	431	53	8.93	3.15
225	0	353	102	8.74	0.01
225	1	57	50	8.11	3.15
225	2	49	90	6.84	1.58
225	3	96	50	0.96	3.15
225	4	450	103	10	0.01
225	5	113	100	10	0.01
225	6	971	58	8.2	3.15
225	7	49	66	4.57	1.58
225	8	917	58	9.72	3.15
225	9	422	53	9.29	3.15
226	0	362	102	8.9	0.01
226	1	50	50	6.94	3.15
226	2	49	95	4.99	1.58
226	3	95	50	0.85	3.15
226	4	460	103	9.86	0.01
226	5	123	100	10	0.01
226	6	962	58	8.78	3.15
226	7	49	70	4.25	1.58
226	8	907	58	9.86	3.15
226	9	412	53	10	3.15
227	0	372	103	10	0.01
227	1	49	50	6.67	3.15
227	2	49	100	6.16	1.58
227	3	94	50	1.14	3.15
227	4	469	103	8.97	0.01
227	5	133	100	10	0.01
227	6	954	58	8.92	3.15
227	7	49	76	5.17	1.58
227	8	897	58	10	3.15
227	9	403	53	8.7	3.15
228	0	381	103	8.91	0.01
228	1	49	50	6.05	1.58
228	2	49	100	4.24	0.01
228	3	93	50	0.75	3.15
228	4	478	104	9.06	0.01
228	5	142	100	8.35	0.01
228	6	944	58	9.01	3.15
228	7	49	79	3.3	1.58
228	8	887	57	10	3.15
228	9	393	53	10	3.15
229	0	389	103	7.8	0.01
229	1	49	56	6.53	1.58
229	2	53	100	4.28	0.01
229	3	92	50	1.72	3.15
229	4	488	104	10	0.01
229	5	150	100	8.13	0.01
229	6	935	58	9.29	3.15
229	7	49	80	1.49	1.58
229	8	877	57	10	3.15
229	9	384	53	9.17	3.15
230	0	397	103	8.26	0.01
230	1	49	64	8.21	1.58
230	2	58	100	5.54	0.01
230	3	89	50	2.58	3.15
230	4	496	104	8.08	0.01
230	5	158	101	7.83	0.01
230	6	925	58	10	3.15
230	7	49	83	2.31	1.58
230	8	867	57	10	3.15
230	9	374	53	10	3.15
231	0	405	103	7.83	0.01
231	1	49	74	9.97	1.58
231	2	64	100	5.81	0.01
231	3	88	50	1.22	3.15
231	4	506	104	9.68	0.01
231	5	166	101	8.91	0.01
231	6	917	58	8.58	3.15
231	7	49	87	3.86	1.58
231	8	857	57	10	3.15
231	9	364	52	10	3.15
232	0	411	103	5.87	0.01
232	1	49	80	5.45	1.58
232	2	70	100	6.14	0.01
232	3	87	50	0.64	3.15
232	4	516	104	10	0.01
232	5	176	101	9.25	0.01
232	6	907	58	10	3.15
232	7	49	92	5.45	1.58
232	8	848	57	9	3.15
232	9	354	52	10	3.15
233	0	419	103	7.8	0.01
233	1	49	87	7.07	1.58
233	2	77	100	6.47	0.01
233	3	85	50	2.64	3.15
233	4	525	104	9.78	0.01
233	5	186	101	9.93	0.01
233	6	898	58	8.6	3.15
233	7	49	99	6.92	1.58
233	8	838	57	10	3.15
233	9	344	52	10	3.15
234	0	428	103	9.47	0.01
234	1	49	92	5.72	1.58
234	2	84	100	6.75	0.01
234	3	80	50	4.58	3.15
234	4	535	104	10	0.01
234	5	196	101	10	0.01
234	6	889	57	9.14	3.15
234	7	49	100	6.9	1.58
234	8	828	57	10	3.15
234	9	334	52	10	3.15
235	0	438	103	10	0.01
235	1	49	98	5.19	1.58
235	2	88	100	4.9	0.01
235	3	76	50	4.01	3.15
235	4	545	104	10	0.01
235	5	206	101	10	0.01
235	6	880	57	9.36	3.15
235	7	49	100	5.92	0.01
235	8	818	57	9.57	3.15
235	9	324	52	10	3.15
236	0	448	103	10	0.01
236	1	49	100	4.19	1.58
236	2	94	100	5.12	0.01
236	3	73	50	2.63	3.15
236	4	555	104	10	0.01
236	5	216	101	10	0.01
236	6	871	57	8.07	3.15
236	7	54	100	5.65	0.01
236	8	808	57	10	3.15
236	9	314	52	10	3.15
237	0	458	103	10	0.01
237	1	49	100	4.22	0.01
237	2	99	100	5.41	0.01
237	3	70	50	3.59	3.15
237	4	565	104	10	0.01
237	5	225	101	8.93	0.01
237	6	864	57	7.87	3.15
237	7	58	100	3.86	0.01
237	8	800	57	8.26	3.15
237	9	304	52	10	3.15
238	0	468	103	10	0.01
238	1	54	100	5.16	0.01
238	2	103	100	4.01	0.01
238	3	67	50	2.97	3.15
238	4	575	105	10	0.01
238	5	234	101	9.46	0.01
238	6	857	57	6.32	3.15
238	7	63	100	5.4	0.01
238	8	791	57	9.25	3.15
238	9	294	52	10	3.15
239	0	478	104	10	0.01
239	1	59	100	5.58	0.01
239	2	106	100	2.57	0.01
239	3	62	50	4.72	3.15
239	4	585	105	10	0.01
239	5	244	101	10	0.01
239	6	849	57	8.03	3.15
239	7	69	100	5.78	0.01
239	8	782	56	9.37	3.15
239	9	284	52	10	3.15
240	0	488	104	10	0.01
240	1	64	100	5.01	0.01
240	2	109	100	3.79	0.01
240	3	58	50	4.2	3.15
240	4	595	105	10	0.01
240	5	254	101	10	0.01
240	6	840	57	8.98	3.15
240	7	76	100	6.47	0.01
240	8	773	56	8.12	3.15
240	9	274	52	10	3.15
241	0	497	104	8.82	0.01
241	1	67	100	3.13	0.01
241	2	113	100	4.08	0.01
241	3	52	50	5.6	3.15
241	4	605	105	9.26	0.01
241	5	264	102	10	0.01
241	6	830	57	10	3.15
241	7	83	100	7.48	0.01
241	8	765	56	8.19	3.15
241	9	264	52	10	3.15
242	0	506	104	8.91	0.01
242	1	72	100	4.18	0.01
242	2	117	100	4.09	0.01
242	3	49	50	6.19	3.15
242	4	614	105	8.98	0.01
242	5	274	102	10	0.01
242	6	820	57	10	3.15
242	7	90	100	7.33	0.01
242	8	757	56	8.21	3.15
242	9	254	51	10	3.15
243	0	513	104	7.07	0.01
243	1	76	100	4.27	0.01
243	2	122	100	4.88	0.01
243	3	49	50	4.67	1.58
243	4	623	105	9.34	0.01
243	5	284	102	10	0.01
243	6	810	57	10	3.15
243	7	98	100	7.35	0.01
243	8	750	56	7.38	3.15
243	9	244	51	10	3.15
244	0	519	104	5.72	0.01
244	1	79	100	3.01	0.01
244	2	126	100	3.72	0.01
244	3	49	54	4.7	1.58
244	4	633	105	10	0.01
244	5	294	102	10	0.01
244	6	801	57	9.21	3.15
244	7	105	100	7.27	0.01
244	8	743	56	6.77	3.15
244	9	235	51	8.73	3.15
245	0	525	104	6.15	0.01
245	1	80	100	1.09	0.01
245	2	129	100	2.69	0.01
245	3	49	58	3.62	1.58
245	4	643	105	10	0.01
245	5	304	102	10	0.01
245	6	792	57	8.57	3.15
245	7	113	100	8.41	0.01
245	8	737	56	5.71	3.15
245	9	226	51	8.97	3.15
246	0	531	104	6.43	0.01
246	1	81	100	0.88	0.01
246	2	132	100	2.99	0.01
246	3	49	62	4.41	1.58
246	4	651	105	8.37	0.01
246	5	314	102	10	0.01
246	6	783	56	9.46	3.15
246	7	116	100	2.99	0.01
246	8	731	56	6.1	3.15
246	9	219	51	7.79	3.15
247	0	540	104	8.25	0.01
247	1	82	100	0.98	0.01
247	2	136	100	3.92	0.01
247	3	49	68	6.02	1.58
247	4	658	105	6.74	0.01
247	5	324	102	10	0.01
247	6	773	56	10	3.15
247	7	120	100	3.5	0.01
247	8	723	56	7.78	3.15
247	9	209	51	9.15	3.15
248	0	549	104	9.06	0.01
248	1	83	100	0.7	0.01
248	2	140	100	4.75	0.01
248	3	49	74	5.45	1.58
248	4	666	105	7.8	0.01
248	5	334	102	10	0.01
248	6	763	56	10	3.15
248	7	124	100	4.08	0.01
248	8	714	56	9.27	3.15
248	9	202	51	7.31	3.15
249	0	559	104	10	0.01
249	1	83	100	0	0.01
249	2	145	100	4.43	0.01
249	3	49	79	5	1.58
249	4	676	105	9.67	0.01
249	5	344	102	9.93	0.01
249	6	753	56	9.74	3.15
249	7	127	100	2.74	0.01
249	8	704	56	10	3.15
249	9	193	51	8.68	3.15
250	0	569	104	10	0.01
250	1	83	100	0.45	0.01
250	2	149	100	4.38	0.01
250	3	49	84	5.07	1.58
250	4	683	106	7.71	0.01
250	5	354	102	10	0.01
250	6	744	56	8.87	3.15
250	7	131	100	4.02	0.01
250	8	695	56	8.85	3.15
250	9	185	51	8.45	3.15
251	0	577	105	8.76	0.01
251	1	83	100	0	0.01
251	2	152	100	2.93	0.01
251	3	49	88	3.84	1.58
251	4	692	106	9	0.01
251	5	364	103	10	0.01
251	6	735	56	9.8	3.15
251	7	136	100	4.81	0.01
251	8	686	56	8.87	3.15
251	9	175	51	10	3.15
252	0	585	105	7.27	0.01
252	1	85	100	1.65	0.01
252	2	156	101	3.74	0.01
252	3	49	90	2.64	1.58
252	4	702	106	10	0.01
252	5	374	103	10	0.01
252	6	725	56	10	3.15
252	7	141	100	5.63	0.01
252	8	678	55	8.27	3.15
252	9	165	51	10	3.15
253	0	591	105	6.27	0.01
253	1	87	100	2.53	0.01
253	2	160	101	4.23	0.01
253	3	49	94	4.02	1.58
253	4	711	106	8.58	0.01
253	5	384	103	10	0.01
253	6	715	56	9.68	3.15
253	7	149	100	7.31	0.01
253	8	672	55	6.5	3.15
253	9	155	51	9.72	3.15
254	0	597	105	6.42	0.01
254	1	91	100	3.66	0.01
254	2	166	101	5.95	0.01
254	3	49	99	4.3	1.58
254	4	720	106	9.08	0.01
254	5	394	103	10	0.01
254	6	705	56	10	3.15
254	7	156	101	6.96	0.01
254	8	664	55	8.06	3.15
254	9	145	50	10	3.15
255	0	604	105	6.76	0.01
255	1	95	100	4.31	0.01
255	2	170	101	4.06	0.01
255	3	49	100	4.47	1.58
255	4	728	106	8	0.01
255	5	404	103	10	0.01
255	6	695	56	10	3.15
255	7	160	101	4.06	0.01
255	8	655	55	8.57	3.15
255	9	137	50	8.17	3.15
256	0	612	105	7.63	0.01
256	1	100	100	4.7	0.01
256	2	173	101	2.73	0.01
256	3	49	100	4.22	0.01
256	4	737	106	8.54	0.01
256	5	414	103	10	0.01
256	6	685	56	10	3.15
256	7	162	101	2.4	0.01
256	8	645	55	9.97	3.15
256	9	131	50	6.51	3.15
257	0	619	105	7.64	0.01
257	1	103	100	2.71	0.01
257	2	176	101	3.25	0.01
257	3	54	100	5.74	0.01
257	4	746	106	9.75	0.01
257	5	423	103	9.45	0.01
257	6	675	55	10	3.15
257	7	166	101	3.86	0.01
257	8	635	55	10	3.15
257	9	124	50	6.14	3.15
258	0	628	105	8.98	0.01
258	1	105	100	2.45	0.01
258	2	181	101	4.49	0.01
258	3	59	100	5.13	0.01
258	4	756	106	10	0.01
258	5	432	103	8.14	0.01
258	6	665	55	10	3.15
258	7	168	101	2.12	0.01
258	8	625	55	10	3.15
258	9	120	50	4.89	3.15
259	0	638	105	10	0.01
259	1	109	100	4.22	0.01
259	2	184	101	3.32	0.01
259	3	66	100	6.68	0.01
259	4	766	106	9.62	0.01
259	5	440	103	8.73	0.01
259	6	655	55	10	3.15
259	7	168	101	0.19	0.01
259	8	615	55	10	3.15
259	9	113	50	6.53	3.15
260	0	648	105	10	0.01
260	1	114	100	5.07	0.01
260	2	188	101	4.49	0.01
260	3	72	100	5.62	0.01
260	4	776	106	10	0.01
260	5	450	103	10	0.01
260	6	646	55	8.7	3.15
260	7	168	101	0	0.01
260	8	605	55	10	3.15
260	9	105	50	8.47	3.15
261	0	658	105	10	0.01
261	1	118	100	3.35	0.01
261	2	193	101	4.55	0.01
261	3	79	100	7.14	0.01
261	4	786	107	9.87	0.01
261	5	460	103	10	0.01
261	6	636	55	9.95	3.15
261	7	170	101	1.46	0.01
261	8	595	55	10	3.15
261	9	96	50	8.58	3.15
262	0	668	105	10	0.01
262	1	122	100	4.79	0.01
262	2	199	101	5.77	0.01
262	3	86	100	7.36	0.01
262	4	796	107	10	0.01
262	5	470	104	10	0.01
262	6	626	55	10	3.15
262	7	171	101	1.83	0.01
262	8	586	55	8.75	3.15
262	9	87	50	8.76	3.15
263	0	678	105	10	0.01
263	1	125	100	2.9	0.01
263	2	205	101	5.97	0.01
263	3	94	100	7.48	0.01
263	4	805	107	8.75	0.01
263	5	480	104	9.48	0.01
263	6	616	55	10	3.15
263	7	174	101	2.54	0.01
263	8	579	55	7.72	3.15
263	9	78	50	8.89	3.15
264	0	688	106	9.71	0.01
264	1	127	100	1.76	0.01
264	2	212	101	6.87	0.01
264	3	100	100	6.67	0.01
264	4	815	107	10	0.01
264	5	487	104	7.71	0.01
264	6	606	55	10	3.15
264	7	177	101	3.28	0.01
264	8	570	54	8.42	3.15
264	9	68	50	10	3.15
265	0	698	106	10	0.01
265	1	131	100	3.59	0.01
265	2	220	101	8.73	0.01
265	3	108	100	8.07	0.01
265	4	824	107	8.97	0.01
265	5	497	104	9.19	0.01
265	6	596	55	10	3.15
265	7	182	101	4.63	0.01
265	8	560	54	9.82	3.15
265	9	60	50	8.44	3.15
266	0	708	106	10	0.01
266	1	133	100	1.96	0.01
266	2	230	101	9.72	0.01
266	3	118	100	9.98	0.01
266	4	832	107	8.54	0.01
266	5	505	104	8.8	0.01
266	6	586	55	10	3.15
266	7	187	101	4.97	0.01
266	8	550	54	10	3.15
266	9	50	50	9.67	3.15
267	0	718	106	10	0.01
267	1	136	100	3.62	0.01
267	2	240	101	10	0.01
267	3	122	100	3.62	0.01
267	4	841	107	9.4	0.01
267	5	514	104	8.21	0.01
267	6	576	55	10	3.15
267	7	190	101	3.24	0.01
267	8	540	54	10	3.15
267	9	49	50	9.68	3.15
268	0	728	106	10	0.01
268	1	142	100	5.5	0.01
268	2	248	101	8.08	0.01
268	3	126	100	4.18	0.01
268	4	849	107	7.69	0.01
268	5	520	104	6.84	0.01
268	6	566	54	10	3.15
268	7	195	101	5.17	0.01
268	8	530	54	10	3.15
268	9	49	50	10	1.58
269	0	738	106	10	0.01
269	1	148	100	6.4	0.01
269	2	257	101	8.47	0.01
269	3	130	100	3.59	0.01
269	4	856	107	6.75	0.01
269	5	528	104	7.16	0.01
269	6	556	54	10	3.15
269	7	199	101	3.38	0.01
269	8	520	54	10	3.15
269	9	49	60	10	1.58
270	0	748	106	10	0.01
270	1	153	100	5.1	0.01
270	2	264	102	7.23	0.01
270	3	134	100	3.8	0.01
270	4	862	107	6.13	0.01
270	5	535	104	7.81	0.01
270	6	546	54	10	3.15
270	7	202	101	3.5	0.01
270	8	510	54	10	3.15
270	9	49	68	8.47	1.58
271	0	758	106	10	0.01
271	1	158	101	4.96	0.01
271	2	272	102	8.07	0.01
271	3	136	100	2.11	0.01
271	4	868	107	6.41	0.01
271	5	545	104	9.24	0.01
271	6	536	54	10	3.15
271	7	206	101	4.22	0.01
271	8	500	54	10	3.15
271	9	49	77	8.83	1.58
272	0	768	106	9.36	0.01
272	1	164	101	6	0.01
272	2	281	102	9.38	0.01
272	3	138	100	1.93	0.01
272	4	877	107	8.19	0.01
272	5	553	104	8.08	0.01
272	6	526	54	10	3.15
272	7	211	101	4.8	0.01
272	8	492	54	8.36	3.15
272	9	49	84	7.21	1.58
273	0	776	106	8.43	0.01
273	1	169	101	4.47	0.01
273	2	291	102	10	0.01
273	3	141	100	3.82	0.01
273	4	885	107	7.91	0.01
273	5	561	104	8.11	0.01
273	6	518	54	8.15	3.15
273	7	215	101	3.5	0.01
273	8	484	54	7.7	3.15
273	9	49	92	8.32	1.58
