models=Manhattan	maxpausetime=10	minspeed=5	fixedacceleration=false	maps=Manhattan	height=500	hlines=160,	width=500	dir12lanespace=50	vlines=137,	maxacceleration=2	maxspeed=10	safedistanceratio=2.0	positiveaccratio=2.0	filenamegenerator=simple	seed=outputtrace	numberiterate=true	defaultfilter=edu.sharif.ce.dml.common.data.trace.filter.DirectoryFilter	isinput=false	fileaddress=output	multiple=false	tracewriter=text	nodenumber=10	maxsimulationtime=1000
Time	Node	PositionX	PositionY	Speed	Direction Angle
1	0	357	210	0.74	3.14
1	1	137	431	1.93	-1.57
1	2	187	33	1.35	1.57
1	3	456	210	1.53	3.14
1	4	99	210	1.56	3.14
1	5	88	160	1.52	0
1	6	137	122	0.88	-1.57
1	7	187	392	1.93	1.57
1	8	348	160	0.22	0
1	9	82	160	1.73	0
2	0	355	210	2.44	3.14
2	1	137	427	3.6	-1.57
2	2	187	33	0.54	1.57
2	3	455	210	0.92	3.14
2	4	96	210	2.12	3.14
2	5	89	160	1.1	0
2	6	137	120	1.79	-1.57
2	7	187	395	3.64	1.57
2	8	348	160	0	0
2	9	83	160	1.23	0
3	0	351	210	3.92	3.14
3	1	137	425	2.08	-1.57
3	2	187	33	0	1.57
3	3	454	210	1.11	3.14
3	4	93	210	3.64	3.14
3	5	91	160	1.47	0
3	6	137	118	2.16	-1.57
3	7	187	401	5.49	1.57
3	8	348	160	0	0
3	9	85	160	1.92	0
4	0	345	210	5.67	3.14
4	1	137	424	1.52	-1.57
4	2	187	33	0	1.57
4	3	453	210	0.88	3.14
4	4	91	210	1.91	3.14
4	5	94	160	3.2	0
4	6	137	114	4.15	-1.57
4	7	187	405	4.48	1.57
4	8	350	160	1.87	0
4	9	87	160	1.99	0
5	0	338	210	7.53	3.14
5	1	137	421	2.46	-1.57
5	2	187	35	1.46	1.57
5	3	450	210	2.55	3.14
5	4	87	210	3.78	3.14
5	5	99	160	4.7	0
5	6	137	109	5.53	-1.57
5	7	187	410	4.94	1.57
5	8	352	160	2.71	0
5	9	87	160	0.22	0
6	0	330	210	7.61	3.14
6	1	137	417	4.17	-1.57
6	2	187	37	2.22	1.57
6	3	447	210	3.46	3.14
6	4	83	210	4.11	3.14
6	5	104	160	5.71	0
6	6	137	104	4.68	-1.57
6	7	187	416	5.51	1.57
6	8	357	160	4.5	0
6	9	87	160	0.4	0
7	0	322	210	8.27	3.14
7	1	137	412	4.44	-1.57
7	2	187	38	0.95	1.57
7	3	441	210	5.35	3.14
7	4	79	210	3.82	3.14
7	5	110	160	5.88	0
7	6	137	99	5.11	-1.57
7	7	187	422	6.55	1.57
7	8	363	160	6.48	0
7	9	89	160	1.8	0
8	0	312	210	10	3.14
8	1	137	410	2.55	-1.57
8	2	187	39	0.97	1.57
8	3	437	210	4.13	3.14
8	4	74	210	4.96	3.14
8	5	116	160	5.93	0
8	6	137	93	5.38	-1.57
8	7	187	429	6.89	1.57
8	8	370	160	6.71	0
8	9	90	160	0.61	0
9	0	303	210	8.68	3.14
9	1	137	407	3.05	-1.57
9	2	187	39	0.51	1.57
9	3	433	210	4.7	3.14
9	4	68	210	6.55	3.14
9	5	123	160	6.68	0
9	6	137	86	6.91	-1.57
9	7	187	437	7.31	1.57
9	8	376	160	5.56	0
9	9	92	160	2.19	0
10	0	294	210	8.82	3.14
10	1	137	404	3.1	-1.57
10	2	187	39	0	1.57
10	3	428	210	4.92	3.14
10	4	62	210	5.4	3.14
10	5	131	160	7.56	0
10	6	137	81	5.23	-1.57
10	7	187	445	8.45	1.57
10	8	383	160	6.96	0
10	9	94	160	1.98	0
11	0	285	210	9.87	3.14
11	1	137	400	3.66	-1.57
11	2	187	40	0.97	1.57
11	3	424	210	3.97	3.14
11	4	56	210	6.61	3.14
11	5	137	160	6.1	0
11	6	137	75	6.05	-1.57
11	7	187	455	10	1.57
11	8	389	160	6.13	0
11	9	95	160	0.91	0
12	0	275	210	10	3.14
12	1	137	395	5.37	-1.57
12	2	187	43	2.36	1.57
12	3	419	210	4.53	3.14
12	4	50	210	5.85	3.14
12	5	137	160	0	0
12	6	137	67	7.66	-1.57
12	7	187	465	10	1.57
12	8	396	160	7.56	0
12	9	95	160	0.13	0
13	0	265	210	10	3.14
13	1	137	389	6.07	-1.57
13	2	187	46	3.79	1.57
13	3	414	210	4.76	3.14
13	4	45	210	4.89	3.14
13	5	137	160	0	0
13	6	137	59	8.5	-1.57
13	7	187	475	10	1.57
13	8	404	160	7.17	0
13	9	95	160	0.49	0
14	0	255	210	10	3.14
14	1	137	382	6.31	-1.57
14	2	187	51	4.83	1.57
14	3	410	210	4.83	3.14
14	4	39	210	6.35	3.14
14	5	137	160	0	0
14	6	137	51	7.94	-1.57
14	7	187	484	9.39	1.57
14	8	413	160	9.14	0
14	9	95	160	0	0
15	0	245	210	10	3.14
15	1	137	375	6.91	-1.57
15	2	187	56	5.26	1.57
15	3	404	210	6.06	3.14
15	4	33	210	5.66	3.14
15	5	137	160	0	0
15	6	137	45	6.44	-1.57
15	7	187	494	10	1.57
15	8	423	160	10	0
15	9	96	160	0.34	0
16	0	236	210	8.14	3.14
16	1	137	369	6.59	-1.57
16	2	187	62	5.73	1.57
16	3	396	210	7.9	3.14
16	4	27	210	5.76	3.14
16	5	137	160	0	0
16	6	137	36	8.21	-1.57
16	7	187	500	8.11	1.57
16	8	431	160	8.75	0
16	9	97	160	0.93	0
17	0	227	210	9.04	3.14
17	1	137	360	8.53	-1.57
17	2	187	68	5.43	1.57
17	3	389	210	6.58	3.14
17	4	22	210	5.59	3.14
17	5	137	160	0	0
17	6	137	27	9.22	-1.57
17	7	137	500	0	-1.57
17	8	438	160	6.95	0
17	9	98	160	1.74	0
18	0	218	210	9.67	3.14
18	1	137	350	10	-1.57
18	2	187	73	5.53	1.57
18	3	382	210	6.71	3.14
18	4	14	210	7.09	3.14
18	5	137	160	0.28	0
18	6	137	17	10	-1.57
18	7	137	499	0.67	-1.57
18	8	444	160	5.15	0
18	9	99	160	0.64	0
19	0	209	210	9.01	3.14
19	1	137	340	10	-1.57
19	2	187	81	7.53	1.57
19	3	376	210	6.1	3.14
19	4	6	210	8.17	3.14
19	5	137	160	0.36	0
19	6	137	7	10	-1.57
19	7	137	499	0	-1.57
19	8	448	160	4.39	0
19	9	101	160	1.48	0
20	0	200	210	8.67	3.14
20	1	137	330	10	-1.57
20	2	187	87	6.8	1.57
20	3	370	210	6.17	3.14
20	4	0	210	9.3	3.14
20	5	139	160	1.81	0
20	6	137	0	10	-1.57
20	7	137	499	0	-1.57
20	8	454	160	5.78	0
20	9	102	160	1.07	0
21	0	190	210	10	3.14
21	1	137	320	10	-1.57
21	2	187	95	7.29	1.57
21	3	363	210	7.29	3.14
21	4	0	160	0	0
21	5	142	160	2.85	0
21	6	137	0	0	-1.57
21	7	137	497	1.36	-1.57
21	8	460	160	6.13	0
21	9	103	160	1.75	0
22	0	187	210	9.59	3.14
22	1	137	310	10	-1.57
22	2	187	104	8.77	1.57
22	3	354	210	8.93	3.14
22	4	0	160	0	0
22	5	147	160	4.74	0
22	6	137	0	0	-1.57
22	7	137	497	0.11	-1.57
22	8	467	160	6.84	0
22	9	106	160	3.09	0
23	0	187	210	0	3.14
23	1	137	301	9.39	-1.57
23	2	187	114	10	1.57
23	3	344	210	9.49	3.14
23	4	0	160	0.44	0
23	5	152	160	5.83	0
23	6	137	0	0	-1.57
23	7	137	496	0.9	-1.57
23	8	474	160	7.73	0
23	9	110	160	3.64	0
24	0	187	210	0	3.14
24	1	137	293	8.07	-1.57
24	2	187	124	10	1.57
24	3	334	210	10	3.14
24	4	1	160	0.89	0
24	5	159	160	7.07	0
24	6	137	0	0	-1.57
24	7	137	495	1.43	-1.57
24	8	481	160	7.02	0
24	9	115	160	5.27	0
25	0	187	210	0	3.14
25	1	137	284	8.97	-1.57
25	2	187	134	10	1.57
25	3	325	210	9.06	3.14
25	4	1	160	0.38	0
25	5	165	160	5.55	0
25	6	137	0	0	-1.57
25	7	137	494	0.82	-1.57
25	8	487	160	5.98	0
25	9	122	160	6.37	0
26	0	187	210	0	3.14
26	1	137	275	8.42	-1.57
26	2	187	143	9.35	1.57
26	3	316	210	9.48	3.14
26	4	1	160	0	0
26	5	171	160	6.32	0
26	6	137	0	0	-1.57
26	7	137	492	2.63	-1.57
26	8	494	160	6.92	0
26	9	130	160	7.87	0
27	0	187	210	0	3.14
27	1	137	268	7.08	-1.57
27	2	187	153	10	1.57
27	3	306	210	10	3.14
27	4	2	160	0.95	0
27	5	179	160	7.37	0
27	6	137	0	0	-1.57
27	7	137	489	2.25	-1.57
27	8	500	160	6.02	0
27	9	137	160	9.06	0
28	0	185	210	1.83	3.14
28	1	137	262	6.24	-1.57
28	2	187	160	10	1.57
28	3	296	210	10	3.14
28	4	3	160	0.38	0
28	5	188	160	8.95	0
28	6	187	0	0	1.57
28	7	137	487	2.73	-1.57
28	8	500	160	0	0
28	9	137	160	0	0
29	0	185	210	0	3.14
29	1	137	254	7.92	-1.57
29	2	187	160	0	1.57
29	3	286	210	10	3.14
29	4	4	160	1.43	0
29	5	198	160	10	0
29	6	187	0	0	1.57
29	7	137	482	4.44	-1.57
29	8	500	160	0	0
29	9	137	160	0	0
30	0	185	210	0	3.14
30	1	137	246	8.63	-1.57
30	2	187	160	0	1.57
30	3	276	210	10	3.14
30	4	7	160	2.79	0
30	5	206	160	8.26	0
30	6	187	1	1.68	1.57
30	7	137	477	5.28	-1.57
30	8	500	210	0	3.14
30	9	137	160	0	0
31	0	183	210	1.96	3.14
31	1	137	236	9.31	-1.57
31	2	187	160	0	0
31	3	267	210	9.23	3.14
31	4	11	160	3.73	0
31	5	214	160	8.48	0
31	6	187	4	2.59	1.57
31	7	137	473	4.39	-1.57
31	8	500	210	0	3.14
31	9	137	160	0	0
32	0	183	210	0	3.14
32	1	137	226	10	-1.57
32	2	187	160	0.14	0
32	3	257	210	9.24	3.14
32	4	12	160	1.84	0
32	5	223	160	8.33	0
32	6	187	7	3.06	1.57
32	7	137	466	6.24	-1.57
32	8	498	210	1.36	3.14
32	9	137	160	0	0
33	0	181	210	1.34	3.14
33	1	137	216	10	-1.57
33	2	188	160	1.36	0
33	3	248	210	9.6	3.14
33	4	14	160	2.06	0
33	5	230	160	6.84	0
33	6	187	10	3.57	1.57
33	7	137	460	6.54	-1.57
33	8	498	210	0.5	3.14
33	9	137	160	0	0
34	0	179	210	2.52	3.14
34	1	137	210	8.65	-1.57
34	2	190	160	1.67	0
34	3	238	210	9.74	3.14
34	4	16	160	1.91	0
34	5	237	160	7.59	0
34	6	187	14	3.33	1.57
34	7	137	454	5.3	-1.57
34	8	496	210	2.06	3.14
34	9	137	160	0	0
35	0	175	210	4.03	3.14
35	1	137	210	0	-1.57
35	2	191	160	0.92	0
35	3	230	210	8.18	3.14
35	4	18	160	1.99	0
35	5	247	160	9.46	0
35	6	187	17	3.43	1.57
35	7	137	448	6.77	-1.57
35	8	494	210	1.73	3.14
35	9	137	160	0	0
36	0	172	210	3.01	3.14
36	1	137	210	0	-1.57
36	2	191	160	0.29	0
36	3	220	210	9.98	3.14
36	4	22	160	3.33	0
36	5	254	160	7.78	0
36	6	187	21	3.67	1.57
36	7	137	439	8.39	-1.57
36	8	491	210	3.12	3.14
36	9	137	160	0	0
37	0	167	210	4.55	3.14
37	1	137	210	0	-1.57
37	2	193	160	1.95	0
37	3	210	210	10	3.14
37	4	27	160	4.97	0
37	5	264	160	9.25	0
37	6	187	26	4.72	1.57
37	7	137	430	9.11	-1.57
37	8	486	210	4.71	3.14
37	9	137	160	0.56	0
38	0	165	210	2.57	3.14
38	1	137	210	0	-1.57
38	2	196	160	3.6	0
38	3	200	210	10	3.14
38	4	30	160	3.15	0
38	5	271	160	7.26	0
38	6	187	29	3.2	1.57
38	7	137	423	7.31	-1.57
38	8	480	210	6.27	3.14
38	9	137	160	0	0
39	0	163	210	1.41	3.14
39	1	137	160	0	0
39	2	201	160	4.91	0
39	3	190	210	9.88	3.14
39	4	33	160	3.59	0
39	5	279	160	8.45	0
39	6	187	32	3.12	1.57
39	7	137	414	8.93	-1.57
39	8	472	210	7.54	3.14
39	9	138	160	1.39	0
40	0	161	210	2.12	3.14
40	1	138	160	1.72	0
40	2	206	160	4.93	0
40	3	187	210	10	3.14
40	4	39	160	5.49	0
40	5	287	160	7.58	0
40	6	187	37	4.93	1.57
40	7	137	404	10	-1.57
40	8	466	210	6.4	3.14
40	9	141	160	2.4	0
41	0	160	210	1.03	3.14
41	1	142	160	3.61	0
41	2	212	160	5.51	0
41	3	187	210	0	3.14
41	4	45	160	6.48	0
41	5	296	160	8.78	0
41	6	187	42	5.61	1.57
41	7	137	394	10	-1.57
41	8	459	210	6.94	3.14
41	9	145	160	4.39	0
42	0	157	210	2.92	3.14
42	1	146	160	4.17	0
42	2	217	160	5.37	0
42	3	187	210	0	3.14
42	4	51	160	5.83	0
42	5	306	160	10	0
42	6	187	48	5.19	1.57
42	7	137	384	10	-1.57
42	8	453	210	5.85	3.14
42	9	151	160	5.86	0
43	0	154	210	2.97	3.14
43	1	150	160	3.93	0
43	2	224	160	7.28	0
43	3	187	210	0	3.14
43	4	57	160	6.31	0
43	5	314	160	8.19	0
43	6	187	54	6.19	1.57
43	7	137	374	10	-1.57
43	8	447	210	5.88	3.14
43	9	158	160	7.27	0
44	0	151	210	3.4	3.14
44	1	156	160	5.71	0
44	2	232	160	7.83	0
44	3	187	210	0	3.14
44	4	65	160	7.28	0
44	5	323	160	8.62	0
44	6	187	62	8.05	1.57
44	7	137	364	9.7	-1.57
44	8	441	210	6.03	3.14
44	9	165	160	6.86	0
45	0	147	210	3.69	3.14
45	1	160	160	3.9	0
45	2	238	160	6.06	0
45	3	187	210	0	3.14
45	4	74	160	8.9	0
45	5	330	160	7.23	0
45	6	187	72	10	1.57
45	7	137	356	7.93	-1.57
45	8	437	210	4.59	3.14
45	9	174	160	8.51	0
46	0	142	210	4.68	3.14
46	1	165	160	5.14	0
46	2	244	160	5.48	0
46	3	187	210	0	1.57
46	4	83	160	8.95	0
46	5	337	160	6.81	0
46	6	187	82	10	1.57
46	7	137	347	9.23	-1.57
46	8	432	210	4.89	3.14
46	9	184	160	10	0
47	0	140	210	2.78	3.14
47	1	172	160	7.13	0
47	2	251	160	6.81	0
47	3	187	211	1.6	1.57
47	4	92	160	9.9	0
47	5	345	160	8.08	0
47	6	187	92	10	1.57
47	7	137	337	9.59	-1.57
47	8	425	210	6.73	3.14
47	9	194	160	10	0
48	0	138	210	2.05	3.14
48	1	180	160	7.7	0
48	2	256	160	5.14	0
48	3	187	214	2.6	1.57
48	4	102	160	10	0
48	5	353	160	8.11	0
48	6	187	102	10	1.57
48	7	137	327	10	-1.57
48	8	418	210	7.14	3.14
48	9	204	160	10	0
49	0	135	210	2.72	3.14
49	1	188	160	8.02	0
49	2	263	160	6.77	0
49	3	187	215	1.78	1.57
49	4	112	160	10	0
49	5	363	160	9.78	0
49	6	187	112	9.68	1.57
49	7	137	318	9.9	-1.57
49	8	410	210	8.26	3.14
49	9	214	160	10	0
50	0	132	210	2.74	3.14
50	1	194	160	6.92	0
50	2	271	160	8.65	0
50	3	187	216	0.99	1.57
50	4	122	160	10	0
50	5	373	160	10	0
50	6	187	122	10	1.57
50	7	137	308	9.43	-1.57
50	8	400	210	9.85	3.14
50	9	224	160	10	0
51	0	129	210	3.38	3.14
51	1	203	160	8.76	0
51	2	281	160	9.83	0
51	3	187	219	2.45	1.57
51	4	131	160	8.18	0
51	5	383	160	10	0
51	6	187	132	10	1.57
51	7	137	298	9.85	-1.57
51	8	390	210	10	3.14
51	9	232	160	8.54	0
52	0	125	210	3.92	3.14
52	1	212	160	9.19	0
52	2	291	160	10	0
52	3	187	223	4.27	1.57
52	4	137	160	9.92	0
52	5	393	160	10	0
52	6	187	142	10	1.57
52	7	137	289	9.65	-1.57
52	8	380	210	10	3.14
52	9	240	160	7.82	0
53	0	123	210	2.29	3.14
53	1	221	160	9.1	0
53	2	301	160	10	0
53	3	187	227	3.97	1.57
53	4	137	160	0	0
53	5	403	160	10	0
53	6	187	152	10	1.57
53	7	137	281	7.91	-1.57
53	8	370	210	10	3.14
53	9	249	160	8.61	0
54	0	119	210	3.64	3.14
54	1	231	160	10	0
54	2	309	160	8.29	0
54	3	187	229	2.32	1.57
54	4	137	160	0	0
54	5	412	160	9.28	0
54	6	187	160	10	1.57
54	7	137	272	8.98	-1.57
54	8	360	210	10	3.14
54	9	259	160	9.97	0
55	0	116	210	3.25	3.14
55	1	240	160	8.43	0
55	2	318	160	8.78	0
55	3	187	232	2.67	1.57
55	4	137	160	0	0
55	5	422	160	10	0
55	6	187	160	0	1.57
55	7	137	264	7.39	-1.57
55	8	350	210	10	3.14
55	9	268	160	9	0
56	0	111	210	4.87	3.14
56	1	250	160	10	0
56	2	325	160	6.88	0
56	3	187	236	3.84	1.57
56	4	137	160	0	0
56	5	432	160	10	0
56	6	187	160	0	1.57
56	7	137	257	7.66	-1.57
56	8	340	210	10	3.14
56	9	275	160	7.04	0
57	0	105	210	6.19	3.14
57	1	260	160	10	0
57	2	332	160	7.21	0
57	3	187	238	1.88	1.57
57	4	137	160	0	0
57	5	442	160	10	0
57	6	187	160	0	1.57
57	7	137	250	6.89	-1.57
57	8	330	210	10	3.14
57	9	280	160	5.23	0
58	0	100	210	4.73	3.14
58	1	270	160	9.95	0
58	2	340	160	7.68	0
58	3	187	239	1.31	1.57
58	4	137	160	0	0
58	5	452	160	10	0
58	6	187	160	0	1.57
58	7	137	244	5.65	-1.57
58	8	320	210	10	3.14
58	9	286	160	5.96	0
59	0	95	210	4.93	3.14
59	1	280	160	10	0
59	2	348	160	8.34	0
59	3	187	240	0.38	1.57
59	4	137	160	0	-1.57
59	5	462	160	10	0
59	6	187	160	0	1.57
59	7	137	239	4.79	-1.57
59	8	310	210	10	3.14
59	9	292	160	6.26	0
60	0	90	210	4.73	3.14
60	1	289	160	8.8	0
60	2	357	160	8.82	0
60	3	187	240	0.24	1.57
60	4	137	159	0.83	-1.57
60	5	472	160	10	0
60	6	187	160	0	1.57
60	7	137	236	3.5	-1.57
60	8	301	210	8.16	3.14
60	9	299	160	6.77	0
61	0	87	210	3.43	3.14
61	1	295	160	5.84	0
61	2	365	160	8.12	0
61	3	187	241	1.26	1.57
61	4	137	157	1.47	-1.57
61	5	482	160	10	0
61	6	187	160	0.87	1.57
61	7	137	233	2.67	-1.57
61	8	293	210	8.5	3.14
61	9	305	160	5.84	0
62	0	82	210	4.58	3.14
62	1	300	160	5.28	0
62	2	375	160	9.67	0
62	3	187	243	1.48	1.57
62	4	137	156	1.55	-1.57
62	5	492	160	10	0
62	6	187	162	1.89	1.57
62	7	137	231	2.55	-1.57
62	8	283	210	9.81	3.14
62	9	311	160	6.21	0
63	0	76	210	6.13	3.14
63	1	304	160	3.97	0
63	2	385	160	10	0
63	3	187	244	1.67	1.57
63	4	137	153	2.27	-1.57
63	5	500	160	10	0
63	6	187	163	1.12	1.57
63	7	137	227	3.54	-1.57
63	8	273	210	10	3.14
63	9	316	160	5.22	0
64	0	69	210	7.47	3.14
64	1	308	160	3.96	0
64	2	395	160	10	0
64	3	187	245	1.03	1.57
64	4	137	151	2.7	-1.57
64	5	500	160	0	0
64	6	187	166	2.17	1.57
64	7	137	223	3.68	-1.57
64	8	263	210	10	3.14
64	9	321	160	5.2	0
65	0	61	210	8.06	3.14
65	1	313	160	5.31	0
65	2	404	160	9.61	0
65	3	187	247	2.25	1.57
65	4	137	146	4.68	-1.57
65	5	500	160	0	0
65	6	187	168	2.51	1.57
65	7	137	218	5.32	-1.57
65	8	253	210	10	3.14
65	9	328	160	6.55	0
66	0	52	210	8.89	3.14
66	1	320	160	6.55	0
66	2	414	160	9.83	0
66	3	187	252	4.04	1.57
66	4	137	142	3.75	-1.57
66	5	500	160	0	0
66	6	187	170	2.13	1.57
66	7	137	213	4.77	-1.57
66	8	244	210	9.06	3.14
66	9	335	160	6.83	0
67	0	42	210	10	3.14
67	1	325	160	5.41	0
67	2	424	160	10	0
67	3	187	254	2.58	1.57
67	4	137	137	5.68	-1.57
67	5	500	160	0	0
67	6	187	173	3.1	1.57
67	7	137	210	5.15	-1.57
67	8	234	210	10	3.14
67	9	341	160	6.19	0
68	0	34	210	8.05	3.14
68	1	330	160	5.27	0
68	2	434	160	10	0
68	3	187	257	2.72	1.57
68	4	137	131	6	-1.57
68	5	500	160	0	0
68	6	187	178	4.41	1.57
68	7	137	210	0	-1.57
68	8	225	210	8.81	3.14
68	9	348	160	7.19	0
69	0	24	210	9.8	3.14
69	1	336	160	5.43	0
69	2	444	160	9.3	0
69	3	187	261	4.29	1.57
69	4	137	123	7.94	-1.57
69	5	500	210	0	3.14
69	6	187	184	6.3	1.57
69	7	137	210	0	-1.57
69	8	215	210	10	3.14
69	9	355	160	7.23	0
70	0	14	210	10	3.14
70	1	343	160	7.08	0
70	2	453	160	9.09	0
70	3	187	264	3.05	1.57
70	4	137	114	8.61	-1.57
70	5	498	210	1.98	3.14
70	6	187	189	4.57	1.57
70	7	137	210	0	-1.57
70	8	205	210	10	3.14
70	9	361	160	5.88	0
71	0	4	210	10	3.14
71	1	349	160	5.86	0
71	2	462	160	9.68	0
71	3	187	268	3.72	1.57
71	4	137	107	6.99	-1.57
71	5	495	210	2.8	3.14
71	6	187	192	2.98	1.57
71	7	137	210	0	-1.57
71	8	197	210	8.34	3.14
71	9	367	160	5.58	0
72	0	0	210	10	3.14
72	1	356	160	7.81	0
72	2	470	160	8.14	0
72	3	187	272	3.76	1.57
72	4	137	101	5.95	-1.57
72	5	492	210	3.17	3.14
72	6	187	193	1.61	1.57
72	7	137	210	0	-1.57
72	8	188	210	8.86	3.14
72	9	372	160	5.27	0
73	0	0	210	0	3.14
73	1	363	160	6.13	0
73	2	478	160	7.67	0
73	3	187	276	4.14	1.57
73	4	137	95	5.83	-1.57
73	5	487	210	4.31	3.14
73	6	187	195	2.1	1.57
73	7	137	210	0	-1.57
73	8	187	210	10	3.14
73	9	375	160	3.37	0
74	0	0	210	0	3.14
74	1	370	160	7.65	0
74	2	488	160	9.5	0
74	3	187	281	4.8	1.57
74	4	137	91	3.89	-1.57
74	5	482	210	5.29	3.14
74	6	187	199	3.32	1.57
74	7	137	210	0	-1.57
74	8	187	210	0	3.14
74	9	378	160	2.7	0
75	0	0	210	0	3.14
75	1	373	160	2.39	0
75	2	498	160	10	0
75	3	187	285	4.43	1.57
75	4	137	87	4.76	-1.57
75	5	476	210	6.34	3.14
75	6	187	203	4.71	1.57
75	7	137	210	0	3.14
75	8	187	210	0	3.14
75	9	381	160	2.39	0
76	0	0	210	0	3.14
76	1	374	160	1.37	0
76	2	500	160	8.26	0
76	3	187	289	3.91	1.57
76	4	137	82	4.8	-1.57
76	5	467	210	8.22	3.14
76	6	187	210	6.41	1.57
76	7	135	210	1.29	3.14
76	8	187	210	0	1.57
76	9	383	160	2.76	0
77	0	0	210	0	3.14
77	1	376	160	1.58	0
77	2	500	160	0	0
77	3	187	294	4.73	1.57
77	4	137	76	5.79	-1.57
77	5	458	210	8.95	3.14
77	6	187	215	5.78	1.57
77	7	135	210	0.06	3.14
77	8	187	210	0	1.57
77	9	386	160	2.99	0
78	0	0	210	0	3.14
78	1	379	160	2.97	0
78	2	500	160	0	0
78	3	187	300	6.01	1.57
78	4	137	71	4.7	-1.57
78	5	448	210	10	3.14
78	6	187	223	7.27	1.57
78	7	134	210	0.95	3.14
78	8	187	211	1.89	1.57
78	9	390	160	3.4	0
79	0	0	210	0	3.14
79	1	381	160	2.87	0
79	2	500	160	0	0
79	3	187	305	5.63	1.57
79	4	137	66	5.43	-1.57
79	5	439	210	9.26	3.14
79	6	187	231	7.92	1.57
79	7	133	210	1.65	3.14
79	8	187	211	0.01	1.57
79	9	393	160	3.68	0
80	0	0	160	0	0
80	1	383	160	1.43	0
80	2	500	160	0	0
80	3	187	312	6.83	1.57
80	4	137	60	6.01	-1.57
80	5	429	210	10	3.14
80	6	187	237	6.07	1.57
80	7	130	210	2.27	3.14
80	8	187	211	0	1.57
80	9	398	160	4.83	0
81	0	1	160	1.91	0
81	1	385	160	1.76	0
81	2	500	210	0	3.14
81	3	187	318	6.25	1.57
81	4	137	53	6.58	-1.57
81	5	419	210	10	3.14
81	6	187	242	5.17	1.57
81	7	128	210	2.65	3.14
81	8	187	211	0	1.57
81	9	403	160	4.93	0
82	0	5	160	3.32	0
82	1	387	160	2.66	0
82	2	498	210	1.13	3.14
82	3	187	326	7.34	1.57
82	4	137	47	6.14	-1.57
82	5	409	210	10	3.14
82	6	187	248	5.94	1.57
82	7	125	210	2.81	3.14
82	8	187	212	0.74	1.57
82	9	407	160	3.54	0
83	0	9	160	4.34	0
83	1	389	160	2.16	0
83	2	498	210	0.06	3.14
83	3	187	333	7.17	1.57
83	4	137	39	7.7	-1.57
83	5	399	210	10	3.14
83	6	187	253	5	1.57
83	7	122	210	2.97	3.14
83	8	187	214	1.93	1.57
83	9	412	160	5.37	0
84	0	14	160	4.52	0
84	1	392	160	2.43	0
84	2	497	210	1.04	3.14
84	3	187	338	5.24	1.57
84	4	137	33	6.85	-1.57
84	5	391	210	8.12	3.14
84	6	187	260	6.69	1.57
84	7	119	210	3.25	3.14
84	8	187	216	1.56	1.57
84	9	419	160	7.32	0
85	0	18	160	4.91	0
85	1	396	160	4.27	0
85	2	495	210	2.12	3.14
85	3	187	345	7.08	1.57
85	4	137	28	4.96	-1.57
85	5	383	210	8.32	3.14
85	6	187	268	8.67	1.57
85	7	114	210	4.92	3.14
85	8	187	218	2.45	1.57
85	9	427	160	7.74	0
86	0	24	160	5.86	0
86	1	400	160	3.51	0
86	2	492	210	3.59	3.14
86	3	187	353	7.82	1.57
86	4	137	22	5.17	-1.57
86	5	374	210	9.17	3.14
86	6	187	278	9.41	1.57
86	7	109	210	5.08	3.14
86	8	187	220	2.32	1.57
86	9	433	160	6.21	0
87	0	31	160	6.28	0
87	1	401	160	1.75	0
87	2	486	210	5.08	3.14
87	3	187	359	5.92	1.57
87	4	137	17	5.28	-1.57
87	5	364	210	10	3.14
87	6	187	288	10	1.57
87	7	103	210	5.73	3.14
87	8	187	224	3.25	1.57
87	9	440	160	6.77	0
88	0	37	160	6.36	0
88	1	402	160	0.26	0
88	2	481	210	5.49	3.14
88	3	187	365	6.37	1.57
88	4	137	10	6.8	-1.57
88	5	355	210	8.46	3.14
88	6	187	298	10	1.57
88	7	96	210	6.61	3.14
88	8	187	225	1.46	1.57
88	9	447	160	6.88	0
89	0	44	160	7.34	0
89	1	402	160	0.48	0
89	2	474	210	6.82	3.14
89	3	187	371	5.62	1.57
89	4	137	2	8.43	-1.57
89	5	348	210	7.54	3.14
89	6	187	308	10	1.57
89	7	89	210	7.65	3.14
89	8	187	226	1.24	1.57
89	9	456	160	8.74	0
90	0	53	160	9.11	0
90	1	402	160	0	0
90	2	466	210	8.61	3.14
90	3	187	378	6.96	1.57
90	4	137	0	7.92	-1.57
90	5	338	210	9.08	3.14
90	6	187	318	10	1.57
90	7	80	210	8.49	3.14
90	8	187	226	0	1.57
90	9	465	160	8.9	0
91	0	63	160	10	0
91	1	403	160	0.41	0
91	2	456	210	10	3.14
91	3	187	386	8.45	1.57
91	4	187	0	0	1.57
91	5	329	210	9.4	3.14
91	6	187	328	10	1.57
91	7	70	210	10	3.14
91	8	187	228	1.18	1.57
91	9	475	160	10	0
92	0	73	160	9.78	0
92	1	404	160	1.79	0
92	2	446	210	10	3.14
92	3	187	396	9.89	1.57
92	4	187	1	1.58	1.57
92	5	319	210	10	3.14
92	6	187	337	9.79	1.57
92	7	60	210	9.9	3.14
92	8	187	229	1.86	1.57
92	9	485	160	10	0
93	0	83	160	10	0
93	1	408	160	3.5	0
93	2	437	210	9	3.14
93	3	187	406	9.81	1.57
93	4	187	2	0.66	1.57
93	5	310	210	9.46	3.14
93	6	187	347	9.83	1.57
93	7	51	210	8.98	3.14
93	8	187	231	1.97	1.57
93	9	495	160	10	0
94	0	92	160	8.39	0
94	1	411	160	3.51	0
94	2	428	210	9.03	3.14
94	3	187	415	8.75	1.57
94	4	187	4	2.17	1.57
94	5	300	210	9.48	3.14
94	6	187	357	10	1.57
94	7	42	210	9.66	3.14
94	8	187	233	1.73	1.57
94	9	500	160	8.45	0
95	0	100	160	7.88	0
95	1	414	160	2.84	0
95	2	419	210	8.57	3.14
95	3	187	425	10	1.57
95	4	187	8	3.76	1.57
95	5	291	210	8.79	3.14
95	6	187	366	8.55	1.57
95	7	33	210	8.09	3.14
95	8	187	235	1.42	1.57
95	9	500	160	0	0
96	0	109	160	9.82	0
96	1	418	160	3.66	0
96	2	412	210	7.43	3.14
96	3	187	434	9.53	1.57
96	4	187	13	5.75	1.57
96	5	283	210	8.13	3.14
96	6	187	373	7.62	1.57
96	7	25	210	8.68	3.14
96	8	187	235	0.92	1.57
96	9	500	160	0	0
97	0	119	160	10	0
97	1	422	160	3.77	0
97	2	404	210	7.63	3.14
97	3	187	444	9.91	1.57
97	4	187	20	6.88	1.57
97	5	276	210	7.43	3.14
97	6	187	382	8.92	1.57
97	7	15	210	10	3.14
97	8	187	235	0	1.57
97	9	500	160	0	0
98	0	129	160	10	0
98	1	427	160	5.25	0
98	2	396	210	8.38	3.14
98	3	187	454	10	1.57
98	4	187	29	8.42	1.57
98	5	267	210	8.36	3.14
98	6	187	392	10	1.57
98	7	5	210	10	3.14
98	8	187	236	0.56	1.57
98	9	500	160	0	0
99	0	137	160	10	0
99	1	434	160	7.21	0
99	2	386	210	9.6	3.14
99	3	187	464	10	1.57
99	4	187	38	9.73	1.57
99	5	259	210	8.52	3.14
99	6	187	402	10	1.57
99	7	0	210	9.4	3.14
99	8	187	238	2.39	1.57
99	9	500	160	0	0
100	0	137	160	0	0
100	1	442	160	7.69	0
100	2	376	210	10	3.14
100	3	187	474	10	1.57
100	4	187	48	10	1.57
100	5	252	210	7.34	3.14
100	6	187	411	8.93	1.57
100	7	0	210	0	3.14
100	8	187	242	3.35	1.57
100	9	500	160	0	0
101	0	137	160	0	0
101	1	447	160	5.76	0
101	2	367	210	9.32	3.14
101	3	187	484	10	1.57
101	4	187	57	8.68	1.57
101	5	245	210	6.91	3.14
101	6	187	420	8.42	1.57
101	7	0	210	0	3.14
101	8	187	245	3.41	1.57
101	9	500	160	0	0
102	0	137	160	0	0
102	1	452	160	4.07	0
102	2	357	210	9.98	3.14
102	3	187	494	10	1.57
102	4	187	67	9.97	1.57
102	5	237	210	7.31	3.14
102	6	187	430	9.85	1.57
102	7	0	160	0	0
102	8	187	249	3.77	1.57
102	9	500	160	0	0
103	0	137	160	0	0
103	1	457	160	5.18	0
103	2	347	210	10	3.14
103	3	187	500	10	1.57
103	4	187	77	10	1.57
103	5	228	210	9.08	3.14
103	6	187	438	8.3	1.57
103	7	0	160	0	0
103	8	187	251	1.94	1.57
103	9	500	210	0	3.14
104	0	137	160	0	0
104	1	463	160	6.13	0
104	2	337	210	10	3.14
104	3	187	500	0	1.57
104	4	187	87	10	1.57
104	5	220	210	8	3.14
104	6	187	445	7.51	1.57
104	7	0	160	0.74	0
104	8	187	253	1.82	1.57
104	9	498	210	1.47	3.14
105	0	137	160	0	0
105	1	469	160	6.2	0
105	2	328	210	8.57	3.14
105	3	187	500	0	1.57
105	4	187	97	10	1.57
105	5	211	210	9.04	3.14
105	6	187	454	8.2	1.57
105	7	3	160	2.39	0
105	8	187	254	0.84	1.57
105	9	498	210	0	3.14
106	0	137	160	0	0
106	1	474	160	4.81	0
106	2	318	210	9.69	3.14
106	3	187	500	0	1.57
106	4	187	107	10	1.57
106	5	201	210	9.86	3.14
106	6	187	463	9.79	1.57
106	7	7	160	4.09	0
106	8	187	256	2.03	1.57
106	9	498	210	0	3.14
107	0	137	160	0	0
107	1	479	160	4.69	0
107	2	310	210	7.97	3.14
107	3	187	500	0	1.57
107	4	187	117	10	1.57
107	5	191	210	10	3.14
107	6	187	473	10	1.57
107	7	13	160	5.79	0
107	8	187	258	2.27	1.57
107	9	498	210	0	3.14
108	0	137	160	0	0
108	1	485	160	6.16	0
108	2	302	210	8.7	3.14
108	3	187	500	0	1.57
108	4	187	127	10	1.57
108	5	187	210	9.14	3.14
108	6	187	483	9.17	1.57
108	7	20	160	7.39	0
108	8	187	262	3.82	1.57
108	9	498	210	0	3.14
109	0	187	160	0	1.57
109	1	490	160	5.62	0
109	2	292	210	10	3.14
109	3	187	500	0	1.57
109	4	187	137	10	1.57
109	5	187	210	0	3.14
109	6	187	483	0	1.57
109	7	27	160	7.32	0
109	8	187	266	4.13	1.57
109	9	498	210	0	3.14
110	0	187	160	0	1.57
110	1	498	160	7.32	0
110	2	282	210	10	3.14
110	3	187	500	0	1.57
110	4	187	147	10	1.57
110	5	187	210	0	3.14
110	6	187	484	1.88	1.57
110	7	35	160	7.6	0
110	8	187	269	3.1	1.57
110	9	497	210	1.2	3.14
111	0	187	160	0.29	1.57
111	1	500	160	8.89	0
111	2	272	210	10	3.14
111	3	187	500	0	1.57
111	4	187	157	10	1.57
111	5	187	210	0	3.14
111	6	187	486	1.15	1.57
111	7	42	160	7.61	0
111	8	187	273	4.19	1.57
111	9	497	210	0	3.14
112	0	187	160	0	1.57
112	1	500	160	0	0
112	2	263	210	8.92	3.14
112	3	187	500	0	1.57
112	4	187	160	10	1.57
112	5	187	210	0	3.14
112	6	187	486	0.18	1.57
112	7	49	160	7.02	0
112	8	187	278	4.93	1.57
112	9	495	210	1.97	3.14
113	0	187	160	0	1.57
113	1	500	160	0	0
113	2	253	210	9.61	3.14
113	3	137	500	0	-1.57
113	4	187	160	0	1.57
113	5	187	210	0	3.14
113	6	187	486	0	1.57
113	7	58	160	8.93	0
113	8	187	282	3.77	1.57
113	9	491	210	3.91	3.14
114	0	187	160	0	1.57
114	1	500	160	0	0
114	2	243	210	9.75	3.14
114	3	137	498	1.17	-1.57
114	4	187	160	0	1.57
114	5	187	210	0	3.14
114	6	187	487	1.44	1.57
114	7	68	160	9.44	0
114	8	187	284	2.21	1.57
114	9	488	210	3.25	3.14
115	0	187	160	0	1.57
115	1	500	160	0	0
115	2	233	210	10	3.14
115	3	137	497	1.68	-1.57
115	4	187	160	0	1.57
115	5	187	210	0	3.14
115	6	187	490	2.38	1.57
115	7	78	160	10	0
115	8	187	286	2.41	1.57
115	9	485	210	2.95	3.14
116	0	187	160	0	1.57
116	1	500	160	0	0
116	2	223	210	10	3.14
116	3	137	494	3.02	-1.57
116	4	187	160	0	1.57
116	5	187	210	0	1.57
116	6	187	490	0.72	1.57
116	7	88	160	10	0
116	8	187	290	4.01	1.57
116	9	480	210	4.88	3.14
117	0	187	160	0	1.57
117	1	500	210	0	3.14
117	2	215	210	8.59	3.14
117	3	137	490	3.27	-1.57
117	4	187	160	0	1.57
117	5	187	211	1.27	1.57
117	6	187	493	2.23	1.57
117	7	98	160	10	0
117	8	187	296	5.53	1.57
117	9	474	210	5.69	3.14
118	0	187	160	0	1.57
118	1	500	210	0	3.14
118	2	205	210	10	3.14
118	3	137	487	3.46	-1.57
118	4	187	160	0	1.57
118	5	187	213	1.83	1.57
118	6	187	496	3.56	1.57
118	7	106	160	8.48	0
118	8	187	303	7.38	1.57
118	9	467	210	6.76	3.14
119	0	187	160	0	1.57
119	1	500	210	0	3.14
119	2	195	210	10	3.14
119	3	137	484	2.58	-1.57
119	4	187	160	0	1.57
119	5	187	216	3.03	1.57
119	6	187	500	4.71	1.57
119	7	113	160	6.91	0
119	8	187	311	8.01	1.57
119	9	461	210	6.76	3.14
120	0	187	160	0.4	1.57
120	1	498	210	1.61	3.14
120	2	187	210	10	3.14
120	3	137	482	2.71	-1.57
120	4	187	160	0	1.57
120	5	187	218	2.74	1.57
120	6	187	500	0	1.57
120	7	122	160	8.32	0
120	8	187	318	6.93	1.57
120	9	455	210	5.18	3.14
121	0	187	162	1.76	1.57
121	1	497	210	1.23	3.14
121	2	187	210	0	3.14
121	3	137	480	1.77	-1.57
121	4	187	160	0.62	1.57
121	5	187	220	1.72	1.57
121	6	187	500	0	1.57
121	7	132	160	10	0
121	8	187	326	7.84	1.57
121	9	450	210	5.47	3.14
122	0	187	165	3.01	1.57
122	1	495	210	1.64	3.14
122	2	187	210	0	3.14
122	3	137	479	1.05	-1.57
122	4	187	160	0	1.57
122	5	187	223	2.92	1.57
122	6	187	500	0	1.57
122	7	137	160	10	0
122	8	187	335	8.81	1.57
122	9	444	210	6.14	3.14
123	0	187	167	2.18	1.57
123	1	492	210	3.15	3.14
123	2	187	210	0	3.14
123	3	137	477	1.68	-1.57
123	4	187	160	0	1.57
123	5	187	226	2.79	1.57
123	6	187	500	0	1.57
123	7	137	160	0	0
123	8	187	345	10	1.57
123	9	438	210	5.48	3.14
124	0	187	169	2.22	1.57
124	1	490	210	1.77	3.14
124	2	187	210	0	3.14
124	3	137	474	2.83	-1.57
124	4	187	160	0.11	1.57
124	5	187	229	3.06	1.57
124	6	187	500	0	1.57
124	7	137	160	0	-1.57
124	8	187	354	9.13	1.57
124	9	433	210	5.05	3.14
125	0	187	172	2.6	1.57
125	1	490	210	0	3.14
125	2	187	210	0	3.14
125	3	137	471	2.97	-1.57
125	4	187	161	1.15	1.57
125	5	187	232	3.52	1.57
125	6	187	500	0	1.57
125	7	137	160	0	-1.57
125	8	187	364	10	1.57
125	9	428	210	5.34	3.14
126	0	187	175	3.52	1.57
126	1	490	210	0	3.14
126	2	137	210	0	-1.57
126	3	137	467	4.79	-1.57
126	4	187	163	1.77	1.57
126	5	187	235	2.82	1.57
126	6	187	500	0	1.57
126	7	137	158	1.43	-1.57
126	8	187	374	9.62	1.57
126	9	421	210	7.14	3.14
127	0	187	180	4.33	1.57
127	1	490	210	0	3.14
127	2	137	210	0	-1.57
127	3	137	461	5.33	-1.57
127	4	187	166	3.3	1.57
127	5	187	240	4.33	1.57
127	6	187	500	0	1.57
127	7	137	155	3.39	-1.57
127	8	187	382	8.85	1.57
127	9	412	210	8.94	3.14
128	0	187	183	3.53	1.57
128	1	489	210	1.15	3.14
128	2	137	209	0.22	-1.57
128	3	137	457	4.11	-1.57
128	4	187	170	3.68	1.57
128	5	187	245	5.22	1.57
128	6	187	500	0	1.57
128	7	137	150	5.02	-1.57
128	8	187	392	9.31	1.57
128	9	402	210	10	3.14
129	0	187	186	2.78	1.57
129	1	488	210	0.96	3.14
129	2	137	208	1.26	-1.57
129	3	137	453	3.82	-1.57
129	4	187	172	2.18	1.57
129	5	187	250	4.86	1.57
129	6	137	500	0	-1.57
129	7	137	144	5.27	-1.57
129	8	187	402	10	1.57
129	9	394	210	8.26	3.14
130	0	187	190	3.58	1.57
130	1	486	210	2.46	3.14
130	2	137	205	3.02	-1.57
130	3	137	451	2.04	-1.57
130	4	187	173	0.51	1.57
130	5	187	255	5.55	1.57
130	6	137	500	0	-1.57
130	7	137	139	4.99	-1.57
130	8	187	412	10	1.57
130	9	385	210	8.6	3.14
131	0	187	195	5.2	1.57
131	1	484	210	1.94	3.14
131	2	137	200	4.86	-1.57
131	3	137	449	2.32	-1.57
131	4	187	174	1.6	1.57
131	5	187	259	3.93	1.57
131	6	137	498	1.15	-1.57
131	7	137	135	4.85	-1.57
131	8	187	422	10	1.57
131	9	375	210	9.94	3.14
132	0	187	201	6.05	1.57
132	1	483	210	0.56	3.14
132	2	137	194	5.88	-1.57
132	3	137	446	3.41	-1.57
132	4	187	176	1.8	1.57
132	5	187	264	4.64	1.57
132	6	137	496	2.62	-1.57
132	7	137	129	5.36	-1.57
132	8	187	432	9.84	1.57
132	9	365	210	10	3.14
133	0	187	208	7.14	1.57
133	1	483	210	0.15	3.14
133	2	137	187	7.49	-1.57
133	3	137	442	3.83	-1.57
133	4	187	177	1.2	1.57
133	5	187	269	5.5	1.57
133	6	137	495	1.18	-1.57
133	7	137	124	5.52	-1.57
133	8	187	442	9.94	1.57
133	9	355	210	10	3.14
134	0	187	215	6.82	1.57
134	1	482	210	0.44	3.14
134	2	137	180	6.98	-1.57
134	3	137	436	5.29	-1.57
134	4	187	181	3.19	1.57
134	5	187	275	5.91	1.57
134	6	137	492	2.65	-1.57
134	7	137	120	4.1	-1.57
134	8	187	452	10	1.57
134	9	345	210	9.77	3.14
135	0	187	222	7.46	1.57
135	1	481	210	1.87	3.14
135	2	137	171	8.73	-1.57
135	3	137	431	5.38	-1.57
135	4	187	182	1.54	1.57
135	5	187	282	7.18	1.57
135	6	137	490	1.71	-1.57
135	7	137	115	4.66	-1.57
135	8	187	462	10	1.57
135	9	335	210	10	3.14
136	0	187	231	8.26	1.57
136	1	477	210	3.43	3.14
136	2	137	161	10	-1.57
136	3	137	425	5.81	-1.57
136	4	187	184	2.08	1.57
136	5	187	291	8.86	1.57
136	6	137	488	1.96	-1.57
136	7	137	108	6.59	-1.57
136	8	187	472	10	1.57
136	9	325	210	10	3.14
137	0	187	241	10	1.57
137	1	473	210	4.09	3.14
137	2	137	151	10	-1.57
137	3	137	420	4.9	-1.57
137	4	187	186	2.21	1.57
137	5	187	301	10	1.57
137	6	137	485	3.45	-1.57
137	7	137	102	6.63	-1.57
137	8	187	482	10	1.57
137	9	315	210	10	3.14
138	0	187	251	10	1.57
138	1	467	210	5.66	3.14
138	2	137	141	10	-1.57
138	3	137	413	6.84	-1.57
138	4	187	189	2.41	1.57
138	5	187	310	9.27	1.57
138	6	137	481	3.6	-1.57
138	7	137	94	7.8	-1.57
138	8	187	491	9.86	1.57
138	9	305	210	10	3.14
139	0	187	259	8.53	1.57
139	1	461	210	5.93	3.14
139	2	137	131	10	-1.57
139	3	137	405	8.2	-1.57
139	4	187	193	3.8	1.57
139	5	187	320	10	1.57
139	6	137	479	2.5	-1.57
139	7	137	86	8	-1.57
139	8	187	500	10	1.57
139	9	296	210	8.84	3.14
140	0	187	266	6.82	1.57
140	1	457	210	4.37	3.14
140	2	137	121	10	-1.57
140	3	137	395	9.99	-1.57
140	4	187	197	4.54	1.57
140	5	187	330	10	1.57
140	6	137	475	3.73	-1.57
140	7	137	80	6.24	-1.57
140	8	187	500	0	1.57
140	9	287	210	9.73	3.14
141	0	187	272	5.85	1.57
141	1	453	210	4	3.14
141	2	137	111	10	-1.57
141	3	137	385	10	-1.57
141	4	187	202	5.14	1.57
141	5	187	339	8.74	1.57
141	6	137	472	2.67	-1.57
141	7	137	73	6.42	-1.57
141	8	187	500	0	1.57
141	9	277	210	10	3.14
142	0	187	279	7.3	1.57
142	1	450	210	2.91	3.14
142	2	137	101	10	-1.57
142	3	137	375	10	-1.57
142	4	187	208	6.19	1.57
142	5	187	347	8.22	1.57
142	6	137	468	3.96	-1.57
142	7	137	67	6.09	-1.57
142	8	187	500	0	1.57
142	9	267	210	10	3.14
143	0	187	288	8.77	1.57
143	1	448	210	2.55	3.14
143	2	137	92	8.57	-1.57
143	3	137	365	10	-1.57
143	4	187	213	4.26	1.57
143	5	187	357	9.57	1.57
143	6	137	464	4.51	-1.57
143	7	137	62	4.78	-1.57
143	8	187	500	0	1.57
143	9	257	210	10	3.14
144	0	187	297	8.95	1.57
144	1	443	210	4.5	3.14
144	2	137	82	10	-1.57
144	3	137	357	8.71	-1.57
144	4	187	218	5.37	1.57
144	5	187	365	8.07	1.57
144	6	137	458	5.86	-1.57
144	7	137	56	6.7	-1.57
144	8	187	500	0	1.57
144	9	247	210	10	3.14
145	0	187	306	9.37	1.57
145	1	440	210	2.95	3.14
145	2	137	72	10	-1.57
145	3	137	349	7.07	-1.57
145	4	187	224	6.22	1.57
145	5	187	373	8.01	1.57
145	6	137	454	4.13	-1.57
145	7	137	49	7.07	-1.57
145	8	187	500	0	1.57
145	9	237	210	10	3.14
146	0	187	316	9.6	1.57
146	1	436	210	4.34	3.14
146	2	137	64	8.25	-1.57
146	3	137	342	7.19	-1.57
146	4	187	231	6.57	1.57
146	5	187	383	9.86	1.57
146	6	137	448	5.88	-1.57
146	7	137	41	8.01	-1.57
146	8	137	500	0	-1.57
146	9	228	210	9.05	3.14
147	0	187	326	10	1.57
147	1	433	210	2.87	3.14
147	2	137	55	8.89	-1.57
147	3	137	336	5.98	-1.57
147	4	187	237	6.14	1.57
147	5	187	392	9.02	1.57
147	6	137	442	6.35	-1.57
147	7	137	31	9.65	-1.57
147	8	137	498	1.77	-1.57
147	9	219	210	8.57	3.14
148	0	187	336	10	1.57
148	1	428	210	4.8	3.14
148	2	137	48	7.4	-1.57
148	3	137	331	5.12	-1.57
148	4	187	244	6.85	1.57
148	5	187	402	9.67	1.57
148	6	137	433	8.28	-1.57
148	7	137	21	10	-1.57
148	8	137	496	1.68	-1.57
148	9	209	210	10	3.14
149	0	187	345	9.51	1.57
149	1	425	210	3.55	3.14
149	2	137	39	9.15	-1.57
149	3	137	326	5.46	-1.57
149	4	187	252	7.6	1.57
149	5	187	410	8.51	1.57
149	6	137	424	9.73	-1.57
149	7	137	11	10	-1.57
149	8	137	494	2.49	-1.57
149	9	199	210	10	3.14
150	0	187	355	10	1.57
150	1	420	210	4.39	3.14
150	2	137	29	9.67	-1.57
150	3	137	320	5.88	-1.57
150	4	187	261	9.32	1.57
150	5	187	420	9.69	1.57
150	6	137	414	10	-1.57
150	7	137	1	10	-1.57
150	8	137	489	4.12	-1.57
150	9	189	210	10	3.14
151	0	187	365	10	1.57
151	1	414	210	6.32	3.14
151	2	137	19	10	-1.57
151	3	137	315	5	-1.57
151	4	187	270	9.16	1.57
151	5	187	429	9.27	1.57
151	6	137	405	8.59	-1.57
151	7	137	0	9.11	-1.57
151	8	137	484	5.39	-1.57
151	9	187	210	10	3.14
152	0	187	375	10	1.57
152	1	406	210	7.81	3.14
152	2	137	9	10	-1.57
152	3	137	311	4.11	-1.57
152	4	187	280	9.98	1.57
152	5	187	437	7.48	1.57
152	6	137	395	10	-1.57
152	7	187	0	0	1.57
152	8	137	478	6.19	-1.57
152	9	187	210	0	3.14
153	0	187	385	10	1.57
153	1	400	210	6.24	3.14
153	2	137	0	10	-1.57
153	3	137	307	4.12	-1.57
153	4	187	288	8.39	1.57
153	5	187	445	8	1.57
153	6	137	386	8.65	-1.57
153	7	187	0	0.75	1.57
153	8	137	471	6.61	-1.57
153	9	187	210	0	3.14
154	0	187	395	10	1.57
154	1	393	210	7.11	3.14
154	2	187	0	0	1.57
154	3	137	303	3.95	-1.57
154	4	187	298	9.72	1.57
154	5	187	451	6.14	1.57
154	6	137	379	7.5	-1.57
154	7	187	2	2.04	1.57
154	8	137	463	8.14	-1.57
154	9	187	210	0	3.14
155	0	187	403	8.08	1.57
155	1	387	210	6.17	3.14
155	2	187	0	0.87	1.57
155	3	137	299	3.46	-1.57
155	4	187	306	7.99	1.57
155	5	187	457	6.2	1.57
155	6	137	370	8.83	-1.57
155	7	187	4	2.08	1.57
155	8	137	453	9.85	-1.57
155	9	187	210	0	3.14
156	0	187	412	8.29	1.57
156	1	379	210	7.66	3.14
156	2	187	2	1.25	1.57
156	3	137	295	3.72	-1.57
156	4	187	314	7.99	1.57
156	5	187	463	6.48	1.57
156	6	137	363	6.95	-1.57
156	7	187	7	2.46	1.57
156	8	137	443	10	-1.57
156	9	187	210	0	3.14
157	0	187	421	9.01	1.57
157	1	371	210	8.08	3.14
157	2	187	4	2.84	1.57
157	3	137	291	4.05	-1.57
157	4	187	322	8.33	1.57
157	5	187	471	7.96	1.57
157	6	137	356	7.09	-1.57
157	7	187	11	3.73	1.57
157	8	137	433	10	-1.57
157	9	187	210	0	3.14
158	0	187	429	8.37	1.57
158	1	361	210	9.83	3.14
158	2	187	9	4.34	1.57
158	3	137	287	4.59	-1.57
158	4	187	331	8.72	1.57
158	5	187	478	6.77	1.57
158	6	137	350	6.31	-1.57
158	7	187	15	4.27	1.57
158	8	137	424	9.55	-1.57
158	9	137	210	0	-1.57
159	0	187	438	9.2	1.57
159	1	352	210	8.68	3.14
159	2	187	12	2.86	1.57
159	3	137	283	4.27	-1.57
159	4	187	341	10	1.57
159	5	187	486	7.63	1.57
159	6	137	343	6.92	-1.57
159	7	187	20	5.56	1.57
159	8	137	414	9.36	-1.57
159	9	137	209	0.46	-1.57
160	0	187	446	7.68	1.57
160	1	344	210	8.6	3.14
160	2	187	15	3.46	1.57
160	3	137	279	3.72	-1.57
160	4	187	350	8.54	1.57
160	5	187	495	8.84	1.57
160	6	137	338	5.1	-1.57
160	7	187	27	6.57	1.57
160	8	137	404	10	-1.57
160	9	137	208	1.44	-1.57
161	0	187	455	8.77	1.57
161	1	336	210	7.94	3.14
161	2	187	20	4.96	1.57
161	3	137	275	3.68	-1.57
161	4	187	356	6.69	1.57
161	5	187	500	10	1.57
161	6	137	331	7.03	-1.57
161	7	187	34	7.17	1.57
161	8	137	394	10	-1.57
161	9	137	205	2.36	-1.57
162	0	187	465	10	1.57
162	1	330	210	6.19	3.14
162	2	187	26	5.81	1.57
162	3	137	270	5.06	-1.57
162	4	187	361	4.76	1.57
162	5	187	500	0	1.57
162	6	137	322	8.5	-1.57
162	7	187	40	5.92	1.57
162	8	137	384	10	-1.57
162	9	137	201	4.26	-1.57
163	0	187	475	10	1.57
163	1	322	210	7.73	3.14
163	2	187	33	6.95	1.57
163	3	137	264	5.61	-1.57
163	4	187	367	6.21	1.57
163	5	187	500	0	1.57
163	6	137	313	8.71	-1.57
163	7	187	46	6.36	1.57
163	8	137	374	10	-1.57
163	9	137	199	2.4	-1.57
164	0	187	484	9.75	1.57
164	1	313	210	9.1	3.14
164	2	187	38	5.53	1.57
164	3	137	259	5.84	-1.57
164	4	187	375	7.48	1.57
164	5	187	500	0	1.57
164	6	137	303	10	-1.57
164	7	187	54	7.19	1.57
164	8	137	364	10	-1.57
164	9	137	197	1.28	-1.57
165	0	187	484	0	1.57
165	1	306	210	7.14	3.14
165	2	187	42	3.75	1.57
165	3	137	251	7.84	-1.57
165	4	187	384	9.06	1.57
165	5	187	500	0	1.57
165	6	137	295	8.27	-1.57
165	7	187	60	6.83	1.57
165	8	137	354	10	-1.57
165	9	137	195	2.47	-1.57
166	0	187	484	0	1.57
166	1	297	210	8.75	3.14
166	2	187	46	4.01	1.57
166	3	137	244	7.22	-1.57
166	4	187	391	7.16	1.57
166	5	187	500	0	1.57
166	6	137	285	10	-1.57
166	7	187	66	5.94	1.57
166	8	137	345	8.88	-1.57
166	9	137	191	3.72	-1.57
167	0	187	484	0	1.57
167	1	287	210	9.38	3.14
167	2	187	51	5.38	1.57
167	3	137	236	7.42	-1.57
167	4	187	399	8.2	1.57
167	5	187	500	0	1.57
167	6	137	275	10	-1.57
167	7	187	73	6.83	1.57
167	8	137	336	9.3	-1.57
167	9	137	187	4.15	-1.57
168	0	187	485	0.79	1.57
168	1	277	210	10	3.14
168	2	187	57	5.78	1.57
168	3	137	230	6.49	-1.57
168	4	187	409	9.4	1.57
168	5	187	500	0	1.57
168	6	137	265	10	-1.57
168	7	187	79	5.91	1.57
168	8	137	326	10	-1.57
168	9	137	182	4.81	-1.57
169	0	187	486	0.34	1.57
169	1	269	210	8.85	3.14
169	2	187	64	7.15	1.57
169	3	137	223	6.61	-1.57
169	4	187	419	10	1.57
169	5	137	500	0	-1.57
169	6	137	255	10	-1.57
169	7	187	83	4.03	1.57
169	8	137	316	10	-1.57
169	9	137	178	4.53	-1.57
170	0	187	487	1.72	1.57
170	1	259	210	10	3.14
170	2	187	71	6.3	1.57
170	3	137	217	6.06	-1.57
170	4	187	428	9.1	1.57
170	5	137	498	1.72	-1.57
170	6	137	247	8.59	-1.57
170	7	187	88	5.17	1.57
170	8	137	306	10	-1.57
170	9	137	171	6.15	-1.57
171	0	187	488	0.96	1.57
171	1	249	210	9.49	3.14
171	2	187	78	7.48	1.57
171	3	137	210	7.1	-1.57
171	4	187	436	8.67	1.57
171	5	137	497	0.7	-1.57
171	6	137	240	6.6	-1.57
171	7	187	95	6.31	1.57
171	8	137	296	10	-1.57
171	9	137	166	5.85	-1.57
172	0	187	490	1.58	1.57
172	1	240	210	9.55	3.14
172	2	187	87	8.53	1.57
172	3	137	210	6.05	-1.57
172	4	187	445	8.68	1.57
172	5	137	497	0	-1.57
172	6	137	234	6.33	-1.57
172	7	187	101	6.29	1.57
172	8	137	287	8.85	-1.57
172	9	137	160	5.17	-1.57
173	0	187	491	1.62	1.57
173	1	230	210	10	3.14
173	2	187	95	8.3	1.57
173	3	137	210	0	-1.57
173	4	187	453	8.02	1.57
173	5	137	497	0.22	-1.57
173	6	137	229	4.69	-1.57
173	7	187	108	7.33	1.57
173	8	137	278	9.01	-1.57
173	9	137	155	5.67	-1.57
174	0	187	494	2.93	1.57
174	1	220	210	10	3.14
174	2	187	105	10	1.57
174	3	137	210	0	-1.57
174	4	187	460	7.12	1.57
174	5	137	497	0	-1.57
174	6	137	223	6.04	-1.57
174	7	187	116	8.2	1.57
174	8	137	270	8.72	-1.57
174	9	137	149	5.79	-1.57
175	0	187	498	3.35	1.57
175	1	210	210	10	3.14
175	2	187	115	10	1.57
175	3	137	208	1.38	-1.57
175	4	187	468	7.95	1.57
175	5	137	495	1.78	-1.57
175	6	137	216	7.36	-1.57
175	7	187	126	9.23	1.57
175	8	137	260	10	-1.57
175	9	137	144	5.28	-1.57
176	0	187	500	1.87	1.57
176	1	201	210	8.91	3.14
176	2	187	124	9.12	1.57
176	3	137	205	3.26	-1.57
176	4	187	474	6.29	1.57
176	5	137	491	3.67	-1.57
176	6	137	210	8.77	-1.57
176	7	187	134	8.78	1.57
176	8	137	250	9.65	-1.57
176	9	137	138	6.18	-1.57
177	0	187	500	0	1.57
177	1	194	210	7.1	3.14
177	2	187	134	10	1.57
177	3	137	201	3.75	-1.57
177	4	187	482	7.25	1.57
177	5	137	486	5.5	-1.57
177	6	137	210	0	-1.57
177	7	187	144	10	1.57
177	8	137	240	10	-1.57
177	9	137	131	6.35	-1.57
178	0	187	500	0	1.57
178	1	187	210	7.87	3.14
178	2	187	143	9.3	1.57
178	3	137	196	5.55	-1.57
178	4	187	489	7.55	1.57
178	5	137	480	5.76	-1.57
178	6	137	210	0	-1.57
178	7	187	154	9.07	1.57
178	8	137	230	10	-1.57
178	9	137	125	5.98	-1.57
179	0	187	500	0	1.57
179	1	187	210	0	3.14
179	2	187	152	8.91	1.57
179	3	137	190	5.77	-1.57
179	4	187	489	0	1.57
179	5	137	475	5.56	-1.57
179	6	137	210	0	-1.57
179	7	187	160	10	1.57
179	8	137	220	10	-1.57
179	9	137	119	6.22	-1.57
180	0	137	500	0	-1.57
180	1	187	210	0	3.14
180	2	187	152	0	1.57
180	3	137	185	5.26	-1.57
180	4	187	490	0.31	1.57
180	5	137	467	7.36	-1.57
180	6	137	210	0	-1.57
180	7	187	160	0	1.57
180	8	137	220	0	-1.57
180	9	137	113	5.49	-1.57
181	0	137	498	1.98	-1.57
181	1	137	210	0	-1.57
181	2	187	153	0.89	1.57
181	3	137	181	3.27	-1.57
181	4	187	491	1.91	1.57
181	5	137	459	7.78	-1.57
181	6	137	210	0	-1.57
181	7	187	160	0	1.57
181	8	137	219	1.02	-1.57
181	9	137	109	4.21	-1.57
182	0	137	494	3.43	-1.57
182	1	137	208	1.27	-1.57
182	2	187	155	2.15	1.57
182	3	137	177	4.46	-1.57
182	4	187	494	2.48	1.57
182	5	137	450	9.62	-1.57
182	6	137	210	0	-1.57
182	7	187	160	0	1.57
182	8	137	216	3.01	-1.57
182	9	137	107	2.34	-1.57
183	0	137	489	5.26	-1.57
183	1	137	206	2.03	-1.57
183	2	187	157	1.53	1.57
183	3	137	171	6.12	-1.57
183	4	187	498	4.17	1.57
183	5	137	440	10	-1.57
183	6	137	210	0	-1.57
183	7	187	160	0	1.57
183	8	137	213	3.16	-1.57
183	9	137	103	4.3	-1.57
184	0	137	484	4.78	-1.57
184	1	137	205	0.82	-1.57
184	2	187	157	0	1.57
184	3	137	164	7.04	-1.57
184	4	187	500	4.53	1.57
184	5	137	430	10	-1.57
184	6	137	209	0.55	-1.57
184	7	187	160	0	1.57
184	8	137	210	3.86	-1.57
184	9	137	100	2.41	-1.57
185	0	137	478	5.87	-1.57
185	1	137	204	0.91	-1.57
185	2	187	159	1.87	1.57
185	3	137	155	8.8	-1.57
185	4	187	500	0	1.57
185	5	137	420	10	-1.57
185	6	137	209	0	-1.57
185	7	187	160	0.53	1.57
185	8	137	210	0	-1.57
185	9	137	99	1.19	-1.57
186	0	137	473	5.49	-1.57
186	1	137	203	1.1	-1.57
186	2	187	160	3.42	1.57
186	3	137	146	8.68	-1.57
186	4	187	500	0	1.57
186	5	137	410	10	-1.57
186	6	137	208	0.88	-1.57
186	7	187	162	2.11	1.57
186	8	137	210	0	-1.57
186	9	137	98	1.41	-1.57
187	0	137	466	6.49	-1.57
187	1	137	203	0	-1.57
187	2	187	160	0	1.57
187	3	137	136	10	-1.57
187	4	187	500	0	1.57
187	5	137	400	10	-1.57
187	6	137	207	1.01	-1.57
187	7	187	162	0.32	1.57
187	8	137	210	0	-1.57
187	9	137	95	2.26	-1.57
188	0	137	460	6.51	-1.57
188	1	137	203	0.72	-1.57
188	2	187	160	0	1.57
188	3	137	126	10	-1.57
188	4	187	500	0	1.57
188	5	137	390	10	-1.57
188	6	137	207	0	-1.57
188	7	187	163	0.61	1.57
188	8	137	210	0	-1.57
188	9	137	94	1.06	-1.57
189	0	137	455	5.02	-1.57
189	1	137	202	0.97	-1.57
189	2	187	160	0	1.57
189	3	137	117	9.65	-1.57
189	4	187	500	0	1.57
189	5	137	380	9.51	-1.57
189	6	137	206	0.86	-1.57
189	7	187	163	0	1.57
189	8	137	210	0	3.14
189	9	137	94	0	-1.57
190	0	137	448	6.81	-1.57
190	1	137	201	1.19	-1.57
190	2	187	160	0	1.57
190	3	137	107	10	-1.57
190	4	187	500	0	1.57
190	5	137	370	10	-1.57
190	6	137	205	1.38	-1.57
190	7	187	163	0	1.57
190	8	135	210	1.42	3.14
190	9	137	94	0	-1.57
191	0	137	443	5.26	-1.57
191	1	137	201	0	-1.57
191	2	187	160	0	1.57
191	3	137	106	0.64	-1.57
191	4	187	500	0	1.57
191	5	137	360	10	-1.57
191	6	137	205	0	-1.57
191	7	187	164	0.95	1.57
191	8	134	210	1.32	3.14
191	9	137	94	0.64	-1.57
192	0	137	436	6.5	-1.57
192	1	137	200	0.08	-1.57
192	2	187	160	0	1.57
192	3	137	104	2.01	-1.57
192	4	187	500	0	1.57
192	5	137	351	9.06	-1.57
192	6	137	205	0.13	-1.57
192	7	187	167	2.88	1.57
192	8	131	210	2.36	3.14
192	9	137	92	1.21	-1.57
193	0	137	430	6.14	-1.57
193	1	137	199	1.91	-1.57
193	2	187	210	0	3.14
193	3	137	101	3.01	-1.57
193	4	187	500	0	1.57
193	5	137	341	10	-1.57
193	6	137	205	0	-1.57
193	7	187	168	1.12	1.57
193	8	128	210	3.26	3.14
193	9	137	92	0.17	-1.57
194	0	137	424	6.34	-1.57
194	1	137	195	3.11	-1.57
194	2	185	210	1.31	3.14
194	3	137	101	0	-1.57
194	4	137	500	0	-1.57
194	5	137	331	10	-1.57
194	6	137	203	1.34	-1.57
194	7	187	170	1.96	1.57
194	8	127	210	1.36	3.14
194	9	137	92	0	-1.57
195	0	137	416	7.36	-1.57
195	1	137	191	4.15	-1.57
195	2	182	210	3.29	3.14
195	3	137	100	0.75	-1.57
195	4	137	499	0.4	-1.57
195	5	137	322	9.31	-1.57
195	6	137	202	1.59	-1.57
195	7	187	171	1.21	1.57
195	8	127	210	0.04	3.14
195	9	137	91	1.17	-1.57
196	0	137	408	8.07	-1.57
196	1	137	186	5.65	-1.57
196	2	178	210	3.45	3.14
196	3	137	99	1.59	-1.57
196	4	137	499	0	-1.57
196	5	137	312	9.68	-1.57
196	6	137	199	2.39	-1.57
196	7	187	174	2.47	1.57
196	8	127	210	0	3.14
196	9	137	91	0.4	-1.57
197	0	137	400	8.3	-1.57
197	1	137	179	7.03	-1.57
197	2	177	210	1.87	3.14
197	3	137	98	0.03	-1.57
197	4	137	499	0.56	-1.57
197	5	137	304	8.39	-1.57
197	6	137	195	3.96	-1.57
197	7	187	177	3.37	1.57
197	8	126	210	0.52	3.14
197	9	137	91	0	-1.57
198	0	137	391	9.17	-1.57
198	1	137	172	6.84	-1.57
198	2	175	210	1.91	3.14
198	3	137	97	1.57	-1.57
198	4	137	499	0.01	-1.57
198	5	137	294	10	-1.57
198	6	137	190	5.72	-1.57
198	7	187	182	4.94	1.57
198	8	125	210	1.47	3.14
198	9	137	91	0	-1.57
199	0	137	382	9.04	-1.57
199	1	137	165	6.42	-1.57
199	2	171	210	3.74	3.14
199	3	137	95	2.12	-1.57
199	4	137	498	1.03	-1.57
199	5	137	284	10	-1.57
199	6	137	185	4.43	-1.57
199	7	187	188	6.5	1.57
199	8	122	210	2.8	3.14
199	9	137	90	0.4	-1.57
200	0	137	374	7.94	-1.57
200	1	137	157	8.32	-1.57
200	2	168	210	3.05	3.14
200	3	137	95	0	-1.57
200	4	137	496	1.91	-1.57
200	5	137	274	10	-1.57
200	6	137	183	2.72	-1.57
200	7	187	196	7.51	1.57
200	8	117	210	4.5	3.14
200	9	137	90	0	-1.57
201	0	137	364	9.74	-1.57
201	1	137	147	9.92	-1.57
201	2	165	210	2.6	3.14
201	3	137	94	0.82	-1.57
201	4	137	496	0	-1.57
201	5	137	266	8.17	-1.57
201	6	137	179	3.4	-1.57
201	7	187	204	8.02	1.57
201	8	112	210	5.42	3.14
201	9	137	90	0	-1.57
202	0	137	354	10	-1.57
202	1	137	139	8.13	-1.57
202	2	163	210	2.22	3.14
202	3	137	94	0.13	-1.57
202	4	137	496	0	-1.57
202	5	137	259	6.84	-1.57
202	6	137	174	4.81	-1.57
202	7	187	211	7	1.57
202	8	107	210	4.61	3.14
202	9	137	90	0.12	-1.57
203	0	137	344	10	-1.57
203	1	137	129	9.94	-1.57
203	2	159	210	3.69	3.14
203	3	137	93	0.34	-1.57
203	4	137	495	0.17	-1.57
203	5	137	252	6.48	-1.57
203	6	137	170	4.02	-1.57
203	7	187	219	8.18	1.57
203	8	101	210	6.01	3.14
203	9	137	90	0	-1.57
204	0	137	334	10	-1.57
204	1	137	120	8.61	-1.57
204	2	155	210	4.46	3.14
204	3	137	92	1.62	-1.57
204	4	137	495	0.48	-1.57
204	5	137	247	5.54	-1.57
204	6	137	164	5.86	-1.57
204	7	187	229	9.59	1.57
204	8	95	210	6.67	3.14
204	9	137	90	0	-1.57
205	0	137	324	9.88	-1.57
205	1	137	110	10	-1.57
205	2	152	210	3.1	3.14
205	3	137	90	1.98	-1.57
205	4	137	493	2	-1.57
205	5	137	242	4.46	-1.57
205	6	137	160	4.41	-1.57
205	7	187	238	9.01	1.57
205	8	87	210	8.19	3.14
205	9	137	88	1.98	-1.57
206	0	137	314	10	-1.57
206	1	137	100	9.92	-1.57
206	2	148	210	3.57	3.14
206	3	137	88	1.66	-1.57
206	4	137	490	2.58	-1.57
206	5	137	236	6.42	-1.57
206	6	137	157	3.28	-1.57
206	7	187	246	7.74	1.57
206	8	77	210	9.78	3.14
206	9	137	86	2.07	-1.57
207	0	137	305	9.26	-1.57
207	1	137	98	2.37	-1.57
207	2	143	210	5.04	3.14
207	3	137	86	2.37	-1.57
207	4	137	487	3.54	-1.57
207	5	137	229	6.91	-1.57
207	6	137	152	5.22	-1.57
207	7	187	253	7.92	1.57
207	8	67	210	10	3.14
207	9	137	83	3.04	-1.57
208	0	137	295	10	-1.57
208	1	137	94	4.12	-1.57
208	2	137	210	6.34	3.14
208	3	137	82	3.97	-1.57
208	4	137	485	2.19	-1.57
208	5	137	224	5.29	-1.57
208	6	137	147	4.63	-1.57
208	7	187	263	9.37	1.57
208	8	57	210	9.6	3.14
208	9	137	79	4.55	-1.57
209	0	137	285	10	-1.57
209	1	137	89	5.47	-1.57
209	2	130	210	6.77	3.14
209	3	137	79	3.26	-1.57
209	4	137	484	0.26	-1.57
209	5	137	220	4.24	-1.57
209	6	137	141	6.18	-1.57
209	7	187	270	7.53	1.57
209	8	47	210	9.84	3.14
209	9	137	73	6.01	-1.57
210	0	137	276	8.89	-1.57
210	1	137	83	5.07	-1.57
210	2	122	210	7.7	3.14
210	3	137	74	4.21	-1.57
210	4	137	484	0.81	-1.57
210	5	137	214	5.54	-1.57
210	6	137	134	6.59	-1.57
210	7	187	278	7.22	1.57
210	8	39	210	8.65	3.14
210	9	137	65	7.47	-1.57
211	0	137	266	10	-1.57
211	1	137	79	4.51	-1.57
211	2	115	210	6.99	3.14
211	3	137	71	3.56	-1.57
211	4	137	484	0	-1.57
211	5	137	210	4.24	-1.57
211	6	137	127	7.16	-1.57
211	7	187	284	6.59	1.57
211	8	29	210	9.91	3.14
211	9	137	57	7.94	-1.57
212	0	137	257	8.83	-1.57
212	1	137	76	2.9	-1.57
212	2	108	210	7.49	3.14
212	3	137	68	2.9	-1.57
212	4	137	484	0.02	-1.57
212	5	137	210	4.79	-1.57
212	6	137	122	5.45	-1.57
212	7	187	292	8.04	1.57
212	8	19	210	10	3.14
212	9	137	48	9.02	-1.57
213	0	137	247	10	-1.57
213	1	137	73	2.89	-1.57
213	2	98	210	9.41	3.14
213	3	137	65	3.4	-1.57
213	4	137	483	0.45	-1.57
213	5	137	210	0	-1.57
213	6	137	117	4.74	-1.57
213	7	187	299	6.44	1.57
213	8	9	210	10	3.14
213	9	137	39	9.26	-1.57
214	0	137	239	8.57	-1.57
214	1	137	71	1.94	-1.57
214	2	91	210	7.67	3.14
214	3	137	60	4.99	-1.57
214	4	137	481	2.33	-1.57
214	5	137	210	0	-1.57
214	6	137	112	4.52	-1.57
214	7	187	305	6.64	1.57
214	8	0	210	10	3.14
214	9	137	31	8.27	-1.57
215	0	137	229	10	-1.57
215	1	137	68	3.67	-1.57
215	2	81	210	9.49	3.14
215	3	137	56	3.13	-1.57
215	4	137	478	3.16	-1.57
215	5	137	209	0.74	-1.57
215	6	137	106	5.99	-1.57
215	7	187	313	8.18	1.57
215	8	0	210	0	3.14
215	9	137	21	10	-1.57
216	0	137	219	10	-1.57
216	1	137	63	4.96	-1.57
216	2	71	210	10	3.14
216	3	137	54	2.83	-1.57
216	4	137	476	2.06	-1.57
216	5	137	206	2.61	-1.57
216	6	137	100	6.52	-1.57
216	7	187	321	7.95	1.57
216	8	0	210	0	3.14
216	9	137	11	10	-1.57
217	0	137	210	9.86	-1.57
217	1	137	58	4.5	-1.57
217	2	61	210	10	3.14
217	3	137	49	4.12	-1.57
217	4	137	473	2.94	-1.57
217	5	137	202	3.86	-1.57
217	6	137	94	5.33	-1.57
217	7	187	331	9.91	1.57
217	8	0	210	0	3.14
217	9	137	1	10	-1.57
218	0	137	210	0	-1.57
218	1	137	55	2.63	-1.57
218	2	53	210	8.3	3.14
218	3	137	44	5.59	-1.57
218	4	137	470	2.49	-1.57
218	5	137	198	3.88	-1.57
218	6	137	89	5.55	-1.57
218	7	187	340	8.59	1.57
218	8	0	210	0	3.14
218	9	137	0	10	-1.57
219	0	137	210	0	-1.57
219	1	137	54	1.73	-1.57
219	2	43	210	9.93	3.14
219	3	137	37	6.95	-1.57
219	4	137	470	0.53	-1.57
219	5	137	193	5.24	-1.57
219	6	137	85	4.2	-1.57
219	7	187	350	9.83	1.57
219	8	0	210	0	3.14
219	9	137	0	0	-1.57
220	0	137	210	0	-1.57
220	1	137	51	2.38	-1.57
220	2	33	210	10	3.14
220	3	137	32	5.27	-1.57
220	4	137	469	0.2	-1.57
220	5	137	190	3.53	-1.57
220	6	137	81	3.4	-1.57
220	7	187	360	9.83	1.57
220	8	0	210	0	3.14
220	9	137	0	0	-1.57
