
1	0	500	57	1.12	1.57
1	1	411	0	1.83	3.14
1	2	500	373	0.18	1.57
1	3	425	49	0.92	6.28
1	4	394	49	0	6.28
1	5	121	49	0.17	6.28
1	6	500	371	0.59	1.57
1	7	441	0	1.88	3.14
1	8	438	49	0.71	6.28
1	9	158	49	0	6.28
1	10	98	0	0.84	3.14
1	11	252	49	1.65	6.28
1	12	257	0	0.45	3.14
1	13	126	0	0.67	3.14
1	14	100	0	0.85	3.14
1	15	431	49	1.5	6.28
1	16	550	149	0	-1.57
1	17	550	78	0.47	-1.57
1	18	550	22	0	-1.57
1	19	476	0	0.57	3.14
1	20	465	49	1.03	6.28
1	21	496	0	0.1	3.14
1	22	293	0	1.69	3.14
1	23	482	49	0.41	6.28
1	24	550	273	0.27	-1.57
1	25	433	49	0	6.28
1	26	71	49	1.01	6.28
1	27	507	-1	1.78	3.14
1	28	500	322	1.68	1.57
1	29	457	49	0	6.28
2	0	500	60	2.46	1.57
2	1	407	0	3.65	3.14
2	2	500	374	0.72	1.57
2	3	426	49	1.02	6.28
2	4	394	49	0	6.28
2	5	121	49	0.66	6.28
2	6	500	371	0	1.57
2	7	438	0	2.51	3.14
2	8	439	49	1.38	6.28
2	9	159	49	1.59	6.28
2	10	98	0	0	3.14
2	11	254	49	2.66	6.28
2	12	257	0	0	3.14
2	13	126	0	0.68	3.14
2	14	100	0	0	3.14
2	15	431	49	0	6.28
2	16	550	149	0	-1.57
2	17	550	76	2.13	-1.57
2	18	550	22	0	-1.57
2	19	476	0	0.28	3.14
2	20	467	49	1.81	6.28
2	21	496	0	0.82	3.14
2	22	291	0	1.52	3.14
2	23	483	49	0.17	6.28
2	24	550	273	0	-1.57
2	25	433	49	0	6.28
2	26	71	49	0.15	6.28
2	27	504	-1	2.35	3.14
2	28	500	322	0	1.57
2	29	457	49	0	6.28
3	0	500	61	0.89	1.57
3	1	402	0	5.06	3.14
3	2	500	374	0	1.57
3	3	427	49	1.77	6.28
3	4	394	49	0	6.28
3	5	123	49	1.85	6.28
3	6	500	371	0.14	1.57
3	7	436	0	2.61	3.14
3	8	441	49	2.37	6.28
3	9	162	49	2.85	6.28
3	10	97	0	0.76	3.14
3	11	258	49	3.13	6.28
3	12	255	0	1.94	3.14
3	13	124	0	2.09	3.14
3	14	99	0	1.44	3.14
3	15	431	49	0	6.28
3	16	550	148	1.68	-1.57
3	17	550	76	0.67	-1.57
3	18	550	21	1.59	-1.57
3	19	476	0	0	3.14
3	20	470	49	3.21	6.28
3	21	495	0	1.06	3.14
3	22	289	0	2.43	3.14
3	23	484	49	1.78	6.28
3	24	550	273	0	-1.57
3	25	433	49	0	6.28
3	26	72	49	0.94	6.28
3	27	504	-1	0.62	3.14
3	28	500	323	0.23	1.57
3	29	457	49	0	6.28
4	0	500	61	0	1.57
4	1	396	0	5.99	3.14
4	2	500	375	1.27	1.57
4	3	429	49	1.09	6.28
4	4	394	49	0	6.28
4	5	125	49	1.88	6.28
4	6	500	372	0.85	1.57
4	7	434	0	1.39	3.14
4	8	445	49	4.04	6.28
4	9	165	49	3.38	6.28
4	10	95	0	2.17	3.14
4	11	261	49	3.71	6.28
4	12	255	0	0	3.14
4	13	123	0	0.66	3.14
4	14	97	0	2.11	3.14
4	15	431	49	0	6.28
4	16	550	145	2.74	-1.57
4	17	550	74	1.65	-1.57
4	18	550	18	2.58	-1.57
4	19	474	0	1.91	3.14
4	20	474	49	4.49	6.28
4	21	492	0	2.61	3.14
4	22	287	0	1.57	3.14
4	23	486	49	1.73	6.28
4	24	550	272	0.24	-1.57
4	25	434	49	0.74	6.28
4	26	74	49	1.99	6.28
4	27	503	-1	0.5	3.14
4	28	500	323	0	1.57
4	29	458	49	1.56	6.28
5	0	500	61	0	1.57
5	1	390	0	6.34	3.14
5	2	500	376	0.8	1.57
5	3	429	49	0.79	6.28
5	4	395	49	0.97	6.28
5	5	128	49	3.16	6.28
5	6	500	372	0	1.57
5	7	434	0	0.11	3.14
5	8	450	49	5.01	6.28
5	9	170	49	4.25	6.28
5	10	93	0	2.19	3.14
5	11	267	49	5.56	6.28
5	12	254	0	0.47	3.14
5	13	123	0	0.02	3.14
5	14	95	0	2.19	3.14
5	15	432	49	0.79	6.28
5	16	550	142	2.89	-1.57
5	17	550	71	3.02	-1.57
5	18	550	15	2.54	-1.57
5	19	472	0	1.88	3.14
5	20	479	49	4.65	6.28
5	21	491	0	1.28	3.14
5	22	284	0	3.45	3.14
5	23	486	49	0.27	6.28
5	24	550	272	0	-1.57
5	25	435	49	1.49	6.28
5	26	77	49	2.87	6.28
5	27	502	-1	1.07	3.14
5	28	500	324	1.63	1.57
5	29	460	49	1.87	6.28
6	0	500	62	1.34	1.57
6	1	385	0	4.8	3.14
6	2	500	378	2.06	1.57
6	3	431	49	1.28	6.28
6	4	395	49	0	6.28
6	5	133	49	5.13	6.28
6	6	500	372	0.27	1.57
6	7	433	0	0.64	3.14
6	8	454	49	3.87	6.28
6	9	175	49	5.36	6.28
6	10	91	0	1.99	3.14
6	11	272	49	4.74	6.28
6	12	254	0	0.08	3.14
6	13	122	0	0.74	3.14
6	14	93	0	1.99	3.14
6	15	433	49	1.19	6.28
6	16	550	138	3.63	-1.57
6	17	550	70	1.38	-1.57
6	18	550	11	4.21	-1.57
6	19	469	0	2.48	3.14
6	20	482	49	3.55	6.28
6	21	488	0	3.19	3.14
6	22	280	0	3.33	3.14
6	23	488	49	1.59	6.28
6	24	550	272	0.43	-1.57
6	25	438	49	2.36	6.28
6	26	81	49	4.06	6.28
6	27	499	0	3.02	3.14
6	28	500	324	0	1.57
6	29	464	49	3.64	6.28
7	0	500	63	1.46	1.57
7	1	381	0	4.17	3.14
7	2	500	380	2.2	1.57
7	3	431	49	0	6.28
7	4	397	49	1.6	6.28
7	5	139	49	5.74	6.28
7	6	500	373	1.22	1.57
7	7	432	0	1.93	3.14
7	8	458	49	3.32	6.28
7	9	181	49	6	6.28
7	10	87	0	3.97	3.14
7	11	277	49	5.08	6.28
7	12	254	0	0.47	3.14
7	13	120	0	1.7	3.14
7	14	89	0	3.83	3.14
7	15	433	49	0	6.28
7	16	550	133	5.58	-1.57
7	17	550	67	2.32	-1.57
7	18	550	5	5.91	-1.57
7	19	468	0	1.37	3.14
7	20	483	49	0.55	6.28
7	21	483	0	4.05	3.14
7	22	277	0	3.69	3.14
7	23	489	49	0.55	6.28
7	24	550	272	0	-1.57
7	25	441	49	3.33	6.28
7	26	87	49	6.01	6.28
7	27	494	0	4.97	3.14
7	28	500	324	0.1	1.57
7	29	469	49	4.83	6.28
8	0	500	64	0.9	1.57
8	1	376	0	4.75	3.14
8	2	500	384	3.48	1.57
8	3	431	49	0	6.28
8	4	399	49	2.06	6.28
8	5	144	49	5.29	6.28
8	6	500	375	1.9	1.57
8	7	429	0	2.97	3.14
8	8	460	49	2.3	6.28
8	9	187	49	5.65	6.28
8	10	84	0	2.73	3.14
8	11	284	49	6.99	6.28
8	12	253	0	0.51	3.14
8	13	117	0	3.01	3.14
8	14	86	0	2.45	3.14
8	15	433	49	0	6.28
8	16	550	126	7.21	-1.57
8	17	550	64	2.84	-1.57
8	18	550	-1	6.88	-1.57
8	19	466	0	2.19	3.14
8	20	485	49	1.92	6.28
8	21	481	0	2.32	3.14
8	22	271	0	5.15	3.14
8	23	490	49	1.17	6.28
8	24	550	270	1.75	-1.57
8	25	442	49	1.47	6.28
8	26	93	49	6.16	6.28
8	27	489	0	5.14	3.14
8	28	500	326	1.87	1.57
8	29	474	49	4.91	6.28
9	0	500	65	0.88	1.57
9	1	370	0	5.95	3.14
9	2	500	388	4.17	1.57
9	3	431	49	0	6.28
9	4	400	49	1.88	6.28
9	5	149	49	4.82	6.28
9	6	500	378	2.59	1.57
9	7	424	0	4.2	3.14
9	8	461	49	1.34	6.28
9	9	194	49	7.33	6.28
9	10	83	0	1.16	3.14
9	11	289	49	5.59	6.28
9	12	253	0	0.67	3.14
9	13	114	0	3.15	3.14
9	14	85	0	1.16	3.14
9	15	434	49	1.26	6.28
9	16	550	119	6.07	-1.57
9	17	550	63	1.25	-1.57
9	18	550	-1	8.4	-1.57
9	19	462	0	3.67	3.14
9	20	487	49	2.39	6.28
9	21	477	0	3.75	3.14
9	22	264	0	7.08	3.14
9	23	492	49	1.86	6.28
9	24	550	268	2.41	-1.57
9	25	443	49	0.98	6.28
9	26	100	49	7.41	6.28
9	27	484	0	4.95	3.14
9	28	500	327	0.98	1.57
9	29	479	49	5.83	6.28
10	0	500	65	0	1.57
10	1	363	0	7.1	3.14
10	2	500	392	4.31	1.57
10	3	432	49	1.27	6.28
10	4	403	49	2.81	6.28
10	5	156	49	6.47	6.28
10	6	500	381	3.05	1.57
10	7	419	0	5.25	3.14
10	8	463	49	1.72	6.28
10	9	202	49	7.83	6.28
10	10	81	0	1.41	3.14
10	11	296	49	6.85	6.28
10	12	250	0	2.13	3.14
10	13	110	0	4.77	3.14
10	14	85	0	0	3.14
10	15	438	49	3.15	6.28
10	16	550	114	5.18	-1.57
10	17	550	63	0	-1.57
10	18	550	-1	8.59	3.14
10	19	461	0	1.7	3.14
10	20	490	49	2.34	6.28
10	21	474	0	3.07	3.14
10	22	262	0	2.13	3.14
10	23	494	49	2.06	6.28
10	24	550	267	0.47	-1.57
10	25	443	49	0	6.28
10	26	108	49	7.81	6.28
10	27	481	0	3.07	3.14
10	28	500	327	0	1.57
10	29	482	49	2.34	6.28
11	0	500	65	0	1.57
11	1	356	0	7.57	3.14
11	2	500	397	4.32	1.57
11	3	435	49	2.72	6.28
11	4	406	49	2.27	6.28
11	5	161	49	5.13	6.28
11	6	500	384	2.82	1.57
11	7	412	0	6.73	3.14
11	8	465	49	2.26	6.28
11	9	210	49	7.82	6.28
11	10	81	0	0	3.14
11	11	305	49	8.66	6.28
11	12	250	0	0.26	3.14
11	13	105	0	4.8	3.14
11	14	84	0	0.77	3.14
11	15	438	49	0	6.28
11	16	550	108	5.94	-1.57
11	17	550	62	1.33	-1.57
11	18	541	-1	8.91	3.14
11	19	458	0	2.79	3.14
11	20	493	49	3.22	6.28
11	21	471	0	3.3	3.14
11	22	259	0	3.54	3.14
11	23	498	49	3.93	6.28
11	24	550	267	0	-1.57
11	25	443	49	0	6.28
11	26	116	49	7.74	6.28
11	27	477	0	4.07	3.14
11	28	500	327	0	1.57
11	29	483	49	0.77	6.28
