models=ThreeDizer	selected=Random Walk	walkingtime=20	maxpausetime=10	minspeed=5	selected=squarereflect	borderheight=50	borderwidth=50	height=500	width=500	maxspeed=10	defaultfilter=edu.sharif.ce.dml.common.data.configfilter.ConfigFileFilter	isinput=false	fileaddress=output\ThreeDMap.xml	multiple=false	maps=ThreeDMap	height=500	gridsize=50.0	width=500	variablenumber=true	z=100.0	y=123.0	x=100.0	z=100.0	y=150.0	x=50.0	z=100.0	y=100.0	x=100.0	z=100.0	y=100.0	x=50.0	cacheprecision=1.0	filenamegenerator=simple	seed=outputtrace	numberiterate=true	defaultfilter=edu.sharif.ce.dml.common.data.trace.filter.DirectoryFilter	isinput=false	fileaddress=output	multiple=false	tracewriter=text	nodenumber=10	maxsimulationtime=1000
Time	Node	PositionX	PositionY	Speed	Direction Angle	PositionZ
1	0	266	141	9.14	5.14	0
1	1	12	327	8.56	4.93	0
1	2	361	242	9.65	2	0
1	3	356	295	5.45	4.58	0
1	4	352	74	5.24	4.26	0
1	5	205	211	8.29	5.06	0
1	6	44	10	5.56	5.14	0
1	7	101	366	9.97	2.76	0
1	8	258	390	7.79	2.04	0
1	9	70	213	8.55	3.42	0
2	0	270	133	9.14	5.14	0
2	1	13	318	8.56	4.93	0
2	2	357	250	9.65	2	0
2	3	356	289	5.45	4.58	0
2	4	350	69	5.24	4.26	0
2	5	208	204	8.29	5.06	0
2	6	46	5	5.56	5.14	0
2	7	92	370	9.97	2.76	0
2	8	254	397	7.79	2.04	0
2	9	62	211	8.55	3.42	0
3	0	274	124	9.14	5.14	0
3	1	15	310	8.56	4.93	0
3	2	353	259	9.65	2	0
3	3	355	284	5.45	4.58	0
3	4	348	64	5.24	4.26	0
3	5	210	196	8.29	5.06	0
3	6	48	0	5.56	5.14	0
3	7	83	374	9.97	2.76	0
3	8	250	393	7.79	4.24	0
3	9	54	209	8.55	3.42	0
4	0	278	116	9.14	5.14	0
4	1	17	302	8.56	4.93	0
4	2	349	268	9.65	2	0
4	3	354	278	5.45	4.58	0
4	4	346	59	5.24	4.26	0
4	5	213	188	8.29	5.06	0
4	6	51	5	5.56	1.15	0
4	7	73	377	9.97	2.76	0
4	8	246	386	7.79	4.24	0
4	9	46	206	8.55	3.42	0
5	0	281	108	9.14	5.14	0
5	1	19	293	8.56	4.93	0
5	2	345	277	9.65	2	0
5	3	354	273	5.45	4.58	0
5	4	343	55	5.24	4.26	0
5	5	216	180	8.29	5.06	0
5	6	53	10	5.56	1.15	0
5	7	64	381	9.97	2.76	0
5	8	242	379	7.79	4.24	0
5	9	37	204	8.55	3.42	0
6	0	285	99	9.14	5.14	0
6	1	21	285	8.56	4.93	0
6	2	341	285	9.65	2	0
6	3	353	268	5.45	4.58	0
6	4	341	50	5.24	4.26	0
6	5	219	172	8.29	5.06	0
6	6	55	15	5.56	1.15	0
6	7	55	385	9.97	2.76	0
6	8	239	372	7.79	4.24	0
6	9	29	201	8.55	3.42	0
7	0	289	91	9.14	5.14	0
7	1	23	277	8.56	4.93	0
7	2	337	294	9.65	2	0
7	3	352	262	5.45	4.58	0
7	4	339	45	5.24	4.26	0
7	5	222	165	8.29	5.06	0
7	6	58	20	5.56	1.15	0
7	7	46	388	9.97	2.76	0
7	8	235	365	7.79	4.24	0
7	9	21	199	8.55	3.42	0
8	0	293	83	9.14	5.14	0
8	1	25	268	8.56	4.93	0
8	2	333	303	9.65	2	0
8	3	351	257	5.45	4.58	0
8	4	336	41	5.24	4.26	0
8	5	225	157	8.29	5.06	0
8	6	60	25	5.56	1.15	0
8	7	36	392	9.97	2.76	0
8	8	232	358	7.79	4.24	0
8	9	13	197	8.55	3.42	0
9	0	296	74	9.14	5.14	0
9	1	27	260	8.56	4.93	0
9	2	329	312	9.65	2	0
9	3	351	251	5.45	4.58	0
9	4	334	36	5.24	4.26	0
9	5	227	149	8.29	5.06	0
9	6	62	30	5.56	1.15	0
9	7	27	396	9.97	2.76	0
9	8	228	351	7.79	4.24	0
9	9	5	194	8.55	3.42	0
10	0	300	66	9.14	5.14	0
10	1	28	252	8.56	4.93	0
10	2	325	320	9.65	2	0
10	3	350	246	5.45	4.58	0
10	4	332	31	5.24	4.26	0
10	5	230	141	8.29	5.06	0
10	6	64	35	5.56	1.15	0
10	7	9	396	9.97	3.52	0
10	8	225	344	7.79	4.24	0
10	9	8	191	8.55	6	0
11	0	304	58	9.14	5.14	0
11	1	30	243	8.56	4.93	0
11	2	321	329	9.65	2	0
11	3	349	241	5.45	4.58	0
11	4	330	26	5.24	4.26	0
11	5	233	133	8.29	5.06	0
11	6	67	40	5.56	1.15	0
11	7	9	388	9.97	5.9	0
11	8	221	337	7.79	4.24	0
11	9	16	188	8.55	6	0
12	0	308	49	9.14	5.14	0
12	1	32	235	8.56	4.93	0
12	2	317	338	9.65	2	0
12	3	349	235	5.45	4.58	0
12	4	327	22	5.24	4.26	0
12	5	236	126	8.29	5.06	0
12	6	69	45	5.56	1.15	0
12	7	18	385	9.97	5.9	0
12	8	218	330	7.79	4.24	0
12	9	24	186	8.55	6	0
13	0	311	41	9.14	5.14	0
13	1	34	227	8.56	4.93	0
13	2	312	347	9.65	2	0
13	3	348	230	5.45	4.58	0
13	4	325	17	5.24	4.26	0
13	5	239	118	8.29	5.06	0
13	6	71	50	5.56	1.15	1.4
13	7	27	381	9.97	5.9	0
13	8	214	323	7.79	4.24	0
13	9	32	184	8.55	6	31.89
14	0	315	33	9.14	5.14	0
14	1	36	218	8.56	4.93	0
14	2	308	355	9.65	2	0
14	3	347	224	5.45	4.58	0
14	4	323	12	5.24	4.26	0
14	5	242	110	8.29	5.06	0
14	6	74	55	5.56	1.15	11.54
14	7	37	377	9.97	5.9	0
14	8	211	316	7.79	4.24	0
14	9	41	181	8.55	6	36.6
15	0	319	24	9.14	5.14	0
15	1	38	210	8.56	4.93	0
15	2	304	364	9.65	2	0
15	3	346	219	5.45	4.58	0
15	4	321	8	5.24	4.26	0
15	5	245	102	8.29	5.06	0
15	6	76	60	5.56	1.15	21.68
15	7	46	374	9.97	5.9	0
15	8	207	309	7.79	4.24	0
15	9	49	179	8.55	6	41.31
16	0	323	16	9.14	5.14	0
16	1	40	202	8.56	4.93	0
16	2	300	373	9.65	2	0
16	3	346	213	5.45	4.58	0
16	4	318	3	5.24	4.26	0
16	5	247	94	8.29	5.06	0
16	6	78	65	5.56	1.15	31.82
16	7	55	370	9.97	5.9	0
16	8	204	302	7.79	4.24	0
16	9	57	176	8.55	6	46.02
